Date,Stock Splits
2017-04-03,1:8
2023-08-18,1:10