Date,Open,High,Low,Close,Adj Close,Volume,Market Cap,Delta,DeltaPercent
2021-12-16,22.0,22.0,12.735,14.73,14.73,180300,179520000.0,-7.27,-33.04545454545455
2021-12-17,13.0,14.5,12.35,13.0,13.0,67800,106080000.0,0.0,0.0
2021-12-20,13.0,13.0,12.25,12.85,12.85,17600,106080000.0,-0.15000000000000036,-1.1538461538461564
2021-12-21,12.85,13.7,12.521,12.75,12.75,26000,104856000.0,-0.09999999999999964,-0.7782101167315147
2021-12-22,12.54,13.3,12.34,12.4,12.4,65000,102326400.0,-0.1399999999999988,-1.1164274322168963
2021-12-23,12.51,12.76,12.35,12.35,12.35,9400,102081600.0,-0.16000000000000014,-1.278976818545165
2021-12-27,12.84,12.84,12.05,12.54,12.54,39900,104774400.0,-0.3000000000000007,-2.3364485981308465
2021-12-28,12.75,12.75,12.29,12.561,12.561,6400,104040000.0,-0.18900000000000006,-1.482352941176471
2021-12-29,12.6,12.65,12.35,12.38,12.38,5200,102816000.0,-0.21999999999999886,-1.7460317460317372
2021-12-30,12.99,13.0,12.507,12.507,12.507,1300,105998400.0,-0.48300000000000054,-3.718244803695154
2021-12-31,12.74,12.74,12.35,12.55,12.55,7800,103958400.0,-0.1899999999999995,-1.4913657770800588
2022-01-03,12.55,12.55,12.36,12.502,12.502,9600,102408000.0,-0.04800000000000004,-0.3824701195219127
2022-01-04,12.55,12.62,10.72,11.76,11.76,9000,102408000.0,-0.7900000000000009,-6.294820717131482
2022-01-05,11.879,11.89,10.85,11.77,11.77,2300,96932640.0,-0.10899999999999999,-0.917585655358195
2022-01-06,11.52,11.52,11.52,11.52,11.52,700,94003200.0,0.0,0.0
2022-01-07,10.53,12.55,10.53,11.55,11.55,11100,85924800.0,1.0200000000000014,9.6866096866097
2022-01-10,12.36,12.5,11.725,11.725,11.725,7700,100857600.0,-0.6349999999999998,-5.137540453074433
2022-01-11,11.94,12.54,11.93,12.51,12.51,4700,97430400.0,0.5700000000000003,4.773869346733671
2022-01-12,13.76,13.76,12.413,12.55,12.55,7700,112281600.0,-1.209999999999999,-8.793604651162784
2022-01-13,13.5,13.5,12.05,12.4,12.4,4800,110160000.0,-1.0999999999999996,-8.148148148148145
2022-01-14,12.42,12.585,12.42,12.42,12.42,10400,101347200.0,0.0,0.0
2022-01-18,12.9,12.9,12.656,12.66,12.66,5100,105264000.0,-0.2400000000000002,-1.8604651162790715
2022-01-19,12.7,12.86,11.75,12.49,12.49,6700,103632000.0,-0.20999999999999908,-1.6535433070866068
2022-01-20,12.785,12.785,11.95,12.01,12.01,7200,104325600.0,-0.7750000000000004,-6.061791161517406
2022-01-21,12.92,12.96,12.09,12.42,12.42,3100,105427200.0,-0.5,-3.8699690402476783
2022-01-24,12.42,12.533,11.51,11.804,11.804,15700,101347200.0,-0.6159999999999997,-4.959742351046696
2022-01-25,11.67,12.97,11.67,12.97,12.97,9500,95227200.0,1.3000000000000007,11.139674378748934
2022-01-26,12.97,12.97,11.88,11.88,11.88,1100,105835200.0,-1.0899999999999999,-8.404009252120275
2022-01-27,11.04,11.5,10.12,10.7,10.7,3200,90086400.0,-0.33999999999999986,-3.0797101449275353
2022-01-28,10.85,11.39,10.85,10.85,10.85,2900,88536000.0,0.0,0.0
2022-01-31,11.23,11.65,11.2,11.229,11.229,4300,91636800.0,-0.0010000000000012221,-0.008904719501346591
2022-02-01,11.301,11.35,10.65,11.35,11.35,1300,92216160.0,0.04899999999999949,0.43358994779222626
2022-02-02,11.7,11.7,10.28,11.34,11.34,12900,95472000.0,-0.35999999999999943,-3.076923076923072
2022-02-03,10.75,12.37,10.635,12.0,12.0,18100,87720000.0,1.25,11.627906976744185
2022-02-04,12.99,12.99,11.69,11.69,11.69,4900,105998400.0,-1.3000000000000007,-10.007698229407241
2022-02-07,11.69,11.69,11.69,11.69,11.69,0,95390400.0,0.0,0.0
2022-02-08,11.75,12.49,11.7,12.49,12.49,8800,95880000.0,0.7400000000000002,6.297872340425534
2022-02-09,12.5,12.5,12.5,12.5,12.5,400,102000000.0,0.0,0.0
2022-02-10,11.51,12.45,11.365,11.93,11.93,10000,93921600.0,0.41999999999999993,3.64900086880973
2022-02-11,11.5,11.584,10.93,10.93,10.93,7100,93840000.0,-0.5700000000000003,-4.956521739130437
2022-02-14,11.0,11.0,10.7,10.7,10.7,2000,89760000.0,-0.3000000000000007,-2.7272727272727337
2022-02-15,10.5,11.65,10.0,10.52,10.52,13800,85680000.0,0.019999999999999574,0.1904761904761864
2022-02-16,10.3,10.3,10.15,10.2,10.2,4700,84048000.0,-0.10000000000000142,-0.9708737864077808
2022-02-17,10.0,10.63,10.0,10.3,10.3,4300,81600000.0,0.3000000000000007,3.000000000000007
2022-02-18,10.4,10.4,10.3,10.3,10.3,2000,84864000.0,-0.09999999999999964,-0.9615384615384581
2022-02-22,10.26,10.375,10.0,10.0,10.0,7700,83721600.0,-0.2599999999999998,-2.534113060428848
2022-02-23,9.0,10.29,8.89,10.0,10.0,5800,73440000.0,1.0,11.11111111111111
2022-02-24,10.0,10.0,10.0,10.0,10.0,1000,81600000.0,0.0,0.0
2022-02-25,9.7,9.7,9.7,9.7,9.7,700,79152000.0,0.0,0.0
2022-02-28,9.98,10.2,9.34,10.2,10.2,3000,81436800.0,0.21999999999999886,2.2044088176352594
2022-03-01,10.2,10.2,10.2,10.2,10.2,0,83232000.0,0.0,0.0
2022-03-02,10.2,10.2,10.2,10.2,10.2,700,83232000.0,0.0,0.0
2022-03-03,10.03,10.75,10.03,10.75,10.75,1900,81844800.0,0.7200000000000006,7.178464606181463
2022-03-04,10.75,10.75,10.75,10.75,10.75,0,87720000.0,0.0,0.0
2022-03-07,10.75,10.75,10.75,10.75,10.75,0,87720000.0,0.0,0.0
2022-03-08,10.0,10.0,9.53,9.53,9.53,900,81600000.0,-0.47000000000000064,-4.700000000000006
2022-03-09,9.49,9.49,8.81,8.81,8.81,400,77438400.0,-0.6799999999999997,-7.165437302423601
2022-03-10,8.6,8.6,8.6,8.6,8.6,800,70176000.0,0.0,0.0
2022-03-11,8.87,9.29,8.87,9.29,9.29,1800,72379200.0,0.41999999999999993,4.735062006764374
2022-03-14,9.29,9.29,9.29,9.29,9.29,0,75806400.0,0.0,0.0
2022-03-15,8.47,8.47,8.47,8.47,8.47,200,69115200.0,0.0,0.0
2022-03-16,8.47,8.47,8.47,8.47,8.47,0,69115200.0,0.0,0.0
2022-03-17,8.47,8.47,8.47,8.47,8.47,0,69115200.0,0.0,0.0
2022-03-18,8.47,8.47,8.47,8.47,8.47,0,69115200.0,0.0,0.0
2022-03-21,8.7,8.7,8.7,8.7,8.7,200,70992000.0,0.0,0.0
2022-03-22,8.7,8.7,8.7,8.7,8.7,0,70992000.0,0.0,0.0
2022-03-23,8.53,8.53,8.53,8.53,8.53,600,69604800.0,0.0,0.0
2022-03-24,8.53,8.53,8.53,8.53,8.53,0,69604800.0,0.0,0.0
2022-03-25,8.53,8.53,8.53,8.53,8.53,300,69604800.0,0.0,0.0
2022-03-28,8.53,8.53,8.53,8.53,8.53,0,69604800.0,0.0,0.0
2022-03-29,8.53,8.53,8.53,8.53,8.53,100,69604800.0,0.0,0.0
2022-03-30,8.42,10.87,5.7,8.5,8.5,92200,68707200.0,0.08000000000000007,0.9501187648456066
2022-03-31,7.79,8.5,7.79,8.5,8.5,1700,63566400.0,0.71,9.114249037227214
2022-04-01,7.59,8.155,7.59,8.155,8.155,700,61934400.0,0.5649999999999995,7.44400527009222
2022-04-04,8.44,8.44,7.6,8.36,8.36,800,68870400.0,-0.08000000000000007,-0.9478672985782
2022-04-05,8.5,10.29,8.5,9.4,9.4,3000,69360000.0,0.9000000000000004,10.58823529411765
2022-04-06,9.48,9.48,8.53,8.87,8.87,900,77356800.0,-0.6100000000000012,-6.434599156118156
2022-04-07,8.87,8.87,8.87,8.87,8.87,0,72379200.0,0.0,0.0
2022-04-08,8.87,8.87,8.87,8.87,8.87,0,72379200.0,0.0,0.0
2022-04-11,9.14,9.95,8.96,9.605,9.605,2600,74582400.0,0.46499999999999986,5.087527352297591
2022-04-12,9.35,10.001,9.35,9.975,9.975,20400,76296000.0,0.625,6.684491978609626
2022-04-13,9.15,9.79,8.795,8.8,8.8,17800,74664000.0,-0.34999999999999964,-3.8251366120218537
2022-04-14,9.68,9.79,8.8,9.5,9.5,6000,78988800.0,-0.17999999999999972,-1.8595041322314023
2022-04-18,8.7,8.79,8.7,8.76,8.76,1100,70992000.0,0.0600000000000005,0.6896551724137989
2022-04-19,8.0,8.78,8.0,8.535,8.535,2200,65280000.0,0.5350000000000001,6.687500000000002
2022-04-20,7.81,7.81,7.81,7.81,7.81,200,63729600.0,0.0,0.0
2022-04-21,7.51,9.21,7.51,8.39,8.39,3400,61281600.0,0.8800000000000008,11.717709720372847
2022-04-22,8.25,8.25,8.21,8.21,8.21,600,67320000.0,-0.03999999999999915,-0.48484848484847454
2022-04-25,8.21,8.21,8.21,8.21,8.21,0,66993600.00000001,0.0,0.0
2022-04-26,8.21,8.21,8.21,8.21,8.21,400,66993600.00000001,0.0,0.0
2022-04-27,7.65,8.28,7.64,8.06,8.06,3100,62424000.0,0.41000000000000014,5.359477124183008
2022-04-28,8.06,8.06,8.06,8.06,8.06,200,65769600.00000001,0.0,0.0
2022-04-29,7.8,7.8,7.8,7.8,7.8,600,63648000.0,0.0,0.0
2022-05-02,7.29,7.84,7.29,7.4,7.4,2400,59486400.0,0.11000000000000032,1.508916323731143
2022-05-03,7.4,7.4,7.4,7.4,7.4,0,60384000.0,0.0,0.0
2022-05-04,7.77,8.33,7.76,8.33,8.33,1000,63403200.0,0.5600000000000005,7.207207207207214
2022-05-05,8.33,8.33,8.33,8.33,8.33,0,67972800.0,0.0,0.0
2022-05-06,8.33,8.33,8.33,8.33,8.33,0,67972800.0,0.0,0.0
2022-05-09,8.33,8.33,8.33,8.33,8.33,0,67972800.0,0.0,0.0
2022-05-10,8.2,8.2,8.2,8.2,8.2,400,66911999.99999999,0.0,0.0
2022-05-11,8.2,8.2,8.2,8.2,8.2,0,66911999.99999999,0.0,0.0
2022-05-12,8.7,8.7,8.35,8.45,8.45,2100,70992000.0,-0.25,-2.873563218390805
2022-05-13,7.56,7.56,7.56,7.56,7.56,300,61689600.0,0.0,0.0
2022-05-16,7.56,7.56,7.56,7.56,7.56,0,61689600.0,0.0,0.0
2022-05-17,7.56,7.56,7.56,7.56,7.56,0,61689600.0,0.0,0.0
2022-05-18,7.56,7.56,7.56,7.56,7.56,0,61689600.0,0.0,0.0
2022-05-19,7.56,7.56,7.56,7.56,7.56,0,61689600.0,0.0,0.0
2022-05-20,7.56,7.56,7.56,7.56,7.56,0,61689600.0,0.0,0.0
2022-05-23,7.56,7.56,7.56,7.56,7.56,0,61689600.0,0.0,0.0
2022-05-24,7.56,7.56,7.56,7.56,7.56,0,61689600.0,0.0,0.0
2022-05-25,7.56,7.56,7.56,7.56,7.56,0,61689600.0,0.0,0.0
2022-05-26,7.56,7.56,7.56,7.56,7.56,0,61689600.0,0.0,0.0
2022-05-27,7.56,7.56,7.56,7.56,7.56,0,61689600.0,0.0,0.0
2022-05-31,7.56,7.56,7.56,7.56,7.56,0,61689600.0,0.0,0.0
2022-06-01,7.56,7.56,7.56,7.56,7.56,0,61689600.0,0.0,0.0
2022-06-02,7.56,7.56,7.56,7.56,7.56,0,61689600.0,0.0,0.0
2022-06-03,7.56,7.56,7.56,7.56,7.56,0,61689600.0,0.0,0.0
2022-06-06,7.56,7.56,7.56,7.56,7.56,0,61689600.0,0.0,0.0
2022-06-07,7.56,7.56,7.56,7.56,7.56,0,61689600.0,0.0,0.0
2022-06-08,7.56,7.56,7.56,7.56,7.56,0,61689600.0,0.0,0.0
2022-06-09,7.56,7.56,7.56,7.56,7.56,0,61689600.0,0.0,0.0
2022-06-10,7.56,7.56,7.56,7.56,7.56,0,61689600.0,0.0,0.0
2022-06-13,6.56,6.56,6.5,6.5,6.5,400,53529600.0,-0.05999999999999961,-0.9146341463414575
2022-06-14,6.5,6.5,6.5,6.5,6.5,0,53040000.0,0.0,0.0
2022-06-15,6.5,6.5,6.5,6.5,6.5,0,53040000.0,0.0,0.0
2022-06-16,6.5,6.5,6.5,6.5,6.5,0,53040000.0,0.0,0.0
2022-06-17,6.5,6.5,6.5,6.5,6.5,0,53040000.0,0.0,0.0
2022-06-21,6.865,6.865,6.865,6.865,6.865,100,56018400.0,0.0,0.0
2022-06-22,6.55,6.55,6.55,6.55,6.55,200,53448000.0,0.0,0.0
2022-06-23,6.55,6.55,6.55,6.55,6.55,0,53448000.0,0.0,0.0
2022-06-24,6.55,6.55,6.55,6.55,6.55,0,53448000.0,0.0,0.0
2022-06-27,6.55,6.55,6.55,6.55,6.55,0,53448000.0,0.0,0.0
2022-06-28,7.14,7.887,7.14,7.8,7.8,6400,58262400.0,0.6600000000000001,9.2436974789916
2022-06-29,7.801,7.801,7.05,7.05,7.05,1300,63656160.0,-0.7510000000000003,-9.626970901166521
2022-06-30,7.89,7.89,6.99,6.99,6.99,800,64382400.0,-0.8999999999999995,-11.406844106463872
2022-07-01,6.99,6.99,6.99,6.99,6.99,0,57038400.0,0.0,0.0
2022-07-05,6.99,6.99,6.99,6.99,6.99,0,57038400.0,0.0,0.0
2022-07-06,6.99,6.99,6.99,6.99,6.99,0,57038400.0,0.0,0.0
2022-07-07,7.81,7.81,7.03,7.03,7.03,500,63729600.0,-0.7799999999999994,-9.987195902688853
2022-07-08,7.69,7.69,7.65,7.65,7.65,300,62750400.0,-0.040000000000000036,-0.5201560468140447
2022-07-11,7.29,7.29,7.29,7.29,7.29,100,59486400.0,0.0,0.0
2022-07-12,7.29,7.29,7.29,7.29,7.29,0,59486400.0,0.0,0.0
2022-07-13,7.29,7.29,7.29,7.29,7.29,0,59486400.0,0.0,0.0
2022-07-14,6.82,7.325,6.8,7.325,7.325,1200,55651200.0,0.5049999999999999,7.404692082111435
2022-07-15,7.325,7.325,7.325,7.325,7.325,0,59772000.0,0.0,0.0
2022-07-18,7.325,7.325,7.325,7.325,7.325,0,59772000.0,0.0,0.0
2022-07-19,7.325,7.325,7.325,7.325,7.325,0,59772000.0,0.0,0.0
2022-07-20,7.325,7.325,7.325,7.325,7.325,0,59772000.0,0.0,0.0
2022-07-21,7.8,7.8,7.8,7.8,7.8,300,63648000.0,0.0,0.0
2022-07-22,7.8,7.8,7.8,7.8,7.8,0,63648000.0,0.0,0.0
2022-07-25,7.8,7.8,7.8,7.8,7.8,0,63648000.0,0.0,0.0
2022-07-26,7.18,7.56,6.9,7.56,7.56,2100,58588800.0,0.3799999999999999,5.292479108635096
2022-07-27,7.4,7.44,6.58,6.58,6.58,4600,60384000.0,-0.8200000000000003,-11.081081081081084
2022-07-28,6.58,6.58,6.58,6.58,6.58,0,53692800.0,0.0,0.0
2022-07-29,7.0,7.0,6.55,6.55,6.55,1300,57120000.0,-0.4500000000000002,-6.428571428571431
2022-08-01,6.54,6.54,6.54,6.54,6.54,200,53366400.0,0.0,0.0
2022-08-02,6.54,6.54,6.54,6.54,6.54,0,53366400.0,0.0,0.0
2022-08-03,6.54,6.54,6.54,6.54,6.54,0,53366400.0,0.0,0.0
2022-08-04,6.54,6.54,6.54,6.54,6.54,0,53366400.0,0.0,0.0
2022-08-05,6.54,6.54,6.54,6.54,6.54,0,53366400.0,0.0,0.0
2022-08-08,6.54,6.54,6.54,6.54,6.54,0,53366400.0,0.0,0.0
2022-08-09,6.32,6.32,6.32,6.32,6.32,100,51571200.0,0.0,0.0
2022-08-10,6.32,6.32,6.32,6.32,6.32,200,51571200.0,0.0,0.0
2022-08-11,6.32,6.32,6.32,6.32,6.32,0,51571200.0,0.0,0.0
2022-08-12,7.0,7.0,6.81,6.81,6.81,500,57120000.0,-0.1900000000000004,-2.7142857142857197
2022-08-15,7.61,7.61,6.32,7.1,7.1,15500,62097600.0,-0.5100000000000007,-6.701708278580823
2022-08-16,7.45,7.55,6.09,7.11,7.11,10500,60792000.0,-0.33999999999999986,-4.563758389261743
2022-08-17,7.11,7.11,7.11,7.11,7.11,0,58017600.0,0.0,0.0
2022-08-18,7.2,7.65,7.11,7.25,7.25,2400,58752000.0,0.04999999999999982,0.694444444444442
2022-08-19,7.36,8.18,7.2,8.149,8.149,6900,60057600.0,0.7889999999999988,10.720108695652158
2022-08-22,7.37,7.37,7.37,7.37,7.37,1300,60139200.0,0.0,0.0
2022-08-23,7.11,8.3,7.11,7.842,7.842,1300,58017600.0,0.7319999999999993,10.29535864978902
2022-08-24,7.84,7.84,7.68,7.68,7.68,300,63974400.0,-0.16000000000000014,-2.040816326530614
2022-08-25,8.18,8.4,8.0,8.25,8.25,2600,66748800.0,0.07000000000000028,0.855745721271397
2022-08-26,7.5,8.12,7.4,7.7,7.7,2800,61200000.0,0.20000000000000018,2.6666666666666687
2022-08-29,7.7,7.7,7.7,7.7,7.7,0,62832000.0,0.0,0.0
2022-08-30,7.7,7.7,7.7,7.7,7.7,0,62832000.0,0.0,0.0
2022-08-31,7.7,7.7,7.7,7.7,7.7,1300,62832000.0,0.0,0.0
2022-09-01,8.35,8.58,8.35,8.58,8.58,400,68136000.0,0.23000000000000043,2.754491017964077
2022-09-02,8.36,9.5,8.15,9.12,9.12,3000,68217600.0,0.7599999999999998,9.090909090909088
2022-09-06,9.12,9.12,9.12,9.12,9.12,0,74419200.0,0.0,0.0
2022-09-07,8.86,9.8,8.62,8.8,8.8,5700,72297600.0,-0.05999999999999872,-0.6772009029345228
2022-09-08,8.2,8.94,8.2,8.521,8.521,2000,66911999.99999999,0.3210000000000015,3.914634146341482
2022-09-09,8.2,8.2,8.2,8.2,8.2,200,66911999.99999999,0.0,0.0
2022-09-12,8.2,8.2,8.2,8.2,8.2,300,66911999.99999999,0.0,0.0
2022-09-13,8.2,8.2,8.2,8.2,8.2,0,66911999.99999999,0.0,0.0
2022-09-14,7.688,7.688,7.688,7.688,7.688,200,62734080.0,0.0,0.0
2022-09-15,7.25,7.4,7.25,7.38,7.38,1000,59160000.0,0.1299999999999999,1.7931034482758605
2022-09-16,7.0,7.186,7.0,7.186,7.186,200,57120000.0,0.18599999999999994,2.657142857142856
2022-09-19,7.186,7.186,7.186,7.186,7.186,0,58637760.0,0.0,0.0
2022-09-20,6.81,8.0,6.81,7.51,7.51,1100,55569600.0,0.7000000000000002,10.279001468428785
2022-09-21,7.71,7.92,7.2,7.22,7.22,4800,62913600.0,-0.4900000000000002,-6.355382619974062
2022-09-22,7.22,7.22,7.22,7.22,7.22,0,58915200.0,0.0,0.0
2022-09-23,7.22,7.22,7.22,7.22,7.22,0,58915200.0,0.0,0.0
2022-09-26,6.65,6.65,6.0,6.0,6.0,1300,54264000.0,-0.6500000000000004,-9.774436090225569
2022-09-27,5.4,6.0,5.3,6.0,6.0,2600,44064000.0,0.5999999999999996,11.111111111111104
2022-09-28,6.0,6.0,6.0,6.0,6.0,0,48960000.0,0.0,0.0
2022-09-29,6.59,7.09,6.073,6.3,6.3,2400,53774400.0,-0.29000000000000004,-4.400606980273142
2022-09-30,6.0,7.18,6.0,6.266,6.266,2500,48960000.0,0.266,4.433333333333334
2022-10-03,7.793,7.793,7.0,7.0,7.0,300,63590880.0,-0.7930000000000001,-10.1757987937893
2022-10-04,7.016,7.18,7.012,7.14,7.14,2100,57250560.0,0.12399999999999967,1.7673888255416146
2022-10-05,7.53,7.675,6.9,7.675,7.675,3500,61444800.0,0.14499999999999957,1.9256308100929556
2022-10-06,7.85,8.4,6.95,7.5,7.5,6000,64056000.0,-0.34999999999999964,-4.458598726114645
2022-10-07,7.66,7.66,6.67,7.3,7.3,4200,62505600.0,-0.3600000000000003,-4.69973890339426
2022-10-10,6.75,7.3,6.75,7.25,7.25,1900,55080000.0,0.5,7.4074074074074066
2022-10-11,7.3,7.85,7.25,7.25,7.25,800,59568000.0,-0.04999999999999982,-0.6849315068493127
2022-10-12,7.58,7.58,7.58,7.58,7.58,300,61852800.0,0.0,0.0
2022-10-13,7.5,7.5,7.5,7.5,7.5,300,61200000.0,0.0,0.0
2022-10-14,8.62,8.8,8.5,8.8,8.8,1100,70339200.0,0.1800000000000015,2.0881670533642867
2022-10-17,8.628,8.628,8.628,8.628,8.628,100,70404480.0,0.0,0.0
2022-10-18,8.628,8.628,8.628,8.628,8.628,300,70404480.0,0.0,0.0
2022-10-19,8.75,8.75,8.58,8.58,8.58,800,71400000.0,-0.16999999999999993,-1.942857142857142
2022-10-20,8.58,8.58,8.58,8.58,8.58,0,70012800.0,0.0,0.0
2022-10-21,8.58,8.58,8.58,8.58,8.58,0,70012800.0,0.0,0.0
2022-10-24,8.55,8.57,8.55,8.57,8.57,300,69768000.0,0.019999999999999574,0.23391812865496572
2022-10-25,8.57,8.57,8.57,8.57,8.57,0,69931200.0,0.0,0.0
2022-10-26,8.95,8.95,8.5,8.77,8.77,500,73032000.0,-0.17999999999999972,-2.011173184357539
2022-10-27,9.4,10.9,9.4,9.67,9.67,2800,76704000.0,0.2699999999999996,2.8723404255319105
2022-10-28,9.67,9.68,8.25,8.25,8.25,4000,78907200.0,-1.42,-14.68459152016546
2022-10-31,8.25,8.25,8.25,8.25,8.25,600,67320000.0,0.0,0.0
2022-11-01,8.25,8.25,8.25,8.25,8.25,0,67320000.0,0.0,0.0
2022-11-02,7.466,8.0,7.466,8.0,8.0,500,60922560.0,0.5339999999999998,7.152424323600319
2022-11-03,8.0,8.0,8.0,8.0,8.0,0,65280000.0,0.0,0.0
2022-11-04,8.22,9.7,8.05,8.29,8.29,11100,67075200.00000001,0.06999999999999851,0.8515815085157968
2022-11-07,8.29,8.29,8.29,8.29,8.29,0,67646400.0,0.0,0.0
2022-11-08,8.19,9.89,8.02,9.02,9.02,10800,66830399.99999999,0.8300000000000001,10.134310134310136
2022-11-09,8.42,10.375,8.42,9.35,9.35,12300,68707200.0,0.9299999999999997,11.045130641330163
2022-11-10,9.65,9.75,8.52,8.65,8.65,5800,78744000.0,-1.0,-10.362694300518134
2022-11-11,8.65,8.65,8.65,8.65,8.65,0,70584000.0,0.0,0.0
2022-11-14,8.3,8.5,7.897,8.5,8.5,7300,67728000.0,0.1999999999999993,2.4096385542168584
2022-11-15,8.5,8.5,8.5,8.5,8.5,100,69360000.0,0.0,0.0
2022-11-16,8.25,8.5,8.25,8.5,8.5,1500,67320000.0,0.25,3.0303030303030303
2022-11-17,7.1,7.45,7.0,7.02,7.02,164500,57936000.0,-0.08000000000000007,-1.1267605633802829
2022-11-18,7.1,7.38,7.05,7.24,7.24,24300,57936000.0,0.14000000000000057,1.971830985915501
2022-11-21,7.25,7.33,7.24,7.24,7.24,15200,59160000.0,-0.009999999999999787,-0.13793103448275568
2022-11-22,7.24,7.25,7.2,7.2,7.2,12400,59078400.0,-0.040000000000000036,-0.5524861878453043
2022-11-23,7.15,7.19,7.15,7.19,7.19,4200,58344000.0,0.040000000000000036,0.5594405594405599
2022-11-25,7.15,7.15,7.15,7.15,7.15,2900,58344000.0,0.0,0.0
2022-11-28,7.15,7.15,6.88,7.0,7.0,23500,58344000.0,-0.15000000000000036,-2.097902097902103
2022-11-29,7.01,7.01,6.91,6.94,6.94,11300,57201600.0,-0.0699999999999994,-0.9985734664764536
2022-11-30,6.92,7.0,6.9,7.0,7.0,2200,56467200.0,0.08000000000000007,1.1560693641618507
2022-12-01,6.95,6.98,6.75,6.95,6.95,14500,56712000.0,0.0,0.0
2022-12-02,7.0,7.0,6.9,6.9,6.9,1200,57120000.0,-0.09999999999999964,-1.4285714285714235
2022-12-05,6.9,6.9,6.9,6.9,6.9,5100,56304000.0,0.0,0.0
2022-12-06,6.9,6.9,6.4,6.7,6.7,6000,56304000.0,-0.20000000000000018,-2.898550724637684
2022-12-07,6.4,6.9,6.15,6.15,6.15,4900,52224000.0,-0.25,-3.90625
2022-12-08,6.54,6.8,6.27,6.535,6.535,7900,53366400.0,-0.004999999999999893,-0.07645259938837758
2022-12-09,6.8,6.8,6.51,6.51,6.51,2100,55488000.0,-0.29000000000000004,-4.264705882352942
2022-12-12,6.8,6.8,6.66,6.66,6.66,600,55488000.0,-0.13999999999999968,-2.05882352941176
2022-12-13,6.66,6.66,6.66,6.66,6.66,0,54345600.0,0.0,0.0
2022-12-14,6.8,6.8,6.28,6.8,6.8,900,55488000.0,0.0,0.0
2022-12-15,6.8,6.8,6.8,6.8,6.8,100,55488000.0,0.0,0.0
2022-12-16,6.8,6.8,6.8,6.8,6.8,0,55488000.0,0.0,0.0
2022-12-19,5.89,5.89,5.89,5.89,5.89,400,48062400.0,0.0,0.0
2022-12-20,4.95,4.95,4.94,4.94,4.94,400,40392000.0,-0.009999999999999787,-0.20202020202019771
2022-12-21,4.956,4.956,4.9,4.9,4.9,700,40440960.0,-0.05600000000000005,-1.1299435028248597
2022-12-22,4.88,4.88,4.71,4.71,4.71,500,39820800.0,-0.16999999999999993,-3.4836065573770476
2022-12-23,4.71,4.71,4.71,4.71,4.71,0,38433600.0,0.0,0.0
2022-12-27,4.71,4.71,4.71,4.71,4.71,0,38433600.0,0.0,0.0
2022-12-28,4.71,4.71,4.71,4.71,4.71,1100,38433600.0,0.0,0.0
2022-12-29,4.65,4.65,4.65,4.65,4.65,5000,37944000.0,0.0,0.0
2022-12-30,4.65,5.85,4.25,4.65,4.65,19100,37944000.0,0.0,0.0
2023-01-03,4.51,4.51,4.13,4.13,4.13,200,36801600.0,-0.3799999999999999,-8.425720620842569
2023-01-04,4.13,4.13,4.13,4.13,4.13,0,33700800.0,0.0,0.0
2023-01-05,4.13,4.13,4.13,4.13,4.13,0,33700800.0,0.0,0.0
2023-01-06,3.92,4.16,3.8,3.8,3.8,5100,31987200.0,-0.1200000000000001,-3.061224489795921
2023-01-09,3.8,3.86,3.51,3.83,3.83,2500,31008000.0,0.03000000000000025,0.789473684210533
2023-01-10,3.59,4.5,3.59,4.5,4.5,5000,29294400.0,0.9100000000000001,25.348189415041787
2023-01-11,3.6,5.07,3.6,4.7,4.7,8800,29376000.0,1.1,30.555555555555557
2023-01-12,4.7,4.7,4.7,4.7,4.7,0,38352000.0,0.0,0.0
2023-01-13,4.2,4.28,4.13,4.28,4.28,1900,34272000.0,0.08000000000000007,1.9047619047619064
2023-01-17,4.75,4.75,4.16,4.35,4.35,2400,38760000.0,-0.40000000000000036,-8.421052631578956
2023-01-18,4.13,4.195,4.02,4.1,4.1,2400,33700800.0,-0.03000000000000025,-0.7263922518159867
2023-01-19,4.19,4.19,3.8,4.05,4.05,2600,34190400.0,-0.14000000000000057,-3.341288782816242
2023-01-20,3.97,4.44,3.97,4.05,4.05,30300,32395200.0,0.07999999999999963,2.0151133501259353
2023-01-23,4.07,4.28,3.66,4.16,4.16,3500,33211200.000000004,0.08999999999999986,2.2113022113022076
2023-01-24,4.89,4.89,3.6,4.2,4.2,31800,39902400.0,-0.6899999999999995,-14.110429447852752
2023-01-25,4.05,4.25,3.65,3.96,3.96,73600,33048000.0,-0.08999999999999986,-2.2222222222222188
2023-01-26,3.85,5.45,3.84,4.4,4.4,22500,31416000.0,0.5500000000000003,14.285714285714294
2023-01-27,4.5,5.325,4.02,4.275,4.275,40500,36720000.0,-0.22499999999999964,-4.999999999999992
2023-01-30,4.07,4.48,3.84,4.01,4.01,5200,33211200.000000004,-0.0600000000000005,-1.4742014742014864
2023-01-31,4.01,4.2,3.98,4.0,4.0,1600,32721600.0,-0.009999999999999787,-0.24937655860348598
2023-02-01,4.15,4.5,3.87,4.18,4.18,17200,33864000.0,0.02999999999999936,0.7228915662650447
2023-02-02,4.015,4.48,4.015,4.1,4.1,8300,32762399.999999996,0.08499999999999996,2.11706102117061
2023-02-03,4.1,4.217,4.1,4.16,4.16,1400,33455999.999999996,0.0600000000000005,1.4634146341463536
2023-02-06,4.2,4.2,4.2,4.2,4.2,400,34272000.0,0.0,0.0
2023-02-07,4.101,4.36,4.0,4.0,4.0,1900,33464160.0,-0.10099999999999998,-2.462813947817605
2023-02-08,4.21,4.63,3.78,3.78,3.78,4300,34353600.0,-0.43000000000000016,-10.213776722090264
2023-02-09,4.15,4.15,3.915,4.05,4.05,1500,33864000.0,-0.10000000000000053,-2.40963855421688
2023-02-10,3.788,3.788,3.788,3.788,3.788,900,30910080.0,0.0,0.0
2023-02-13,4.0,4.0,4.0,4.0,4.0,700,32640000.0,0.0,0.0
2023-02-14,4.2,4.27,4.15,4.16,4.16,900,34272000.0,-0.040000000000000036,-0.9523809523809532
2023-02-15,3.83,4.0,3.83,4.0,4.0,2000,31252800.0,0.16999999999999993,4.438642297650128
2023-02-16,4.0,4.0,4.0,4.0,4.0,0,32640000.0,0.0,0.0
2023-02-17,3.85,3.9,3.803,3.9,3.9,1000,31416000.0,0.04999999999999982,1.298701298701294
2023-02-21,3.8,3.8,3.8,3.8,3.8,300,31008000.0,0.0,0.0
2023-02-22,3.28,3.54,2.49,2.64,2.64,107000,26764800.0,-0.6399999999999997,-19.512195121951212
2023-02-23,2.78,2.98,2.6,2.89,2.89,44900,22684800.0,0.11000000000000032,3.956834532374112
2023-02-24,2.82,3.68,2.75,3.44,3.44,49900,23011200.0,0.6200000000000001,21.985815602836883
2023-02-27,3.87,3.87,3.02,3.2,3.2,10300,31579200.0,-0.6699999999999999,-17.312661498708007
2023-02-28,2.88,3.2,2.88,3.0,3.0,8500,23500800.0,0.1200000000000001,4.1666666666666705
2023-03-01,3.0,3.0,2.77,2.885,2.885,7800,24480000.0,-0.11500000000000021,-3.8333333333333406
2023-03-02,2.84,3.234,2.82,3.19,3.19,12300,23174400.0,0.3500000000000001,12.323943661971835
2023-03-03,2.872,3.129,2.872,3.08,3.08,3100,23435520.0,0.20800000000000018,7.242339832869088
2023-03-06,3.34,3.749,2.77,3.6,3.6,56200,27254400.0,0.26000000000000023,7.7844311377245585
2023-03-07,3.31,7.71,3.31,4.33,4.33,4623000,27009600.0,1.02,30.815709969788518
2023-03-08,3.72,5.26,3.5,4.65,4.65,1034800,30355200.0,0.9300000000000002,25.000000000000007
2023-03-09,4.93,5.22,3.43,3.43,3.43,390900,40228800.0,-1.4999999999999996,-30.425963488843806
2023-03-10,4.1,4.1,3.43,3.43,3.43,129200,33455999.999999996,-0.6699999999999995,-16.341463414634134
2023-03-13,3.25,3.438,3.0,3.08,3.08,73900,26520000.0,-0.16999999999999993,-5.230769230769228
2023-03-14,3.18,3.387,3.0,3.02,3.02,46100,25948800.0,-0.16000000000000014,-5.031446540880507
2023-03-15,2.95,3.003,2.52,2.75,2.75,66000,24072000.0,-0.20000000000000018,-6.7796610169491585
2023-03-16,2.74,2.75,2.4,2.45,2.45,80100,22358400.0,-0.29000000000000004,-10.583941605839417
2023-03-17,2.48,2.95,2.41,2.64,2.64,126200,20236800.0,0.16000000000000014,6.451612903225811
2023-03-20,2.75,2.768,2.525,2.59,2.59,37000,22440000.0,-0.16000000000000014,-5.818181818181823
2023-03-21,2.7,2.75,2.44,2.49,2.49,43300,22032000.0,-0.20999999999999996,-7.777777777777777
2023-03-22,2.5,2.51,2.33,2.45,2.45,14200,20400000.0,-0.04999999999999982,-1.9999999999999927
2023-03-23,2.36,2.61,2.22,2.4,2.4,54300,19257600.0,0.040000000000000036,1.6949152542372898
2023-03-24,2.35,2.425,2.2,2.25,2.25,26800,19176000.0,-0.10000000000000009,-4.255319148936174
2023-03-27,2.073,2.39,2.07,2.24,2.24,42900,16915680.0,0.16700000000000026,8.055957549445262
2023-03-28,2.17,2.49,2.06,2.18,2.18,32800,17707200.0,0.010000000000000231,0.46082949308756826
2023-03-29,2.12,2.214,1.99,2.06,2.06,31000,17299200.0,-0.06000000000000005,-2.8301886792452855
2023-03-30,2.2,2.2,1.8,1.8,1.8,53200,17952000.0,-0.40000000000000013,-18.181818181818183
2023-03-31,2.05,2.97,1.924,2.6,2.6,849600,16727999.999999998,0.5500000000000003,26.82926829268294
2023-04-03,2.62,2.62,2.0,2.26,2.26,105200,21379200.0,-0.3600000000000003,-13.740458015267187
2023-04-04,2.29,2.29,1.82,1.96,1.96,57800,18686400.0,-0.33000000000000007,-14.410480349344981
2023-04-05,1.96,2.08,1.88,2.08,2.08,43600,15993600.0,0.1200000000000001,6.122448979591842
2023-04-06,2.229,2.535,2.16,2.3,2.3,65900,18188640.0,0.07099999999999973,3.1852848811125942
2023-04-10,2.24,2.4,2.11,2.2,2.2,24600,18278400.0,-0.040000000000000036,-1.785714285714287
2023-04-11,2.16,2.3,2.03,2.13,2.13,50100,17625600.0,-0.03000000000000025,-1.3888888888889002
2023-04-12,2.02,2.1,2.01,2.07,2.07,10700,16483200.0,0.04999999999999982,2.4752475247524663
2023-04-13,2.1,2.323,2.02,2.21,2.21,22100,17136000.0,0.10999999999999988,5.238095238095232
2023-04-14,2.11,2.49,2.11,2.29,2.29,38500,17217600.0,0.18000000000000016,8.530805687203799
2023-04-17,2.25,2.45,2.17,2.25,2.25,8800,18360000.0,0.0,0.0
2023-04-18,2.48,2.48,2.23,2.3,2.3,10800,20236800.0,-0.18000000000000016,-7.258064516129038
2023-04-19,2.5,2.53,2.12,2.25,2.25,28700,20400000.0,-0.25,-10.0
2023-04-20,2.365,2.365,2.365,2.365,2.365,700,19298400.0,0.0,0.0
2023-04-21,2.26,2.35,2.26,2.35,2.35,7000,18441600.0,0.0900000000000003,3.982300884955766
2023-04-24,2.15,2.7,2.15,2.61,2.61,37400,17544000.0,0.45999999999999996,21.3953488372093
2023-04-25,2.67,2.75,2.56,2.56,2.56,13800,21787200.0,-0.10999999999999988,-4.1198501872659135
2023-04-26,2.56,2.56,2.06,2.16,2.16,33100,20889600.0,-0.3999999999999999,-15.624999999999996
2023-04-27,2.16,2.35,2.144,2.26,2.26,18500,17625600.0,0.09999999999999964,4.629629629629613
2023-04-28,2.26,2.472,2.215,2.25,2.25,6000,18441600.0,-0.009999999999999787,-0.44247787610618533
2023-05-01,2.26,2.345,2.22,2.24,2.24,3400,18441600.0,-0.019999999999999574,-0.8849557522123707
2023-05-02,2.25,2.25,2.14,2.19,2.19,1800,18360000.0,-0.06000000000000005,-2.6666666666666687
2023-05-03,2.22,2.22,2.2,2.2,2.2,1300,18115200.0,-0.020000000000000018,-0.9009009009009016
2023-05-04,2.214,2.35,2.214,2.35,2.35,1400,18066240.0,0.13600000000000012,6.142728093947611
2023-05-05,2.2,2.48,2.09,2.29,2.29,3700,17952000.0,0.08999999999999986,4.090909090909084
2023-05-08,2.3,2.457,2.24,2.25,2.25,5700,18768000.0,-0.04999999999999982,-2.173913043478253
2023-05-09,2.35,2.35,2.1,2.15,2.15,2200,19176000.0,-0.20000000000000018,-8.510638297872347
2023-05-10,2.26,2.27,2.22,2.26,2.26,6600,18441600.0,0.0,0.0
2023-05-11,2.35,2.37,2.31,2.36,2.36,4000,19176000.0,0.009999999999999787,0.4255319148936079
2023-05-12,2.37,2.7,2.365,2.53,2.53,32500,19339200.0,0.1599999999999997,6.751054852320662
2023-05-15,2.55,3.21,2.55,2.9,2.9,79400,20808000.0,0.3500000000000001,13.725490196078436
2023-05-16,2.87,2.87,2.64,2.7,2.7,6300,23419200.0,-0.16999999999999993,-5.923344947735189
2023-05-17,2.599,2.87,2.46,2.752,2.752,7100,21207840.0,0.15299999999999958,5.886879569065009
2023-05-18,2.68,2.837,2.52,2.72,2.72,1500,21868800.0,0.040000000000000036,1.492537313432837
2023-05-19,2.6,2.7,2.3,2.403,2.403,22600,21216000.0,-0.19700000000000006,-7.576923076923079
2023-05-22,2.72,2.72,2.21,2.37,2.37,13700,22195200.0,-0.3500000000000001,-12.86764705882353
2023-05-23,2.37,2.52,2.26,2.3,2.3,17400,19339200.0,-0.07000000000000028,-2.9535864978903072
2023-05-24,2.32,2.63,2.3,2.34,2.34,13000,18931200.0,0.020000000000000018,0.8620689655172422
2023-05-25,2.63,2.63,2.29,2.31,2.31,5900,21460800.0,-0.31999999999999984,-12.16730038022813
2023-05-26,2.35,2.39,2.3,2.31,2.31,8400,19176000.0,-0.040000000000000036,-1.7021276595744694
2023-05-30,2.31,2.35,2.08,2.18,2.18,30300,18849600.0,-0.1299999999999999,-5.627705627705623
2023-05-31,2.17,2.33,2.15,2.22,2.22,6800,17707200.0,0.050000000000000266,2.3041474654378002
2023-06-01,2.27,2.27,2.175,2.2,2.2,12100,18523200.0,-0.06999999999999984,-3.0837004405286272
2023-06-02,2.2,2.35,2.16,2.16,2.16,1800,17952000.0,-0.040000000000000036,-1.8181818181818195
2023-06-05,2.24,2.35,2.16,2.29,2.29,6700,18278400.0,0.04999999999999982,2.2321428571428488
2023-06-06,2.35,2.35,2.29,2.35,2.35,3800,19176000.0,0.0,0.0
2023-06-07,2.5,2.55,2.22,2.23,2.23,11600,20400000.0,-0.27,-10.8
2023-06-08,2.392,2.4,2.23,2.23,2.23,1800,19518720.0,-0.16199999999999992,-6.772575250836117
2023-06-09,2.5,2.5,2.26,2.26,2.26,1100,20400000.0,-0.2400000000000002,-9.600000000000009
2023-06-12,2.44,2.5,2.4,2.4,2.4,2000,19910400.0,-0.040000000000000036,-1.6393442622950833
2023-06-13,2.5,2.6,2.5,2.59,2.59,4600,20400000.0,0.08999999999999986,3.5999999999999943
2023-06-14,2.55,2.67,2.45,2.45,2.45,1000,20808000.0,-0.09999999999999964,-3.9215686274509665
2023-06-15,2.5,2.5,2.394,2.435,2.435,1500,20400000.0,-0.06499999999999995,-2.599999999999998
2023-06-16,2.55,2.745,2.468,2.745,2.745,14300,20808000.0,0.19500000000000028,7.647058823529424
2023-06-20,2.64,2.64,2.4,2.536,2.536,13600,21542400.0,-0.10400000000000009,-3.9393939393939426
2023-06-21,2.35,2.435,2.28,2.28,2.28,3000,19176000.0,-0.07000000000000028,-2.978723404255331
2023-06-22,2.13,2.23,2.13,2.18,2.18,4200,17380800.0,0.050000000000000266,2.3474178403755994
2023-06-23,2.15,2.37,2.06,2.06,2.06,5500,17544000.0,-0.08999999999999986,-4.186046511627901
2023-06-26,2.192,2.347,2.02,2.04,2.04,11300,17886720.0,-0.15200000000000014,-6.934306569343071
2023-06-27,2.1,2.1,2.088,2.1,2.1,6300,17136000.0,0.0,0.0
2023-06-28,2.28,2.28,2.04,2.06,2.06,1000,18604800.0,-0.21999999999999975,-9.649122807017534
2023-06-29,2.028,2.143,2.028,2.143,2.143,5300,16548480.0,0.11499999999999977,5.670611439842197
2023-06-30,2.265,2.265,2.2,2.2,2.2,600,18482400.0,-0.06499999999999995,-2.8697571743929338
2023-07-03,2.2,2.331,2.114,2.331,2.331,1100,17952000.0,0.13099999999999978,5.954545454545444
2023-07-05,2.5,2.573,2.35,2.35,2.35,6900,20400000.0,-0.1499999999999999,-5.9999999999999964
2023-07-06,2.46,2.46,2.35,2.35,2.35,900,20073600.0,-0.10999999999999988,-4.471544715447149
2023-07-07,2.28,2.35,2.28,2.35,2.35,1400,18604800.0,0.07000000000000028,3.070175438596504
2023-07-10,2.35,2.54,2.27,2.509,2.509,1500,19176000.0,0.1589999999999998,6.7659574468085015
2023-07-11,2.31,2.59,2.31,2.51,2.51,5300,18849600.0,0.19999999999999973,8.658008658008647
2023-07-12,2.477,2.55,2.47,2.55,2.55,1700,20212320.0,0.07299999999999995,2.9471134436818716
2023-07-13,2.57,2.69,2.45,2.58,2.58,9200,20971200.0,0.010000000000000231,0.3891050583657678
2023-07-14,2.53,2.69,2.5,2.69,2.69,10700,20644800.0,0.16000000000000014,6.324110671936765
2023-07-17,2.582,2.75,2.55,2.645,2.645,1700,21069120.0,0.06300000000000017,2.439969016266467
2023-07-18,2.543,2.543,2.45,2.45,2.45,3400,20750880.0,-0.09299999999999997,-3.657097915847423
2023-07-19,2.3,2.74,2.3,2.63,2.63,3000,18768000.0,0.33000000000000007,14.347826086956525
2023-07-20,2.45,2.606,2.45,2.562,2.562,1700,19992000.0,0.11199999999999966,4.571428571428557
2023-07-21,2.51,2.563,2.51,2.563,2.563,1000,20481600.0,0.05300000000000038,2.111553784860573
2023-07-24,2.563,2.563,2.563,2.563,2.563,0,20914080.0,0.0,0.0
2023-07-25,2.15,2.351,2.15,2.155,2.155,33100,17544000.0,0.004999999999999893,0.23255813953487878
2023-07-26,2.04,2.09,2.01,2.04,2.04,7500,16646400.0,0.0,0.0
2023-07-27,2.0,2.248,1.75,1.96,1.96,37900,16320000.0,-0.040000000000000036,-2.0000000000000018
2023-07-28,1.945,1.995,1.89,1.91,1.91,4600,15871200.0,-0.03500000000000014,-1.7994858611825266
2023-07-31,1.46,1.76,1.46,1.64,1.64,31100,11913600.0,0.17999999999999994,12.328767123287667
2023-08-01,1.64,1.97,1.63,1.69,1.69,38100,13382400.0,0.050000000000000044,3.048780487804881
2023-08-02,1.64,1.69,1.45,1.47,1.47,29300,13382400.0,-0.16999999999999993,-10.365853658536581
2023-08-03,1.5,1.73,1.5,1.646,1.646,17300,12240000.0,0.1459999999999999,9.733333333333327
2023-08-04,1.57,1.57,1.48,1.48,1.48,9300,12811200.0,-0.09000000000000008,-5.732484076433126
2023-08-07,2.09,2.5,1.27,1.29,1.29,1082900,17054400.0,-0.7999999999999998,-38.27751196172248
2023-08-08,1.29,1.72,1.21,1.27,1.27,207700,10526400.0,-0.020000000000000018,-1.5503875968992262
2023-08-09,1.36,1.59,1.3,1.53,1.53,68500,11097600.0,0.16999999999999993,12.499999999999995
2023-08-10,1.48,1.76,1.397,1.65,1.65,119800,12076800.0,0.16999999999999993,11.486486486486482
2023-08-11,1.6,1.73,1.51,1.51,1.51,70800,13056000.0,-0.09000000000000008,-5.625000000000005
2023-08-14,1.62,1.62,1.44,1.529,1.529,44700,13219200.0,-0.09100000000000019,-5.617283950617296
2023-08-15,1.63,1.63,1.42,1.45,1.45,7800,13300800.0,-0.17999999999999994,-11.04294478527607
2023-08-16,1.48,1.48,1.37,1.45,1.45,14300,12076800.0,-0.030000000000000027,-2.027027027027029
2023-08-17,1.57,1.6,1.38,1.45,1.45,32600,12811200.0,-0.1200000000000001,-7.643312101910834
2023-08-18,1.45,1.496,1.42,1.496,1.496,16200,11832000.0,0.04600000000000004,3.172413793103451
2023-08-21,1.45,1.52,1.354,1.374,1.374,34300,11832000.0,-0.07599999999999985,-5.241379310344818
2023-08-22,1.35,1.36,1.14,1.2,1.2,44100,11016000.0,-0.15000000000000013,-11.11111111111112
2023-08-23,1.27,1.49,1.26,1.39,1.39,124600,10363200.0,0.11999999999999988,9.448818897637786
2023-08-24,1.44,2.03,1.38,1.5,1.5,1529700,11750400.0,0.06000000000000005,4.1666666666666705
2023-08-25,1.85,2.0,1.53,1.53,1.53,519700,15096000.0,-0.32000000000000006,-17.297297297297302
2023-08-28,1.89,2.56,1.68,1.76,1.76,3713400,15422400.0,-0.1299999999999999,-6.878306878306873
2023-08-29,2.0,2.09,1.72,1.78,1.78,2459300,16320000.0,-0.21999999999999997,-10.999999999999998
2023-08-30,1.69,1.79,1.6,1.67,1.67,365300,13790400.0,-0.020000000000000018,-1.1834319526627228
2023-08-31,1.66,1.87,1.56,1.8,1.8,437400,13545600.0,0.14000000000000012,8.433734939759043
2023-09-01,1.89,1.98,1.74,1.97,1.97,261300,15422400.0,0.08000000000000007,4.232804232804237
2023-09-05,1.97,1.975,1.82,1.84,1.84,86000,16075200.0,-0.1299999999999999,-6.5989847715735985
2023-09-06,1.8,1.84,1.701,1.78,1.78,103600,14688000.0,-0.020000000000000018,-1.111111111111112
2023-09-07,1.84,1.93,1.74,1.83,1.83,167000,15014400.0,-0.010000000000000009,-0.5434782608695656
2023-09-08,1.78,2.05,1.78,1.84,1.84,336200,14524800.0,0.06000000000000005,3.3707865168539355
2023-09-11,1.94,2.05,1.84,1.86,1.86,342000,15830400.0,-0.07999999999999985,-4.123711340206178
2023-09-12,1.89,1.919,1.69,1.76,1.76,164700,15422400.0,-0.1299999999999999,-6.878306878306873
2023-09-13,1.85,2.09,1.63,1.79,1.79,1378100,15096000.0,-0.06000000000000005,-3.243243243243246
2023-09-14,1.45,1.6,1.34,1.34,1.34,658300,11832000.0,-0.10999999999999988,-7.586206896551715
2023-09-15,1.32,1.33,1.2,1.21,1.21,200600,10771200.0,-0.1100000000000001,-8.33333333333334
2023-09-18,1.29,1.29,1.17,1.19,1.19,74600,10526400.0,-0.10000000000000009,-7.751937984496131
2023-09-19,1.2,1.239,0.93,1.09,1.09,195900,9792000.0,-0.10999999999999988,-9.166666666666657
2023-09-20,1.13,1.16,1.04,1.05,1.05,81300,9220800.0,-0.07999999999999985,-7.079646017699102
2023-09-21,1.02,1.04,0.96,0.995,0.995,78800,8323200.0,-0.025000000000000022,-2.4509803921568647
2023-09-22,1.05,1.1,1.05,1.07,1.07,59200,8568000.0,0.020000000000000018,1.9047619047619064
2023-09-25,1.1,1.109,1.0,1.04,1.04,63500,8976000.0,-0.06000000000000005,-5.4545454545454595
2023-09-26,1.01,1.027,0.93,0.95,0.95,46900,8241600.0,-0.06000000000000005,-5.940594059405946
2023-09-27,0.99,0.995,0.97,0.985,0.985,60300,8078400.0,-0.0050000000000000044,-0.5050505050505055
2023-09-28,5.72,6.41,2.81,3.37,3.37,125838800,46675200.0,-2.3499999999999996,-41.08391608391608
2023-09-29,3.2,3.56,2.7,2.7,2.7,7310600,26112000.0,-0.5,-15.625
2023-10-02,3.14,4.49,2.84,3.94,3.94,38801400,25622400.0,0.7999999999999998,25.47770700636942
2023-10-03,3.86,5.3,3.68,4.15,4.15,28882100,31497600.0,0.2900000000000005,7.51295336787566
2023-10-04,4.11,4.45,3.89,4.07,4.07,3492900,33537600.000000004,-0.040000000000000036,-0.9732360097323608
2023-10-05,3.95,3.96,3.361,3.79,3.79,1603700,32232000.0,-0.16000000000000014,-4.050632911392409
2023-10-06,3.65,4.64,3.65,4.0,4.0,3412100,29784000.0,0.3500000000000001,9.589041095890414
2023-10-09,3.89,4.32,3.86,4.17,4.17,1346700,31742400.0,0.2799999999999998,7.197943444730072
2023-10-10,4.25,4.7,4.15,4.38,4.38,2036000,34680000.0,0.1299999999999999,3.0588235294117623
2023-10-11,4.41,4.8,4.34,4.46,4.46,2079100,35985600.0,0.04999999999999982,1.1337868480725584
2023-10-12,4.38,4.52,3.7,4.01,4.01,847200,35740800.0,-0.3700000000000001,-8.447488584474888
2023-10-13,3.98,4.15,3.77,3.88,3.88,550500,32476800.0,-0.10000000000000009,-2.5125628140703538
2023-10-16,4.08,4.55,3.8,4.43,4.43,1074700,33292800.0,0.34999999999999964,8.578431372549012
2023-10-17,4.42,4.727,4.27,4.33,4.33,672100,36067200.0,-0.08999999999999986,-2.036199095022621
2023-10-18,4.27,4.32,3.89,4.1,4.1,335600,34843200.0,-0.16999999999999993,-3.981264637002341
2023-10-19,4.12,4.234,3.964,4.03,4.03,279500,33619200.0,-0.08999999999999986,-2.1844660194174725
2023-10-20,3.93,4.05,3.8,3.81,3.81,222900,32068800.0,-0.1200000000000001,-3.0534351145038197
2023-10-23,3.81,3.86,3.63,3.68,3.68,198700,31089600.0,-0.1299999999999999,-3.4120734908136456
2023-10-24,3.68,3.74,3.43,3.43,3.43,191100,30028800.0,-0.25,-6.7934782608695645
2023-10-25,3.42,3.43,2.95,3.03,3.03,382000,27907200.0,-0.3900000000000001,-11.403508771929829
2023-10-26,2.98,3.035,2.61,2.62,2.62,293800,24316800.0,-0.3599999999999999,-12.080536912751674
2023-10-27,2.53,2.65,2.45,2.48,2.48,165000,20644800.0,-0.04999999999999982,-1.9762845849802302
2023-10-30,2.33,2.66,2.33,2.54,2.54,205800,19012800.0,0.20999999999999996,9.012875536480685
2023-10-31,2.43,2.65,2.35,2.46,2.46,132200,19828800.0,0.029999999999999805,1.2345679012345598
2023-11-01,2.41,2.635,2.38,2.45,2.45,167100,19665600.0,0.040000000000000036,1.6597510373443998
2023-11-02,2.51,2.52,2.36,2.38,2.38,48700,20481600.0,-0.1299999999999999,-5.179282868525893
2023-11-03,2.36,2.58,2.36,2.52,2.52,164900,19257600.0,0.16000000000000014,6.779661016949159
2023-11-06,2.47,2.8,2.47,2.57,2.57,157200,20155200.0,0.09999999999999964,4.048582995951403
2023-11-07,2.52,2.75,2.5,2.66,2.66,94700,20563200.0,0.14000000000000012,5.55555555555556
2023-11-08,2.61,2.84,2.46,2.49,2.49,91200,21297600.0,-0.11999999999999966,-4.597701149425275
2023-11-09,2.35,2.5,2.24,2.27,2.27,114600,19176000.0,-0.08000000000000007,-3.404255319148939
2023-11-10,2.2,2.32,1.73,1.74,1.74,210800,17952000.0,-0.4600000000000002,-20.909090909090917
2023-11-13,1.9,2.1,1.9,1.98,1.98,139600,15504000.0,0.08000000000000007,4.210526315789478
2023-11-14,1.94,2.16,1.9,1.94,1.94,112900,15830400.0,0.0,0.0
2023-11-15,2.04,2.12,1.93,1.96,1.96,93700,16646400.0,-0.08000000000000007,-3.921568627450984
2023-11-16,1.96,2.081,1.67,1.92,1.92,105700,15993600.0,-0.040000000000000036,-2.040816326530614
2023-11-17,1.92,2.05,1.87,1.94,1.94,56600,15667200.0,0.020000000000000018,1.0416666666666676
2023-11-20,2.05,2.164,1.957,2.03,2.03,60000,16727999.999999998,-0.020000000000000018,-0.9756097560975618
2023-11-21,2.03,2.19,2.01,2.035,2.035,53400,16564799.999999998,0.0050000000000003375,0.24630541871922848
2023-11-22,1.99,2.12,1.88,1.91,1.91,73000,16238400.0,-0.08000000000000007,-4.020100502512566
2023-11-24,1.93,1.95,1.74,1.74,1.74,158800,15748800.0,-0.18999999999999995,-9.844559585492226
2023-11-27,1.74,1.76,1.55,1.55,1.55,216400,14198400.0,-0.18999999999999995,-10.919540229885055
2023-11-28,1.66,1.66,1.45,1.45,1.45,136500,13545600.0,-0.20999999999999996,-12.650602409638553
2023-11-29,1.46,1.52,1.246,1.31,1.31,460800,11913600.0,-0.1499999999999999,-10.27397260273972
2023-11-30,1.4,1.44,1.32,1.32,1.32,209000,11424000.0,-0.07999999999999985,-5.714285714285704
2023-12-01,1.33,1.45,1.33,1.4,1.4,164100,10852800.0,0.06999999999999984,5.26315789473683
2023-12-04,1.43,1.49,1.35,1.35,1.35,186800,11668800.0,-0.07999999999999985,-5.594405594405584
2023-12-05,1.33,1.37,1.06,1.18,1.18,523500,10852800.0,-0.15000000000000013,-11.278195488721813
2023-12-06,1.22,1.34,1.19,1.24,1.24,208400,9955200.0,0.020000000000000018,1.6393442622950833
2023-12-07,1.27,1.39,1.26,1.35,1.35,276700,10363200.0,0.08000000000000007,6.2992125984252025
2023-12-08,1.3,1.33,1.24,1.25,1.25,119400,10608000.0,-0.050000000000000044,-3.8461538461538494
2023-12-11,1.25,1.28,1.19,1.2,1.2,100300,10200000.0,-0.050000000000000044,-4.0000000000000036
2023-12-12,1.2,1.23,1.13,1.15,1.15,94800,9792000.0,-0.050000000000000044,-4.1666666666666705
2023-12-13,1.12,1.21,1.08,1.13,1.13,130500,9139200.0,0.009999999999999787,0.8928571428571237
2023-12-14,1.1,1.22,1.1,1.19,1.19,170200,8976000.0,0.08999999999999986,8.181818181818167
2023-12-15,1.16,1.25,1.16,1.19,1.19,106100,9465600.0,0.030000000000000027,2.5862068965517264
