Date,Open,High,Low,Close,Adj Close,Volume
2020-01-08,9.940000,10.000000,9.840000,10.000000,10.000000,164300
2020-01-09,10.000000,10.000000,9.900000,9.900000,9.900000,27400
2020-01-10,9.900000,9.900000,9.900000,9.900000,9.900000,3700
2020-01-13,9.960000,10.000000,9.940000,9.940000,9.940000,108000
2020-01-14,9.940000,9.940000,9.940000,9.940000,9.940000,0
2020-01-15,9.940000,9.940000,9.940000,9.940000,9.940000,1200
2020-01-16,9.940000,9.940000,9.940000,9.940000,9.940000,0
2020-01-17,9.875000,9.875000,9.875000,9.875000,9.875000,80300
2020-01-21,9.875000,9.875000,9.875000,9.875000,9.875000,0
2020-01-22,9.875000,9.875000,9.875000,9.875000,9.875000,0
2020-01-23,9.940000,9.940000,9.940000,9.940000,9.940000,100
2020-01-24,9.940000,9.940000,9.940000,9.940000,9.940000,0
2020-01-27,9.880000,9.880000,9.880000,9.880000,9.880000,13200
2020-01-28,9.910000,9.910000,9.900000,9.900000,9.900000,88600
2020-01-29,9.890000,9.900000,9.890000,9.900000,9.900000,325800
2020-01-30,9.900000,9.900000,9.900000,9.900000,9.900000,0
2020-01-31,9.900000,9.900000,9.900000,9.900000,9.900000,0
2020-02-03,9.900000,9.920000,9.900000,9.910000,9.910000,120300
2020-02-04,9.880000,9.920000,9.880000,9.920000,9.920000,33200
2020-02-05,9.913000,9.930000,9.913000,9.920000,9.920000,254800
2020-02-06,9.930000,9.935000,9.926000,9.935000,9.935000,338100
2020-02-07,9.940000,9.940000,9.940000,9.940000,9.940000,201000
2020-02-10,9.967000,9.967000,9.967000,9.967000,9.967000,200
2020-02-11,9.967000,9.984000,9.967000,9.984000,9.984000,200
2020-02-12,9.984000,9.984000,9.984000,9.984000,9.984000,0
2020-02-13,9.984000,9.984000,9.984000,9.984000,9.984000,0
2020-02-14,9.984000,9.984000,9.984000,9.984000,9.984000,0
2020-02-18,9.984000,9.984000,9.984000,9.984000,9.984000,0
2020-02-19,9.984000,9.984000,9.984000,9.984000,9.984000,0
2020-02-20,9.960000,9.960000,9.960000,9.960000,9.960000,75000
2020-02-21,9.940000,9.940000,9.940000,9.940000,9.940000,50000
2020-02-24,9.940000,9.940000,9.930000,9.930000,9.930000,258400
2020-02-25,9.940000,9.940000,9.930000,9.930000,9.930000,26200
2020-02-26,9.940000,9.940000,9.930000,9.930000,9.930000,5100
2020-02-27,9.920000,9.920000,9.920000,9.920000,9.920000,800
2020-02-28,9.900000,9.914000,9.900000,9.900000,9.900000,288600
2020-03-02,9.940000,10.000000,9.940000,10.000000,10.000000,2600
2020-03-03,9.900000,9.900000,9.900000,9.900000,9.900000,800
2020-03-04,9.900000,9.900000,9.900000,9.900000,9.900000,0
2020-03-05,9.950000,9.950000,9.950000,9.950000,9.950000,200
2020-03-06,9.910000,9.984000,9.910000,9.984000,9.984000,900
2020-03-09,9.880000,9.880000,9.702000,9.702000,9.702000,200
2020-03-10,9.900000,9.900000,9.900000,9.900000,9.900000,500000
2020-03-11,9.900000,9.900000,9.900000,9.900000,9.900000,0
2020-03-12,9.860000,10.000000,9.750000,9.750000,9.750000,31400
2020-03-13,9.780000,9.780000,9.720000,9.720000,9.720000,23500
2020-03-16,9.720000,9.720000,9.720000,9.720000,9.720000,0
2020-03-17,9.600000,9.600000,9.600000,9.600000,9.600000,8000
2020-03-18,9.600000,9.650000,9.300000,9.650000,9.650000,614200
2020-03-19,9.650000,9.650000,9.650000,9.650000,9.650000,0
2020-03-20,9.650000,9.650000,9.650000,9.650000,9.650000,102500
2020-03-23,9.420000,9.490000,9.417000,9.490000,9.490000,56300
2020-03-24,9.510000,9.510000,9.510000,9.510000,9.510000,38000
2020-03-25,9.510000,9.510000,9.510000,9.510000,9.510000,0
2020-03-26,9.625000,9.625000,9.625000,9.625000,9.625000,123500
2020-03-27,10.000000,10.000000,9.950000,9.950000,9.950000,3300
2020-03-30,9.950000,9.950000,9.950000,9.950000,9.950000,0
2020-03-31,9.810000,9.810000,9.810000,9.810000,9.810000,200
2020-04-01,9.800000,9.800000,9.800000,9.800000,9.800000,100
2020-04-02,9.875000,9.875000,9.800000,9.800000,9.800000,63400
2020-04-03,9.730000,9.878000,9.680000,9.680000,9.680000,5300
2020-04-06,9.725000,9.725000,9.725000,9.725000,9.725000,21500
2020-04-07,9.725000,9.725000,9.725000,9.725000,9.725000,0
2020-04-08,9.730000,9.730000,9.730000,9.730000,9.730000,700
2020-04-09,9.730000,9.730000,9.730000,9.730000,9.730000,561100
2020-04-13,9.750000,9.750000,9.740000,9.750000,9.750000,138800
2020-04-14,9.750000,9.750000,9.750000,9.750000,9.750000,0
2020-04-15,9.750000,9.750000,9.750000,9.750000,9.750000,0
2020-04-16,9.750000,9.750000,9.750000,9.750000,9.750000,0
2020-04-17,9.780000,9.780000,9.780000,9.780000,9.780000,434100
2020-04-20,9.780000,9.836000,9.760000,9.760000,9.760000,21100
2020-04-21,9.760000,9.760000,9.760000,9.760000,9.760000,0
2020-04-22,9.850000,9.850000,9.850000,9.850000,9.850000,8400
2020-04-23,9.800000,9.800000,9.800000,9.800000,9.800000,2300
2020-04-24,9.950000,9.950000,9.950000,9.950000,9.950000,5100
2020-04-27,9.950000,9.950000,9.950000,9.950000,9.950000,0
2020-04-28,9.950000,9.950000,9.950000,9.950000,9.950000,0
2020-04-29,9.950000,9.950000,9.950000,9.950000,9.950000,457600
2020-04-30,9.950000,9.950000,9.950000,9.950000,9.950000,0
2020-05-01,9.740000,9.800000,9.740000,9.800000,9.800000,8200
2020-05-04,9.810000,9.810000,9.800000,9.800000,9.800000,15000
2020-05-05,9.800000,9.800000,9.780000,9.780000,9.780000,299400
2020-05-06,9.750000,9.750000,9.750000,9.750000,9.750000,10000
2020-05-07,9.750000,9.750000,9.750000,9.750000,9.750000,0
2020-05-08,9.750000,9.750000,9.750000,9.750000,9.750000,0
2020-05-11,9.750000,9.750000,9.750000,9.750000,9.750000,0
2020-05-12,9.750000,9.750000,9.750000,9.750000,9.750000,0
2020-05-13,9.750000,9.770000,9.690000,9.690000,9.690000,7500
2020-05-14,9.720000,9.720000,9.700000,9.700000,9.700000,7000
2020-05-15,9.800000,9.800000,9.800000,9.800000,9.800000,100
2020-05-18,9.800000,9.800000,9.800000,9.800000,9.800000,0
2020-05-19,9.800000,9.800000,9.800000,9.800000,9.800000,0
2020-05-20,9.800000,9.800000,9.800000,9.800000,9.800000,0
2020-05-21,9.789000,9.789000,9.789000,9.789000,9.789000,100
2020-05-22,9.789000,9.789000,9.789000,9.789000,9.789000,0
2020-05-26,9.800000,9.800000,9.800000,9.800000,9.800000,6200
2020-05-27,9.800000,9.800000,9.800000,9.800000,9.800000,0
2020-05-28,9.800000,9.800000,9.800000,9.800000,9.800000,0
2020-05-29,9.780000,9.780000,9.780000,9.780000,9.780000,13400
2020-06-01,9.780000,9.780000,9.780000,9.780000,9.780000,0
2020-06-02,9.800000,9.800000,9.800000,9.800000,9.800000,400
2020-06-03,9.760000,9.760000,9.750000,9.750000,9.750000,13000
2020-06-04,9.750000,9.750000,9.750000,9.750000,9.750000,0
2020-06-05,9.750000,9.750000,9.750000,9.750000,9.750000,0
2020-06-08,9.750000,9.750000,9.750000,9.750000,9.750000,0
2020-06-09,9.950000,9.950000,9.930000,9.950000,9.950000,600
2020-06-10,9.900000,9.900000,9.860000,9.860000,9.860000,1900
2020-06-11,9.830000,9.850000,9.830000,9.850000,9.850000,158000
2020-06-12,9.855000,9.855000,9.855000,9.855000,9.855000,200
2020-06-15,9.855000,9.855000,9.855000,9.855000,9.855000,100
2020-06-16,9.875000,9.900000,9.875000,9.900000,9.900000,36300
2020-06-17,9.900000,9.900000,9.900000,9.900000,9.900000,0
2020-06-18,9.901000,9.901000,9.901000,9.901000,9.901000,500
2020-06-19,9.900000,9.900000,9.900000,9.900000,9.900000,100
2020-06-22,9.900000,9.950000,9.900000,9.950000,9.950000,900
2020-06-23,10.000000,10.000000,10.000000,10.000000,10.000000,15400
2020-06-24,10.000000,10.000000,9.990000,9.990000,9.990000,10300
2020-06-25,9.980000,10.000000,9.980000,9.990000,9.990000,88100
2020-06-26,10.000000,10.000000,10.000000,10.000000,10.000000,15200
2020-06-29,9.997000,10.050000,9.997000,10.020000,10.020000,35000
2020-06-30,10.140000,10.140000,9.990000,10.050000,10.050000,60000
2020-07-01,10.050000,10.050000,10.000000,10.020000,10.020000,6800
2020-07-02,9.980000,9.980000,9.980000,9.980000,9.980000,1200
2020-07-06,10.070000,10.070000,10.050000,10.070000,10.070000,18700
2020-07-07,10.060000,10.090000,10.000000,10.048000,10.048000,44400
2020-07-08,10.048000,10.048000,10.048000,10.048000,10.048000,0
2020-07-09,10.048000,10.048000,10.048000,10.048000,10.048000,0
2020-07-10,10.000000,10.030000,10.000000,10.030000,10.030000,8400
2020-07-13,10.060000,10.090000,10.050000,10.070000,10.070000,126700
2020-07-14,10.080000,10.150000,10.080000,10.150000,10.150000,12800
2020-07-15,10.150000,10.150000,10.150000,10.150000,10.150000,0
2020-07-16,10.150000,10.201000,10.150000,10.150000,10.150000,1400
2020-07-17,10.160000,10.230000,10.150000,10.150000,10.150000,45000
2020-07-20,10.160000,10.180000,10.160000,10.160000,10.160000,500
2020-07-21,10.210000,10.280000,10.200000,10.280000,10.280000,15700
2020-07-22,10.300000,10.440000,10.298000,10.440000,10.440000,37500
2020-07-23,10.350000,10.430000,10.350000,10.400000,10.400000,25200
2020-07-24,10.400000,10.400000,10.220000,10.220000,10.220000,4000
2020-07-27,10.390000,10.400000,10.350000,10.400000,10.400000,19000
2020-07-28,10.400000,10.400000,10.400000,10.400000,10.400000,0
2020-07-29,10.350000,10.350000,10.250000,10.350000,10.350000,133600
2020-07-30,10.210000,10.250000,10.150000,10.230000,10.230000,34100
2020-07-31,10.228000,10.340000,10.100000,10.100000,10.100000,29100
2020-08-03,10.110000,10.110000,10.100000,10.110000,10.110000,5000
2020-08-04,10.190000,10.240000,10.190000,10.230000,10.230000,5400
2020-08-05,10.230000,10.230000,10.230000,10.230000,10.230000,0
2020-08-06,10.230000,10.230000,10.230000,10.230000,10.230000,0
2020-08-07,10.130000,10.130000,10.130000,10.130000,10.130000,100000
2020-08-10,10.130000,10.130000,10.130000,10.130000,10.130000,0
2020-08-11,10.100000,10.140000,10.070000,10.090000,10.090000,3289100
2020-08-12,10.082000,10.082000,10.060000,10.080000,10.080000,37600
2020-08-13,10.100000,10.100000,10.060000,10.070000,10.070000,10400
2020-08-14,10.090000,10.090000,10.030000,10.050000,10.050000,557900
2020-08-17,10.090000,10.100000,10.040000,10.060000,10.060000,51700
2020-08-18,10.040000,10.050000,10.020000,10.020000,10.020000,67600
2020-08-19,10.010000,10.010000,9.980000,10.000000,10.000000,44500
2020-08-20,10.010000,10.020000,9.980000,9.980000,9.980000,56300
2020-08-21,9.980000,9.990000,9.980000,9.980000,9.980000,10600
2020-08-24,10.050000,10.050000,10.000000,10.010000,10.010000,170300
2020-08-25,10.040000,10.040000,10.006000,10.010000,10.010000,349100
2020-08-26,10.070000,10.070000,9.990000,9.990000,9.990000,488700
2020-08-27,10.000000,10.010000,9.980000,9.997000,9.997000,51200
2020-08-28,10.000000,10.010000,9.950000,9.985000,9.985000,175900
2020-08-31,10.000000,10.000000,9.940000,9.950000,9.950000,65300
2020-09-01,9.950000,10.000000,9.950000,9.950000,9.950000,29800
2020-09-02,10.000000,10.000000,9.950000,10.000000,10.000000,52200
2020-09-03,10.000000,10.040000,9.990000,10.010000,10.010000,443400
2020-09-04,10.050000,10.050000,9.982000,9.990000,9.990000,96900
2020-09-08,10.030000,10.050000,9.980000,10.010000,10.010000,216200
2020-09-09,10.010000,10.040000,9.990000,9.990000,9.990000,113600
2020-09-10,10.100000,10.100000,9.980000,9.985000,9.985000,1272400
2020-09-11,10.050000,10.060000,9.980000,9.990000,9.990000,872100
2020-09-14,10.010000,10.020000,9.980000,9.990000,9.990000,72600
2020-09-15,10.060000,10.060000,9.970000,10.000000,10.000000,101700
2020-09-16,10.010000,10.010000,9.980000,9.990000,9.990000,50400
2020-09-17,10.010000,10.020000,9.970000,10.000000,10.000000,119400
2020-09-18,10.010000,10.020000,9.930000,10.000000,10.000000,308400
2020-09-21,10.000000,10.000000,9.940000,9.990000,9.990000,77000
2020-09-22,9.950000,10.000000,9.950000,9.980000,9.980000,578200
2020-09-23,9.980000,10.000000,9.960000,9.960000,9.960000,101800
2020-09-24,9.990000,9.990000,9.940000,9.950000,9.950000,52600
2020-09-25,9.975000,10.000000,9.950000,9.950000,9.950000,69900
2020-09-28,9.950000,9.970000,9.940000,9.970000,9.970000,230200
2020-09-29,10.000000,10.000000,9.950000,9.980000,9.980000,57800
2020-09-30,10.000000,10.000000,9.940000,9.960000,9.960000,364000
2020-10-01,10.000000,10.000000,9.940000,9.940000,9.940000,903900
2020-10-02,9.930000,9.960000,9.920000,9.950000,9.950000,608600
2020-10-05,10.000000,10.020000,9.950000,10.000000,10.000000,179300
2020-10-06,10.000000,10.020000,9.971000,10.010000,10.010000,312400
2020-10-07,10.010000,10.040000,9.970000,10.030000,10.030000,837800
2020-10-08,9.910000,9.990000,9.680000,9.900000,9.900000,56700
2020-10-09,9.800000,10.130000,9.409000,10.050000,10.050000,218600
2020-10-12,10.140000,10.300000,9.750000,9.960000,9.960000,170800
2020-10-13,10.160000,10.190000,9.750000,9.940000,9.940000,68000
2020-10-14,9.940000,10.190000,9.850000,10.100000,10.100000,72300
2020-10-15,11.000000,12.057000,10.500000,11.200000,11.200000,450500
2020-10-16,11.640000,11.640000,10.546000,10.760000,10.760000,83200
2020-10-19,11.490000,11.490000,10.770000,11.020000,11.020000,207000
2020-10-20,11.030000,11.100000,10.300000,10.520000,10.520000,94400
2020-10-21,10.670000,11.000000,10.340000,10.670000,10.670000,80100
2020-10-22,10.840000,10.960000,9.690000,9.690000,9.690000,71900
2020-10-23,9.710000,9.880000,8.900000,9.050000,9.050000,81400
2020-10-26,9.050000,9.050000,8.500000,8.510000,8.510000,84600
2020-10-27,8.490000,9.000000,8.460000,8.600000,8.600000,57000
2020-10-28,8.550000,8.570000,8.190000,8.380000,8.380000,29600
2020-10-29,8.300000,8.540000,8.250000,8.440000,8.440000,15300
2020-10-30,8.470000,8.700000,8.150000,8.630000,8.630000,21200
2020-11-02,8.630000,8.770000,8.490000,8.770000,8.770000,23300
2020-11-03,9.460000,9.740000,8.770000,9.130000,9.130000,26600
2020-11-04,9.080000,9.250000,8.800000,8.900000,8.900000,24200
2020-11-05,8.930000,9.250000,8.930000,9.210000,9.210000,13000
2020-11-06,9.260000,9.450000,8.850000,9.240000,9.240000,17100
2020-11-09,8.490000,9.540000,7.440000,9.220000,9.220000,17900
2020-11-10,9.160000,9.490000,8.850000,8.950000,8.950000,22700
2020-11-11,8.910000,9.440000,8.910000,9.440000,9.440000,44400
2020-11-12,9.350000,10.000000,9.270000,9.800000,9.800000,949600
2020-11-13,10.000000,10.000000,9.030000,9.230000,9.230000,63400
2020-11-16,9.300000,9.490000,9.030000,9.220000,9.220000,40500
2020-11-17,9.230000,10.734000,9.230000,10.500000,10.500000,136200
2020-11-18,10.430000,10.761000,9.900000,10.050000,10.050000,53900
2020-11-19,10.090000,10.247000,9.510000,9.900000,9.900000,31800
2020-11-20,9.880000,10.050000,9.750000,10.050000,10.050000,35300
2020-11-23,10.060000,10.250000,9.670000,9.910000,9.910000,46200
2020-11-24,9.820000,10.490000,9.600000,10.000000,10.000000,78100
2020-11-25,10.020000,10.140000,9.880000,9.940000,9.940000,35400
2020-11-27,9.980000,10.100000,9.810000,9.920000,9.920000,42300
2020-11-30,9.820000,10.450000,9.710000,9.790000,9.790000,102000
2020-12-01,9.810000,9.810000,9.570000,9.590000,9.590000,40000
2020-12-02,9.590000,9.640000,9.450000,9.500000,9.500000,50000
2020-12-03,9.460000,9.500000,9.230000,9.300000,9.300000,55100
2020-12-04,9.280000,9.390000,9.060000,9.180000,9.180000,144400
2020-12-07,9.180000,9.240000,8.780000,8.840000,8.840000,109700
2020-12-08,8.720000,9.270000,8.720000,8.900000,8.900000,175700
2020-12-09,9.020000,9.130000,8.570000,8.690000,8.690000,165000
2020-12-10,8.970000,8.970000,8.720000,8.900000,8.900000,136600
2020-12-11,9.000000,9.010000,8.690000,8.850000,8.850000,108700
2020-12-14,8.970000,9.700000,8.800000,9.700000,9.700000,315200
2020-12-15,10.090000,11.000000,9.890000,10.890000,10.890000,355700
2020-12-16,10.800000,11.670000,10.070000,10.610000,10.610000,358500
2020-12-17,10.620000,11.105000,10.550000,11.090000,11.090000,282100
2020-12-18,11.346000,11.650000,10.530000,10.530000,10.530000,891200
2020-12-21,13.360000,14.030000,12.110000,13.210000,13.210000,1555100
2020-12-22,14.910000,15.300000,13.100000,13.900000,13.900000,1360700
2020-12-23,13.630000,14.500000,13.310000,13.450000,13.450000,672400
2020-12-24,13.770000,13.870000,13.130000,13.800000,13.800000,202700
2020-12-28,13.810000,14.200000,13.040000,13.420000,13.420000,494900
2020-12-29,14.030000,14.500000,13.770000,14.000000,14.000000,692200
2020-12-30,14.230000,15.000000,14.150000,14.300000,14.300000,619900
2020-12-31,14.100000,14.455000,13.527000,13.950000,13.950000,367200
2021-01-04,16.819000,17.100000,15.720000,16.420000,16.420000,3271800
2021-01-05,16.400000,17.690001,16.180000,16.740000,16.740000,1334300
2021-01-06,16.350000,16.670000,15.400000,15.720000,15.720000,1297000
2021-01-07,15.910000,16.469999,15.845000,16.450001,16.450001,551200
2021-01-08,16.360001,17.190001,16.049999,16.330000,16.330000,596600
2021-01-11,16.790001,17.400000,16.400000,16.770000,16.770000,828700
2021-01-12,17.850000,17.879999,17.010000,17.420000,17.420000,945100
2021-01-13,17.500000,17.690001,16.330000,16.520000,16.520000,918500
2021-01-14,17.100000,17.290001,16.530001,16.850000,16.850000,1119200
2021-01-15,18.260000,18.280001,17.170000,18.000000,18.000000,1446100
2021-01-19,19.240000,20.010000,18.288000,19.910000,19.910000,2685800
2021-01-20,20.170000,20.719999,19.570000,20.299999,20.299999,1272500
2021-01-21,19.850000,19.872999,18.190001,18.555000,18.555000,1804900
2021-01-22,18.840000,18.940001,18.160000,18.809999,18.809999,686900
2021-01-25,19.677000,19.780001,17.660000,17.870001,17.870001,1400900
2021-01-26,17.920000,18.360001,17.040001,17.389999,17.389999,796400
2021-01-27,16.684999,17.879999,16.080000,17.010000,17.010000,1105400
2021-01-28,17.360001,17.629999,16.700001,17.270000,17.270000,695800
2021-01-29,17.180000,17.799999,16.959999,17.410000,17.410000,590000
2021-02-01,17.799999,17.959999,17.280001,17.809999,17.809999,598500
2021-02-02,17.735001,17.799999,16.200001,16.500000,16.500000,2049800
2021-02-03,16.700001,16.834000,15.310000,15.800000,15.800000,3132900
2021-02-04,15.230000,17.680000,14.710000,16.930000,16.930000,5641600
2021-02-05,17.209999,19.200001,16.809999,19.030001,19.030001,2771300
2021-02-08,19.500000,19.889999,17.799999,17.930000,17.930000,1686800
2021-02-09,18.410000,18.990000,17.520000,17.790001,17.790001,1341400
2021-02-10,18.299999,18.730000,17.290001,17.480000,17.480000,1399500
2021-02-11,18.900000,21.170000,18.400000,19.540001,19.540001,3650000
2021-02-12,18.764000,19.750000,18.290001,18.690001,18.690001,1051100
2021-02-16,19.809999,20.139999,18.910000,19.670000,19.670000,1823600
2021-02-17,20.620001,22.990000,19.820000,22.780001,22.780001,3650700
2021-02-18,21.250000,24.000000,21.000000,22.700001,22.700001,2691000
2021-02-19,22.950001,23.389999,21.850000,22.900000,22.900000,1893700
2021-02-22,22.709999,22.709999,20.500000,20.709999,20.709999,2184200
2021-02-23,18.799999,20.309999,16.270000,18.959999,18.959999,2657800
2021-02-24,18.500000,19.180000,18.000000,18.500000,18.500000,1378000
2021-02-25,18.334000,18.959999,16.719999,17.240000,17.240000,1078200
2021-02-26,17.219999,17.840000,16.100000,17.370001,17.370001,1232700
2021-03-01,18.139999,18.940001,18.040001,18.860001,18.860001,709900
2021-03-02,19.190001,19.590000,18.549999,18.629999,18.629999,601400
2021-03-03,19.320000,19.495001,16.700001,16.740000,16.740000,1306800
2021-03-04,16.690001,17.170000,14.470000,15.220000,15.220000,1641500
2021-03-05,15.500000,15.530000,13.270000,14.600000,14.600000,1321900
2021-03-08,15.210000,15.360000,14.530000,14.720000,14.720000,955300
2021-03-09,15.820000,16.650000,15.178000,16.440001,16.440001,1113100
2021-03-10,17.250000,17.561001,16.416000,16.680000,16.680000,772600
2021-03-11,17.360001,17.461000,16.610001,17.420000,17.420000,616400
2021-03-12,16.750000,17.490000,16.403000,16.990000,16.990000,624800
2021-03-15,17.129999,17.660000,16.799999,17.370001,17.370001,428100
2021-03-16,17.549999,17.945000,16.608999,16.840000,16.840000,552100
2021-03-17,16.299999,16.900000,15.660000,16.610001,16.610001,662000
2021-03-18,16.700001,17.099001,16.129999,16.600000,16.600000,538100
2021-03-19,16.730000,16.830000,15.420000,16.100000,16.100000,1205900
2021-03-22,16.629999,17.290001,16.500000,17.070000,17.070000,706500
2021-03-23,16.900000,17.059999,16.200001,16.469999,16.469999,1089900
2021-03-24,16.590000,16.860001,14.530000,14.580000,14.580000,1699500
2021-03-25,14.000000,15.200000,13.700000,14.700000,14.700000,1120300
2021-03-26,14.760000,14.928000,13.530000,14.090000,14.090000,784300
2021-03-29,14.330000,14.490000,12.710000,12.720000,12.720000,1451500
2021-03-30,12.750000,13.210000,11.900000,12.620000,12.620000,1113700
2021-03-31,13.100000,13.920000,12.680000,13.550000,13.550000,2251500
2021-04-01,14.620000,15.050000,13.020000,13.380000,13.380000,2024800
2021-04-05,14.150000,14.350000,12.800000,13.250000,13.250000,1354300
2021-04-06,13.350000,14.160000,12.880000,13.500000,13.500000,1623300
2021-04-07,13.500000,13.643000,13.040000,13.240000,13.240000,646200
2021-04-08,13.460000,13.630000,12.770000,12.990000,12.990000,742000
2021-04-09,13.250000,14.090000,13.100000,13.810000,13.810000,978200
2021-04-12,13.760000,13.800000,12.800000,13.330000,13.330000,741100
2021-04-13,13.370000,13.570000,13.050000,13.560000,13.560000,516500
2021-04-14,13.620000,13.950000,13.190000,13.320000,13.320000,569800
2021-04-15,13.540000,13.640000,13.240000,13.460000,13.460000,495100
2021-04-16,13.330000,13.440000,13.060000,13.300000,13.300000,526900
2021-04-19,13.250000,13.390000,12.730000,12.850000,12.850000,737800
2021-04-20,13.080000,13.080000,12.160000,12.430000,12.430000,798700
2021-04-21,12.400000,13.160000,12.210000,13.150000,13.150000,490300
2021-04-22,13.120000,13.750000,13.000000,13.490000,13.490000,408900
2021-04-23,13.430000,14.060000,13.410000,14.060000,14.060000,456600
2021-04-26,14.230000,15.250000,14.200000,14.760000,14.760000,741200
2021-04-27,15.000000,15.190000,14.510000,15.000000,15.000000,389500
2021-04-28,15.100000,15.800000,14.920000,15.460000,15.460000,627100
2021-04-29,15.900000,15.900000,14.410000,15.130000,15.130000,728100
2021-04-30,15.114000,16.000000,14.900000,15.290000,15.290000,659700
2021-05-03,15.770000,15.770000,14.100000,14.670000,14.670000,633300
2021-05-04,14.360000,14.456000,13.200000,14.410000,14.410000,645200
2021-05-05,14.720000,14.970000,13.860000,13.900000,13.900000,387800
2021-05-06,13.890000,13.930000,12.200000,12.350000,12.350000,1354600
2021-05-07,12.560000,12.830000,12.170000,12.340000,12.340000,754000
2021-05-10,12.450000,12.556000,11.480000,11.570000,11.570000,845800
2021-05-11,10.980000,11.600000,10.800000,11.180000,11.180000,1466400
2021-05-12,9.700000,10.190000,8.714000,8.980000,8.980000,3811400
2021-05-13,9.060000,9.310000,8.260000,8.390000,8.390000,1856300
2021-05-14,8.700000,9.360000,8.560000,9.110000,9.110000,1759300
2021-05-17,9.170000,9.360000,8.939000,9.220000,9.220000,836500
2021-05-18,9.300000,9.650000,9.150000,9.380000,9.380000,823600
2021-05-19,9.100000,9.980000,9.030000,9.790000,9.790000,772300
2021-05-20,9.910000,10.590000,9.650000,10.540000,10.540000,703000
2021-05-21,10.750000,10.783000,10.300000,10.440000,10.440000,648600
2021-05-24,10.700000,10.940000,10.435000,10.930000,10.930000,549200
2021-05-25,10.950000,11.190000,10.600000,10.820000,10.820000,372200
2021-05-26,10.800000,11.370000,10.800000,11.360000,11.360000,410800
2021-05-27,11.390000,11.850000,11.080000,11.850000,11.850000,709600
2021-05-28,11.910000,11.930000,11.110000,11.300000,11.300000,504800
2021-06-01,11.390000,11.839000,11.350000,11.760000,11.760000,428000
2021-06-02,11.830000,12.290000,11.640000,12.210000,12.210000,418800
2021-06-03,12.150000,12.540000,11.708000,12.250000,12.250000,661500
2021-06-04,12.370000,12.480000,12.090000,12.170000,12.170000,435300
2021-06-07,12.350000,13.540000,12.240000,13.230000,13.230000,1151100
2021-06-08,13.820000,13.860000,13.150000,13.560000,13.560000,1056200
2021-06-09,13.850000,15.040000,13.641000,14.970000,14.970000,1473900
2021-06-10,14.980000,15.020000,13.750000,14.520000,14.520000,879900
2021-06-11,14.670000,15.940000,14.600000,15.120000,15.120000,1092400
2021-06-14,15.350000,15.433000,14.770000,14.980000,14.980000,595400
2021-06-15,14.880000,15.330000,14.080000,14.370000,14.370000,597100
2021-06-16,14.370000,14.830000,14.150000,14.510000,14.510000,405400
2021-06-17,14.520000,15.070000,14.395000,14.800000,14.800000,508000
2021-06-18,13.810000,13.940000,12.610000,12.630000,12.630000,1853300
2021-06-21,12.860000,13.800000,12.350000,13.740000,13.740000,938600
2021-06-22,13.730000,13.800000,13.450000,13.720000,13.720000,473700
2021-06-23,13.406000,14.180000,13.406000,14.020000,14.020000,424300
2021-06-24,14.290000,14.290000,13.560000,13.960000,13.960000,540100
2021-06-25,13.920000,14.630000,13.792000,14.440000,14.440000,3872800
2021-06-28,14.682000,14.682000,13.770000,13.990000,13.990000,583900
2021-06-29,14.180000,14.250000,13.410000,13.540000,13.540000,519100
2021-06-30,13.500000,13.870000,13.490000,13.640000,13.640000,390200
2021-07-01,13.670000,14.320000,13.490000,14.290000,14.290000,678700
2021-07-02,14.350000,14.820000,14.340000,14.620000,14.620000,574300
2021-07-06,14.880000,14.950000,13.610000,13.810000,13.810000,495000
2021-07-07,13.980000,13.980000,13.041000,13.120000,13.120000,461300
2021-07-08,12.710000,12.980000,12.400000,12.820000,12.820000,510500
2021-07-09,12.930000,13.360000,12.770000,13.210000,13.210000,275900
2021-07-12,13.070000,13.189000,12.710000,13.010000,13.010000,373800
2021-07-13,12.890000,12.900000,12.370000,12.440000,12.440000,316700
2021-07-14,13.310000,13.310000,12.150000,12.190000,12.190000,516200
2021-07-15,12.070000,12.220000,11.370000,11.720000,11.720000,519700
2021-07-16,11.740000,11.940000,11.150000,11.380000,11.380000,365300
2021-07-19,11.030000,11.230000,10.770000,10.960000,10.960000,801000
2021-07-20,11.000000,11.060000,10.528000,10.620000,10.620000,563200
2021-07-21,10.830000,11.550000,10.810000,11.140000,11.140000,631600
2021-07-22,11.120000,11.300000,10.890000,11.200000,11.200000,393200
2021-07-23,11.190000,11.290000,10.860000,10.950000,10.950000,420000
2021-07-26,11.110000,11.320000,10.680000,10.990000,10.990000,373700
2021-07-27,10.810000,10.840000,10.290000,10.650000,10.650000,465500
2021-07-28,10.740000,11.520000,10.740000,11.440000,11.440000,359700
2021-07-29,11.560000,11.900000,10.960000,11.000000,11.000000,487600
2021-07-30,10.900000,11.430000,10.850000,10.990000,10.990000,254600
2021-08-02,10.970000,11.120000,10.850000,10.980000,10.980000,299200
2021-08-03,10.920000,10.920000,10.370000,10.660000,10.660000,396100
2021-08-04,10.560000,10.890000,10.430000,10.660000,10.660000,354700
2021-08-05,10.590000,10.900000,10.520000,10.800000,10.800000,273000
2021-08-06,10.740000,10.950000,10.610000,10.750000,10.750000,210700
2021-08-09,10.870000,11.060000,10.610000,10.990000,10.990000,613200
2021-08-10,11.160000,11.180000,10.330000,10.370000,10.370000,895000
2021-08-11,12.250000,12.910000,11.900000,12.260000,12.260000,2507800
2021-08-12,12.020000,12.849000,11.790000,12.380000,12.380000,670000
2021-08-13,12.770000,12.940000,12.478000,12.730000,12.730000,640900
2021-08-16,12.750000,12.750000,11.670000,11.790000,11.790000,514000
2021-08-17,11.520000,11.690000,11.020000,11.390000,11.390000,587100
2021-08-18,11.280000,12.130000,11.180000,11.800000,11.800000,585700
2021-08-19,11.670000,12.400000,11.590000,11.680000,11.680000,691400
2021-08-20,11.640000,11.840000,11.350000,11.500000,11.500000,337600
2021-08-23,11.830000,12.380000,11.590000,12.260000,12.260000,801400
2021-08-24,12.440000,12.870000,12.400000,12.760000,12.760000,445900
2021-08-25,12.760000,12.780000,11.980000,12.310000,12.310000,411400
2021-08-26,12.230000,12.690000,12.040000,12.210000,12.210000,326200
2021-08-27,12.270000,12.800000,12.270000,12.540000,12.540000,425600
2021-08-30,12.496000,12.665000,12.120000,12.370000,12.370000,255100
2021-08-31,12.307000,12.560000,12.050000,12.500000,12.500000,286600
2021-09-01,12.590000,12.885000,12.540000,12.680000,12.680000,327100
2021-09-02,12.560000,13.210000,12.560000,13.170000,13.170000,462100
2021-09-03,13.200000,13.250000,12.750000,12.960000,12.960000,335100
2021-09-07,12.900000,13.270000,12.850000,12.870000,12.870000,274700
2021-09-08,12.810000,12.905000,12.270000,12.330000,12.330000,282500
2021-09-09,12.240000,12.645000,12.110000,12.250000,12.250000,243400
2021-09-10,12.161000,12.350000,11.600000,11.630000,11.630000,416900
2021-09-13,11.550000,11.590000,10.420000,11.080000,11.080000,1171100
2021-09-14,11.070000,11.210000,10.770000,10.790000,10.790000,339300
2021-09-15,10.720000,11.090000,10.591000,10.850000,10.850000,463500
2021-09-16,10.830000,11.140000,10.610000,11.070000,11.070000,346300
2021-09-17,11.560000,12.640000,11.510000,12.570000,12.570000,1639600
2021-09-20,12.000000,12.149000,11.360000,11.600000,11.600000,559000
2021-09-21,11.700000,11.848000,11.020000,11.080000,11.080000,568800
2021-09-22,11.120000,11.570000,10.890000,11.070000,11.070000,563100
2021-09-23,11.150000,11.480000,10.950000,11.290000,11.290000,264700
2021-09-24,11.140000,11.350000,11.003000,11.090000,11.090000,335100
2021-09-27,11.050000,11.290000,10.800000,11.110000,11.110000,385500
2021-09-28,11.050000,11.380000,10.580000,10.640000,10.640000,534500
2021-09-29,10.690000,10.715000,10.320000,10.430000,10.430000,556300
2021-09-30,10.400000,10.660000,10.360000,10.540000,10.540000,317000
2021-10-01,10.650000,10.930000,10.570000,10.770000,10.770000,429900
2021-10-04,10.680000,10.750000,10.040000,10.120000,10.120000,402500
2021-10-05,10.130000,10.560000,9.860000,10.550000,10.550000,320800
2021-10-06,10.290000,10.750000,10.230000,10.650000,10.650000,319100
2021-10-07,10.790000,10.900000,10.579000,10.620000,10.620000,190700
2021-10-08,10.610000,10.610000,10.020000,10.110000,10.110000,372300
2021-10-11,10.100000,10.380000,10.020000,10.040000,10.040000,275500
2021-10-12,10.080000,10.280000,10.060000,10.240000,10.240000,205800
2021-10-13,10.360000,10.580000,10.120000,10.560000,10.560000,269500
2021-10-14,10.670000,10.870000,10.570000,10.700000,10.700000,217700
2021-10-15,10.820000,10.952000,10.630000,10.700000,10.700000,222000
2021-10-18,10.510000,10.830000,10.410000,10.700000,10.700000,269900
2021-10-19,10.820000,10.950000,10.450000,10.510000,10.510000,680900
2021-10-20,10.500000,10.800000,10.330000,10.570000,10.570000,202200
2021-10-21,10.500000,10.710000,10.280000,10.390000,10.390000,291000
2021-10-22,10.290000,10.450000,10.070000,10.360000,10.360000,235700
2021-10-25,10.420000,10.590000,10.290000,10.390000,10.390000,202000
2021-10-26,10.410000,10.695000,10.260000,10.300000,10.300000,318800
2021-10-27,10.260000,10.540000,9.890000,9.890000,9.890000,566200
2021-10-28,9.980000,10.270000,9.880000,10.000000,10.000000,749100
2021-10-29,10.080000,10.450000,9.930000,9.970000,9.970000,478100
2021-11-01,9.940000,10.280000,9.940000,10.020000,10.020000,521500
2021-11-02,10.000000,10.070000,9.790000,9.930000,9.930000,585800
2021-11-03,9.830000,10.060000,9.750000,9.910000,9.910000,484500
2021-11-04,9.900000,9.966000,9.250000,9.300000,9.300000,669900
2021-11-05,9.310000,9.579000,9.180000,9.400000,9.400000,509900
2021-11-08,9.510000,9.870000,9.410000,9.670000,9.670000,584700
2021-11-09,9.990000,10.050000,9.370000,9.400000,9.400000,736400
2021-11-10,9.280000,9.370000,8.530000,8.640000,8.640000,1519700
2021-11-11,8.730000,9.112000,8.660000,8.700000,8.700000,472900
2021-11-12,8.770000,8.960000,8.600000,8.820000,8.820000,395700
2021-11-15,8.850000,9.220000,8.810000,9.090000,9.090000,478400
2021-11-16,9.010000,9.028000,8.770000,8.890000,8.890000,434300
2021-11-17,8.810000,8.816000,8.550000,8.640000,8.640000,434400
2021-11-18,8.660000,8.780000,8.143000,8.350000,8.350000,755600
2021-11-19,8.300000,8.500000,7.970000,8.030000,8.030000,597900
2021-11-22,8.020000,8.030000,7.770000,7.860000,7.860000,891100
2021-11-23,7.800000,8.020000,7.450000,7.670000,7.670000,772700
2021-11-24,7.700000,7.790000,7.490000,7.670000,7.670000,288300
2021-11-26,7.380000,7.500000,7.170000,7.370000,7.370000,356400
2021-11-29,7.440000,7.440000,7.050000,7.230000,7.230000,525700
2021-11-30,7.090000,7.260000,6.820000,7.250000,7.250000,806100
2021-12-01,7.420000,7.450000,6.720000,6.730000,6.730000,799100
2021-12-02,6.795000,6.950000,6.520000,6.810000,6.810000,795200
2021-12-03,6.830000,6.830000,6.480000,6.610000,6.610000,607000
2021-12-06,6.540000,6.890000,6.300000,6.830000,6.830000,405700
2021-12-07,6.970000,7.220000,6.935000,6.960000,6.960000,368300
2021-12-08,7.020000,7.120000,6.890000,6.970000,6.970000,570400
2021-12-09,6.940000,6.970000,6.640000,6.680000,6.680000,492600
2021-12-10,6.981000,7.018000,6.450000,6.500000,6.500000,417500
2021-12-13,6.460000,6.490000,6.135000,6.290000,6.290000,376500
2021-12-14,6.270000,6.300000,6.070000,6.190000,6.190000,696000
2021-12-15,6.150000,6.330000,5.950000,6.290000,6.290000,472600
2021-12-16,6.390000,6.470000,5.970000,6.130000,6.130000,457200
2021-12-17,5.939000,6.450000,5.913000,6.210000,6.210000,1830500
2021-12-20,6.100000,6.210000,5.570000,5.700000,5.700000,1798200
2021-12-21,5.700000,6.120000,5.590000,5.980000,5.980000,1852300
2021-12-22,5.877000,6.430000,5.877000,6.310000,6.310000,1028600
2021-12-23,6.270000,6.730000,6.130000,6.440000,6.440000,785300
2021-12-27,6.290000,6.480000,6.160000,6.220000,6.220000,646700
2021-12-28,6.140000,6.280000,5.942000,5.980000,5.980000,662200
2021-12-29,5.960000,6.000000,5.634000,5.670000,5.670000,727400
2021-12-30,5.590000,6.090000,5.586000,5.970000,5.970000,656100
2021-12-31,5.950000,6.210000,5.890000,5.930000,5.930000,649800
2022-01-03,5.970000,6.320000,5.950000,6.150000,6.150000,513000
2022-01-04,6.200000,6.210000,5.860000,5.950000,5.950000,536500
2022-01-05,5.985000,6.080000,5.730000,5.750000,5.750000,518900
2022-01-06,5.750000,6.060000,5.690000,5.860000,5.860000,698900
2022-01-07,5.880000,6.100000,5.815000,5.870000,5.870000,346600
2022-01-10,5.800000,5.840000,5.470000,5.570000,5.570000,740200
2022-01-11,5.530000,5.815000,5.510000,5.780000,5.780000,275300
2022-01-12,5.860000,6.050000,5.717000,5.770000,5.770000,355200
2022-01-13,5.750000,5.880000,5.590000,5.620000,5.620000,367100
2022-01-14,5.530000,5.630000,5.300000,5.470000,5.470000,353100
2022-01-18,5.330000,5.379000,4.910000,5.000000,5.000000,781700
2022-01-19,5.050000,5.050000,4.755000,4.810000,4.810000,465200
2022-01-20,4.840000,5.000000,4.540000,4.550000,4.550000,610000
2022-01-21,4.390000,4.450000,4.080000,4.100000,4.100000,900500
2022-01-24,3.940000,4.190000,3.755000,4.160000,4.160000,1044700
2022-01-25,4.090000,4.230000,3.910000,4.060000,4.060000,551600
2022-01-26,4.150000,4.270000,3.850000,3.880000,3.880000,618300
2022-01-27,3.950000,3.999000,3.730000,3.750000,3.750000,431400
2022-01-28,3.830000,3.940000,3.650000,3.920000,3.920000,446300
2022-01-31,3.950000,4.430000,3.950000,4.430000,4.430000,641700
2022-02-01,4.550000,4.600000,4.342000,4.520000,4.520000,524600
2022-02-02,4.550000,4.573000,4.090000,4.110000,4.110000,362800
2022-02-03,4.000000,4.090000,3.830000,3.860000,3.860000,386700
2022-02-04,3.930000,4.090000,3.830000,4.030000,4.030000,383700
2022-02-07,4.090000,4.200000,3.900000,3.960000,3.960000,346600
2022-02-08,3.930000,3.950000,3.760000,3.860000,3.860000,546600
2022-02-09,3.940000,4.110000,3.880000,4.090000,4.090000,757900
2022-02-10,3.970000,4.140000,3.840000,3.870000,3.870000,397800
2022-02-11,3.880000,4.000000,3.614000,3.660000,3.660000,584700
2022-02-14,3.650000,3.860000,3.610000,3.670000,3.670000,304500
2022-02-15,3.800000,4.100000,3.800000,4.080000,4.080000,286800
2022-02-16,4.020000,4.080000,3.915000,3.990000,3.990000,186400
2022-02-17,3.950000,3.990000,3.700000,3.730000,3.730000,220500
2022-02-18,3.710000,3.720000,3.440000,3.510000,3.510000,524100
2022-02-22,3.460000,3.570000,3.400000,3.440000,3.440000,419900
2022-02-23,3.530000,3.550000,3.270000,3.290000,3.290000,459200
2022-02-24,3.150000,3.580000,3.060000,3.580000,3.580000,752000
2022-02-25,3.590000,3.630000,3.410000,3.610000,3.610000,403000
2022-02-28,3.570000,3.720000,3.550000,3.660000,3.660000,438300
2022-03-01,3.650000,3.680000,3.400000,3.440000,3.440000,473500
2022-03-02,3.490000,3.490000,3.400000,3.430000,3.430000,198100
2022-03-03,3.480000,3.480000,3.270000,3.300000,3.300000,272800
2022-03-04,3.250000,3.330000,3.100000,3.140000,3.140000,285900
2022-03-07,3.140000,3.210000,3.045000,3.110000,3.110000,359200
2022-03-08,3.070000,3.350000,3.010000,3.190000,3.190000,435100
2022-03-09,3.300000,3.460000,3.230000,3.320000,3.320000,222100
2022-03-10,3.230000,3.300000,3.130000,3.240000,3.240000,200800
2022-03-11,3.280000,3.320000,2.980000,2.990000,2.990000,486500
2022-03-14,3.030000,3.030000,2.760000,2.800000,2.800000,427100
2022-03-15,2.810000,3.210000,2.810000,3.200000,3.200000,502000
2022-03-16,3.230000,3.440000,3.190000,3.420000,3.420000,397700
2022-03-17,3.340000,3.600000,3.260000,3.570000,3.570000,310200
2022-03-18,3.570000,3.920000,3.560000,3.880000,3.880000,563100
2022-03-21,3.880000,3.900000,3.580000,3.640000,3.640000,309900
2022-03-22,3.690000,3.870000,3.673000,3.810000,3.810000,353200
2022-03-23,3.780000,4.060000,3.710000,3.800000,3.800000,449100
2022-03-24,3.880000,3.880000,3.530000,3.660000,3.660000,748900
2022-03-25,3.320000,3.390000,2.800000,2.960000,2.960000,2688400
2022-03-28,2.950000,3.040000,2.850000,2.960000,2.960000,1015100
2022-03-29,2.960000,3.080000,2.950000,2.970000,2.970000,562100
2022-03-30,2.970000,3.060000,2.890000,3.010000,3.010000,407900
2022-03-31,3.000000,3.050000,2.890000,2.900000,2.900000,342100
2022-04-01,2.910000,2.935000,2.780000,2.850000,2.850000,496300
2022-04-04,2.900000,3.120000,2.828000,3.050000,3.050000,528600
2022-04-05,3.040000,3.040000,2.881000,2.930000,2.930000,253500
2022-04-06,2.820000,2.860000,2.710000,2.800000,2.800000,437400
2022-04-07,2.770000,2.820000,2.580000,2.660000,2.660000,359800
2022-04-08,2.650000,2.660000,2.560000,2.600000,2.600000,289800
2022-04-11,2.570000,2.641000,2.480000,2.550000,2.550000,262200
2022-04-12,2.590000,2.655000,2.470000,2.470000,2.470000,232000
2022-04-13,2.480000,2.560000,2.450000,2.500000,2.500000,254700
2022-04-14,2.500000,2.500000,2.350000,2.370000,2.370000,300600
2022-04-18,2.370000,2.400000,2.270000,2.330000,2.330000,253400
2022-04-19,2.300000,2.540000,2.300000,2.490000,2.490000,395800
2022-04-20,2.480000,2.620000,2.340000,2.530000,2.530000,323300
2022-04-21,2.550000,2.590000,2.270000,2.370000,2.370000,322200
2022-04-22,2.340000,2.454000,2.280000,2.320000,2.320000,256400
2022-04-25,2.250000,2.350000,2.230000,2.230000,2.230000,423300
2022-04-26,2.230000,2.230000,2.100000,2.120000,2.120000,281000
2022-04-27,2.210000,2.210000,2.060000,2.090000,2.090000,272700
2022-04-28,2.100000,2.210000,2.015000,2.150000,2.150000,415300
2022-04-29,2.160000,2.220000,2.020000,2.030000,2.030000,382000
2022-05-02,2.050000,2.230000,2.010000,2.220000,2.220000,373600
2022-05-03,2.240000,2.240000,2.080000,2.160000,2.160000,436400
2022-05-04,2.180000,2.260000,2.050000,2.260000,2.260000,327500
2022-05-05,2.220000,2.220000,2.053000,2.120000,2.120000,294400
2022-05-06,2.100000,2.160000,2.010000,2.070000,2.070000,284500
2022-05-09,2.010000,2.053000,1.860000,1.890000,1.890000,450100
2022-05-10,1.920000,2.010000,1.860000,1.910000,1.910000,334200
2022-05-11,1.860000,1.930000,1.690000,1.740000,1.740000,639700
2022-05-12,1.730000,1.880000,1.610000,1.860000,1.860000,607700
2022-05-13,1.880000,1.920000,1.740000,1.780000,1.780000,996400
2022-05-16,1.800000,1.890000,1.700000,1.720000,1.720000,627700
2022-05-17,1.790000,1.820000,1.770000,1.820000,1.820000,580700
2022-05-18,1.780000,1.850000,1.660000,1.680000,1.680000,472200
2022-05-19,1.680000,1.760000,1.650000,1.670000,1.670000,383400
2022-05-20,1.730000,1.750000,1.540000,1.620000,1.620000,613800
2022-05-23,1.670000,1.680000,1.559000,1.600000,1.600000,522200
2022-05-24,1.580000,1.580000,1.450000,1.530000,1.530000,470100
2022-05-25,1.520000,1.580000,1.470000,1.480000,1.480000,522700
2022-05-26,1.500000,1.630000,1.490000,1.580000,1.580000,443600
2022-05-27,1.620000,1.650000,1.570000,1.580000,1.580000,412700
2022-05-31,1.580000,1.610000,1.510000,1.510000,1.510000,1189800
2022-06-01,1.530000,1.570000,1.415000,1.470000,1.470000,553000
2022-06-02,1.500000,1.595000,1.470000,1.520000,1.520000,618200
2022-06-03,1.520000,1.790000,1.490000,1.790000,1.790000,638000
2022-06-06,1.850000,1.850000,1.610000,1.635000,1.635000,466900
2022-06-07,1.630000,1.780000,1.620000,1.760000,1.760000,453400
2022-06-08,1.760000,1.900000,1.690000,1.880000,1.880000,378600
2022-06-09,1.860000,1.930000,1.787000,1.880000,1.880000,362400
2022-06-10,1.830000,1.850000,1.700000,1.710000,1.710000,369200
2022-06-13,1.630000,1.716000,1.600000,1.650000,1.650000,532400
2022-06-14,1.660000,1.730000,1.630000,1.710000,1.710000,282300
2022-06-15,1.710000,1.970000,1.560000,1.910000,1.910000,1177900
2022-06-16,1.830000,1.844000,1.720000,1.770000,1.770000,665000
2022-06-17,1.750000,1.890000,1.740000,1.850000,1.850000,411600
2022-06-21,1.880000,1.980000,1.810000,1.860000,1.860000,437400
2022-06-22,1.810000,2.100000,1.810000,2.050000,2.050000,597000
2022-06-23,2.050000,2.120000,1.960000,2.090000,2.090000,504900
2022-06-24,2.090000,2.260000,2.010000,2.050000,2.050000,3213700
2022-06-27,2.090000,2.110000,1.920000,1.985000,1.985000,270200
2022-06-28,1.960000,2.010000,1.830000,1.840000,1.840000,537600
2022-06-29,1.820000,1.820000,1.730000,1.770000,1.770000,353300
2022-06-30,1.760000,1.765000,1.670000,1.690000,1.690000,141800
2022-07-01,1.660000,1.750000,1.633000,1.700000,1.700000,153700
2022-07-05,1.680000,1.830000,1.640000,1.800000,1.800000,237700
2022-07-06,1.810000,1.860000,1.630000,1.650000,1.650000,417800
2022-07-07,1.660000,1.840000,1.660000,1.820000,1.820000,182300
2022-07-08,1.840000,1.885000,1.770000,1.770000,1.770000,166600
2022-07-11,1.750000,1.770000,1.650000,1.670000,1.670000,214400
2022-07-12,1.670000,1.830000,1.650000,1.700000,1.700000,233300
2022-07-13,1.670000,1.760000,1.660000,1.710000,1.710000,124500
2022-07-14,1.690000,1.740000,1.680000,1.710000,1.710000,66600
2022-07-15,1.700000,1.780000,1.680000,1.750000,1.750000,99200
2022-07-18,1.820000,1.870000,1.710000,1.720000,1.720000,116700
2022-07-19,1.730000,1.880000,1.730000,1.850000,1.850000,111600
2022-07-20,1.830000,2.110000,1.830000,2.040000,2.040000,319200
2022-07-21,2.050000,2.070000,1.940000,1.980000,1.980000,121600
2022-07-22,1.960000,1.990000,1.870000,1.920000,1.920000,122100
2022-07-25,1.930000,1.940000,1.810000,1.860000,1.860000,92000
2022-07-26,1.850000,1.850000,1.650000,1.690000,1.690000,212200
2022-07-27,1.720000,1.760000,1.690000,1.730000,1.730000,127700
2022-07-28,1.730000,1.790000,1.660000,1.730000,1.730000,156900
2022-07-29,1.790000,1.800000,1.680000,1.710000,1.710000,127100
2022-08-01,1.740000,1.760000,1.660000,1.730000,1.730000,194300
2022-08-02,1.680000,1.860000,1.680000,1.800000,1.800000,132600
2022-08-03,1.850000,2.000000,1.840000,1.980000,1.980000,256800
2022-08-04,1.980000,2.020000,1.860000,1.890000,1.890000,145300
2022-08-05,1.900000,1.980000,1.840000,1.920000,1.920000,130100
2022-08-08,1.960000,2.050000,1.950000,2.020000,2.020000,149000
2022-08-09,2.040000,2.040000,1.880000,1.930000,1.930000,124700
2022-08-10,1.940000,2.070000,1.886000,2.050000,2.050000,111100
2022-08-11,2.090000,2.390000,2.090000,2.350000,2.350000,421400
2022-08-12,2.380000,2.380000,2.220000,2.290000,2.290000,210200
2022-08-15,2.360000,2.370000,2.230000,2.320000,2.320000,207000
2022-08-16,2.300000,2.300000,1.990000,2.140000,2.140000,468400
2022-08-17,2.110000,2.140000,2.000000,2.010000,2.010000,198100
2022-08-18,2.030000,2.030000,1.855000,1.890000,1.890000,131400
2022-08-19,1.900000,1.900000,1.790000,1.800000,1.800000,173900
2022-08-22,1.820000,1.820000,1.670000,1.690000,1.690000,270600
2022-08-23,1.700000,1.740000,1.660000,1.690000,1.690000,157900
2022-08-24,1.690000,1.800000,1.640000,1.720000,1.720000,120700
2022-08-25,1.770000,1.800000,1.710000,1.800000,1.800000,85100
2022-08-26,1.780000,1.820000,1.710000,1.750000,1.750000,107800
2022-08-29,1.720000,1.840000,1.710000,1.810000,1.810000,109000
2022-08-30,1.820000,1.820000,1.650000,1.680000,1.680000,195400
2022-08-31,1.700000,1.730000,1.660000,1.700000,1.700000,66500
2022-09-01,1.700000,1.702000,1.630000,1.650000,1.650000,96200
2022-09-02,1.680000,1.720000,1.590000,1.590000,1.590000,168900
2022-09-06,1.600000,1.643000,1.565000,1.590000,1.590000,179600
2022-09-07,1.570000,1.640000,1.570000,1.610000,1.610000,89200
2022-09-08,1.620000,1.640000,1.570000,1.630000,1.630000,95600
2022-09-09,1.630000,1.650000,1.590000,1.620000,1.620000,131800
2022-09-12,1.630000,1.710000,1.620000,1.680000,1.680000,148200
2022-09-13,1.680000,1.680000,1.580000,1.650000,1.650000,138700
2022-09-14,1.650000,1.680000,1.580000,1.630000,1.630000,119100
2022-09-15,1.640000,1.720000,1.640000,1.700000,1.700000,87900
2022-09-16,1.660000,1.660000,1.600000,1.610000,1.610000,195300
2022-09-19,1.590000,1.609000,1.550000,1.580000,1.580000,139600
2022-09-20,1.550000,1.640000,1.550000,1.610000,1.610000,110900
2022-09-21,1.620000,1.620000,1.560000,1.580000,1.580000,81000
2022-09-22,1.580000,1.580000,1.480000,1.480000,1.480000,196600
2022-09-23,1.470000,1.530000,1.400000,1.490000,1.490000,277800
2022-09-26,1.480000,1.560000,1.390000,1.400000,1.400000,169100
2022-09-27,1.400000,1.480000,1.390000,1.420000,1.420000,108900
2022-09-28,1.410000,1.460000,1.400000,1.410000,1.410000,82600
2022-09-29,1.400000,1.400000,1.330000,1.380000,1.380000,124500
2022-09-30,1.350000,1.570000,1.350000,1.460000,1.460000,170800
2022-10-03,1.450000,1.480000,1.360000,1.360000,1.360000,135300
2022-10-04,1.370000,1.490000,1.370000,1.480000,1.480000,98300
2022-10-05,1.460000,1.490000,1.410000,1.450000,1.450000,39200
2022-10-06,1.450000,1.560000,1.450000,1.500000,1.500000,112000
2022-10-07,1.490000,1.490000,1.380000,1.390000,1.390000,117600
2022-10-10,1.400000,1.430000,1.380000,1.390000,1.390000,87800
2022-10-11,1.400000,1.420000,1.340000,1.380000,1.380000,121500
2022-10-12,1.380000,1.389000,1.330000,1.360000,1.360000,79700
2022-10-13,1.330000,1.400000,1.330000,1.360000,1.360000,128300
2022-10-14,1.350000,1.370000,1.330000,1.350000,1.350000,80300
2022-10-17,1.340000,1.390000,1.330000,1.340000,1.340000,37900
2022-10-18,1.360000,1.373000,1.326000,1.340000,1.340000,93200
2022-10-19,1.340000,1.390000,1.310000,1.320000,1.320000,123100
2022-10-20,1.310000,1.370000,1.180000,1.210000,1.210000,403400
2022-10-21,1.200000,1.270000,1.190000,1.220000,1.220000,135700
2022-10-24,1.240000,1.290000,1.120000,1.150000,1.150000,254500
2022-10-25,1.140000,1.300000,1.140000,1.290000,1.290000,87800
2022-10-26,1.240000,1.370000,1.240000,1.280000,1.280000,96600
2022-10-27,1.330000,1.330000,1.230000,1.260000,1.260000,73200
2022-10-28,1.240000,1.260000,1.200000,1.230000,1.230000,96300
2022-10-31,1.220000,1.280000,1.220000,1.230000,1.230000,122100
2022-11-01,1.240000,1.310000,1.220000,1.230000,1.230000,89300
2022-11-02,1.230000,1.270000,1.220000,1.240000,1.240000,43300
2022-11-03,1.230000,1.260000,1.200000,1.250000,1.250000,136900
2022-11-04,1.240000,1.250000,1.200000,1.220000,1.220000,81300
2022-11-07,1.240000,1.250000,1.200000,1.220000,1.220000,80300
2022-11-08,1.240000,1.250000,1.200000,1.250000,1.250000,69800
2022-11-09,1.240000,1.250000,1.210000,1.210000,1.210000,178500
2022-11-10,1.350000,1.560000,1.300000,1.530000,1.530000,237500
2022-11-11,1.520000,1.740000,1.510000,1.740000,1.740000,259000
2022-11-14,1.650000,1.700000,1.540000,1.540000,1.540000,125800
2022-11-15,1.530000,1.570000,1.450000,1.460000,1.460000,167500
2022-11-16,1.460000,1.480000,1.400000,1.440000,1.440000,46000
2022-11-17,1.450000,1.450000,1.340000,1.360000,1.360000,104300
2022-11-18,1.370000,1.390000,1.300000,1.350000,1.350000,106000
2022-11-21,1.330000,1.360000,1.300000,1.320000,1.320000,94700
2022-11-22,1.330000,1.470000,1.290000,1.420000,1.420000,112900
2022-11-23,1.430000,1.460000,1.346000,1.370000,1.370000,146100
2022-11-25,1.360000,1.380000,1.320000,1.330000,1.330000,42200
2022-11-28,1.300000,1.330000,1.250000,1.300000,1.300000,117300
2022-11-29,1.300000,1.360000,1.280000,1.340000,1.340000,110700
2022-11-30,1.320000,1.400000,1.290000,1.340000,1.340000,92700
2022-12-01,1.330000,1.390000,1.330000,1.330000,1.330000,47300
2022-12-02,1.320000,1.350000,1.320000,1.340000,1.340000,34000
2022-12-05,1.320000,1.340000,1.280000,1.290000,1.290000,84400
2022-12-06,1.290000,1.310000,1.240000,1.270000,1.270000,71300
2022-12-07,1.230000,1.270000,1.230000,1.230000,1.230000,74500
2022-12-08,1.230000,1.260000,1.210000,1.240000,1.240000,79400
2022-12-09,1.250000,1.300000,1.220000,1.250000,1.250000,101600
2022-12-12,1.250000,1.280000,1.240000,1.260000,1.260000,55100
2022-12-13,1.320000,1.370000,1.230000,1.250000,1.250000,187300
2022-12-14,1.240000,1.263000,1.220000,1.220000,1.220000,136100
2022-12-15,1.220000,1.250000,1.210000,1.210000,1.210000,119800
2022-12-16,1.200000,1.240000,1.150000,1.200000,1.200000,288500
2022-12-19,1.180000,1.200000,1.150000,1.150000,1.150000,126800
2022-12-20,1.160000,1.190000,1.160000,1.160000,1.160000,73800
2022-12-21,1.150000,1.190000,1.150000,1.170000,1.170000,73500
2022-12-22,1.150000,1.190000,1.140000,1.190000,1.190000,85400
2022-12-23,1.190000,1.200000,1.156000,1.170000,1.170000,87900
2022-12-27,1.150000,1.170000,1.110000,1.120000,1.120000,233400
2022-12-28,1.100000,1.147000,1.100000,1.130000,1.130000,125700
2022-12-29,1.130000,1.160000,1.120000,1.120000,1.120000,120800
2022-12-30,1.100000,1.140000,1.100000,1.140000,1.140000,145200
2023-01-03,1.110000,1.160000,1.100000,1.130000,1.130000,109500
2023-01-04,1.130000,1.310000,1.130000,1.280000,1.280000,286800
2023-01-05,1.290000,1.410000,1.262000,1.350000,1.350000,140700
2023-01-06,1.360000,1.380000,1.290000,1.320000,1.320000,107700
2023-01-09,1.300000,1.350000,1.290000,1.330000,1.330000,112500
2023-01-10,1.330000,1.470000,1.330000,1.440000,1.440000,149200
2023-01-11,1.450000,1.540000,1.418000,1.490000,1.490000,148500
2023-01-12,1.530000,1.600000,1.447000,1.600000,1.600000,124700
2023-01-13,1.600000,1.628000,1.539000,1.600000,1.600000,124100
2023-01-17,1.580000,1.680000,1.550000,1.670000,1.670000,141800
2023-01-18,1.700000,1.765000,1.600000,1.620000,1.620000,319600
2023-01-19,1.640000,1.654000,1.510000,1.620000,1.620000,177200
2023-01-20,1.630000,1.850000,1.610000,1.810000,1.810000,298800
2023-01-23,1.820000,1.950000,1.820000,1.870000,1.870000,178700
2023-01-24,1.840000,1.880000,1.640000,1.855000,1.855000,185100
2023-01-25,1.800000,2.000000,1.780000,1.880000,1.880000,309900
2023-01-26,1.910000,1.930000,1.830000,1.880000,1.880000,115200
2023-01-27,1.840000,1.920000,1.840000,1.860000,1.860000,125600
2023-01-30,1.860000,1.860000,1.670000,1.670000,1.670000,167000
2023-01-31,1.670000,1.820000,1.654000,1.725000,1.725000,85700
2023-02-01,1.730000,1.760000,1.660000,1.700000,1.700000,124000
2023-02-02,1.740000,1.790000,1.690000,1.720000,1.720000,143400
2023-02-03,1.670000,1.740000,1.670000,1.730000,1.730000,108300
2023-02-06,1.730000,1.798000,1.730000,1.780000,1.780000,69400
2023-02-07,1.760000,1.760000,1.690000,1.710000,1.710000,61600
2023-02-08,1.690000,1.810000,1.690000,1.740000,1.740000,97300
2023-02-09,1.750000,1.810000,1.720000,1.720000,1.720000,46500
2023-02-10,1.740000,1.779000,1.650000,1.680000,1.680000,83600
2023-02-13,1.650000,1.710000,1.600000,1.600000,1.600000,74600
2023-02-14,1.590000,1.680000,1.590000,1.660000,1.660000,106600
2023-02-15,1.670000,1.790000,1.670000,1.790000,1.790000,83900
2023-02-16,1.750000,1.880000,1.720000,1.820000,1.820000,115600
2023-02-17,1.830000,1.850000,1.800000,1.830000,1.830000,58800
2023-02-21,1.800000,1.850000,1.660000,1.680000,1.680000,171600
2023-02-22,1.670000,1.850000,1.670000,1.800000,1.800000,84100
2023-02-23,1.790000,1.790000,1.700000,1.730000,1.730000,40600
2023-02-24,1.680000,1.731000,1.660000,1.670000,1.670000,48400
2023-02-27,1.670000,1.728000,1.670000,1.690000,1.690000,35100
2023-02-28,1.690000,1.710000,1.670000,1.670000,1.670000,28200
2023-03-01,1.680000,1.700000,1.660000,1.660000,1.660000,26000
2023-03-02,1.650000,1.650000,1.570000,1.590000,1.590000,56000
2023-03-03,1.580000,1.790000,1.580000,1.730000,1.730000,140400
2023-03-06,1.730000,1.750000,1.650000,1.665000,1.665000,48300
2023-03-07,1.660000,1.680000,1.560000,1.620000,1.620000,133800
2023-03-08,1.610000,1.610000,1.570000,1.570000,1.570000,20100
2023-03-09,1.560000,1.588000,1.410000,1.420000,1.420000,150200
2023-03-10,1.430000,1.440000,1.400000,1.405000,1.405000,53600
2023-03-13,1.400000,1.450000,1.350000,1.410000,1.410000,154300
2023-03-14,1.420000,1.450000,1.400000,1.410000,1.410000,57600
2023-03-15,1.380000,1.405000,1.200000,1.360000,1.360000,133900
2023-03-16,1.300000,1.410000,1.300000,1.400000,1.400000,56900
2023-03-17,1.400000,1.420000,1.350000,1.350000,1.350000,118200
2023-03-20,1.390000,1.397000,1.370000,1.380000,1.380000,40900
2023-03-21,1.410000,1.440000,1.326000,1.350000,1.350000,90100
2023-03-22,1.370000,1.410000,1.350000,1.355000,1.355000,34000
2023-03-23,1.370000,1.402000,1.280000,1.310000,1.310000,77900
2023-03-24,1.280000,1.390000,1.280000,1.370000,1.370000,39000
2023-03-27,1.390000,1.490000,1.390000,1.440000,1.440000,76700
2023-03-28,1.430000,1.458000,1.360000,1.360000,1.360000,53400
2023-03-29,1.410000,1.500000,1.356000,1.470000,1.470000,73700
2023-03-30,1.520000,1.635000,1.489000,1.600000,1.600000,276500
2023-03-31,1.260000,1.350000,1.220000,1.350000,1.350000,548100
2023-04-03,1.400000,1.420000,1.300000,1.380000,1.380000,219700
2023-04-04,1.350000,1.390000,1.330000,1.340000,1.340000,102100
2023-04-05,1.330000,1.330000,1.180000,1.185000,1.185000,165000
2023-04-06,1.220000,1.230000,1.160000,1.170000,1.170000,247700
2023-04-10,1.170000,1.175000,1.130000,1.150000,1.150000,151200
2023-04-11,1.150000,1.220000,1.130000,1.190000,1.190000,142600
2023-04-12,1.120000,1.200000,1.120000,1.170000,1.170000,133200
2023-04-13,1.170000,1.180000,1.120000,1.120000,1.120000,238400
2023-04-14,1.120000,1.169000,1.080000,1.090000,1.090000,129600
2023-04-17,1.090000,1.090000,1.000000,1.040000,1.040000,360800
2023-04-18,1.120000,1.120000,1.010000,1.070000,1.070000,244900
2023-04-19,1.070000,1.100000,1.025000,1.080000,1.080000,117800
2023-04-20,1.050000,1.080000,1.040000,1.050000,1.050000,57500
2023-04-21,1.060000,1.070000,1.020000,1.060000,1.060000,61000
2023-04-24,1.070000,1.070000,1.030000,1.040000,1.040000,55600
2023-04-25,1.040000,1.040000,1.000000,1.010000,1.010000,85000
2023-04-26,1.010000,1.030000,1.000000,1.030000,1.030000,42500
2023-04-27,1.010000,1.040000,1.010000,1.020000,1.020000,58500
2023-04-28,1.020000,1.060000,1.010000,1.050000,1.050000,77000
2023-05-01,1.050000,1.050000,1.010000,1.010000,1.010000,43900
2023-05-02,1.010000,1.040000,1.000000,1.010000,1.010000,67700
2023-05-03,1.020000,1.030000,1.000000,1.010000,1.010000,38500
2023-05-04,1.000000,1.021000,0.960000,0.968000,0.968000,71400
2023-05-05,0.990000,0.990000,0.961000,0.976000,0.976000,118700
2023-05-08,0.950000,1.010000,0.950000,0.992000,0.992000,47200
2023-05-09,0.970000,1.140000,0.970000,1.100000,1.100000,117200
2023-05-10,1.070000,1.090000,1.000000,1.020000,1.020000,109400
2023-05-11,1.070000,1.081000,1.010000,1.035000,1.035000,296500
2023-05-12,1.080000,1.119000,0.961000,0.983000,0.983000,210600
2023-05-15,1.010000,1.020000,0.961000,0.965000,0.965000,107200
2023-05-16,0.965000,0.975000,0.900000,0.928000,0.928000,129400
2023-05-17,0.910000,0.950000,0.900000,0.947000,0.947000,118300
2023-05-18,0.930000,0.963000,0.885000,0.907000,0.907000,143000
2023-05-19,0.920000,0.950000,0.890000,0.902000,0.902000,91600
2023-05-22,0.915000,1.000000,0.889000,1.000000,1.000000,168500
2023-05-23,1.000000,1.000000,0.936000,0.981000,0.981000,70800
2023-05-24,0.960000,0.980000,0.910000,0.937000,0.937000,151200
2023-05-25,0.930000,0.952000,0.910000,0.930000,0.930000,73100
2023-05-26,0.950000,0.960000,0.920000,0.960000,0.960000,50600
2023-05-30,0.932000,0.958000,0.920000,0.940000,0.940000,72900
2023-05-31,0.930000,0.954000,0.918000,0.918000,0.918000,45200
2023-06-01,0.910000,0.930000,0.880000,0.905000,0.905000,130400
2023-06-02,0.900000,0.939000,0.885000,0.890000,0.890000,159800
2023-06-05,0.870000,0.875000,0.815000,0.870000,0.870000,168100
2023-06-06,0.860000,0.870000,0.820000,0.829000,0.829000,180700
2023-06-07,0.850000,0.870000,0.831000,0.870000,0.870000,70900
2023-06-08,0.850000,0.883000,0.810000,0.820000,0.820000,89600
2023-06-09,0.820000,0.859000,0.792000,0.792000,0.792000,174000
2023-06-12,0.790000,0.820000,0.750000,0.773000,0.773000,321900
2023-06-13,0.780000,0.947000,0.755000,0.930000,0.930000,176100
2023-06-14,0.940000,0.940000,0.823000,0.870000,0.870000,161600
2023-06-15,0.860000,0.960000,0.841000,0.952000,0.952000,128800
2023-06-16,0.970000,1.090000,0.952000,1.080000,1.080000,297400
2023-06-20,1.090000,1.135000,1.030000,1.040000,1.040000,107200
2023-06-21,1.030000,1.040000,0.955000,1.000000,1.000000,46600
2023-06-22,0.990000,1.040000,0.955000,0.974000,0.974000,38500
2023-06-23,0.962000,0.996000,0.901000,0.930000,0.930000,74700
2023-06-26,0.910000,0.949000,0.901000,0.930000,0.930000,101900
2023-06-27,0.930000,1.010000,0.910000,1.010000,1.010000,88900
2023-06-28,0.960000,0.990000,0.940000,0.950000,0.950000,39700
2023-06-29,0.933000,0.990000,0.850000,0.870000,0.870000,154300
2023-06-30,0.890000,0.941000,0.851000,0.933000,0.933000,92900
2023-07-03,0.920000,0.946000,0.910000,0.930000,0.930000,42000
2023-07-05,0.913000,0.948000,0.910000,0.940000,0.940000,59300
2023-07-06,0.920000,0.936000,0.910000,0.919000,0.919000,37500
2023-07-07,0.910000,0.968000,0.910000,0.965000,0.965000,60600
2023-07-10,0.940000,1.000000,0.934000,0.990000,0.990000,58600
2023-07-11,0.980000,1.050000,0.965000,1.040000,1.040000,72900
2023-07-12,1.110000,1.110000,1.010000,1.050000,1.050000,103300
2023-07-13,1.100000,1.100000,0.980000,0.984000,0.984000,155400
2023-07-14,1.010000,1.030000,0.984000,0.990000,0.990000,50800
2023-07-17,0.988000,1.060000,0.988000,1.040000,1.040000,97100
2023-07-18,1.040000,1.060000,1.030000,1.050000,1.050000,93300
2023-07-19,1.080000,1.088000,1.000000,1.030000,1.030000,85300
2023-07-20,1.070000,1.070000,1.020000,1.050000,1.050000,67100
2023-07-21,1.040000,1.050000,1.010000,1.040000,1.040000,49700
2023-07-24,1.010000,1.040000,1.000000,1.000000,1.000000,39000
2023-07-25,1.000000,1.030000,0.980000,0.990000,0.990000,50200
2023-07-26,0.980000,1.030000,0.980000,1.030000,1.030000,40800
2023-07-27,1.010000,1.040000,0.993000,1.020000,1.020000,65200
2023-07-28,1.010000,1.030000,1.000000,1.020000,1.020000,83700
2023-07-31,1.000000,1.160000,1.000000,1.110000,1.110000,458000
2023-08-01,1.130000,1.140000,1.060000,1.100000,1.100000,97900
2023-08-02,1.070000,1.090000,1.040000,1.050000,1.050000,48300
2023-08-03,1.060000,1.060000,1.040000,1.040000,1.040000,13200
2023-08-04,1.020000,1.040000,1.000000,1.010000,1.010000,65000
2023-08-07,1.050000,1.050000,0.971000,0.980000,0.980000,52200
2023-08-08,1.000000,1.020000,0.980000,0.990000,0.990000,50000
2023-08-09,0.988000,1.010000,0.950000,0.966000,0.966000,34100
2023-08-10,0.950000,1.000000,0.910000,0.918000,0.918000,56000
2023-08-11,0.910000,0.955000,0.910000,0.955000,0.955000,18400
2023-08-14,0.910000,0.987000,0.910000,0.947000,0.947000,53900
2023-08-15,0.920000,0.930000,0.823000,0.877000,0.877000,286500
2023-08-16,0.837000,0.884000,0.830000,0.863000,0.863000,154200
2023-08-17,0.850000,0.900000,0.840000,0.853000,0.853000,51000
2023-08-18,0.840000,0.850000,0.810000,0.841000,0.841000,52900
2023-08-21,0.834000,0.848000,0.800000,0.806000,0.806000,64900
2023-08-22,0.806000,0.850000,0.806000,0.823000,0.823000,44300
2023-08-23,0.820000,0.900000,0.810000,0.877000,0.877000,39100
2023-08-24,0.865000,0.865000,0.830000,0.845000,0.845000,31500
2023-08-25,0.840000,0.845000,0.810000,0.811000,0.811000,30700
2023-08-28,0.811000,0.850000,0.811000,0.811000,0.811000,35900
2023-08-29,0.811000,0.848000,0.811000,0.830000,0.830000,22500
2023-08-30,0.823000,0.848000,0.811000,0.818000,0.818000,22600
2023-08-31,0.820000,0.865000,0.819000,0.829000,0.829000,29800
2023-09-01,0.820000,0.860000,0.820000,0.841000,0.841000,142600
2023-09-05,0.810000,0.840000,0.800000,0.812000,0.812000,72000
2023-09-06,0.810000,0.831000,0.750000,0.780000,0.780000,85000
2023-09-07,0.767000,0.780000,0.706000,0.779000,0.779000,122700
2023-09-08,0.776000,0.796000,0.730000,0.733000,0.733000,71900
2023-09-11,0.770000,0.779000,0.700000,0.700000,0.700000,123600
2023-09-12,0.700000,0.700000,0.652000,0.667000,0.667000,137100
2023-09-13,0.675000,0.710000,0.666000,0.695000,0.695000,43400
2023-09-14,0.690000,0.700000,0.690000,0.697000,0.697000,33600
2023-09-15,0.690000,0.700000,0.650000,0.657000,0.657000,136300
2023-09-18,0.680000,0.680000,0.650000,0.673000,0.673000,37500
2023-09-19,0.653000,0.690000,0.653000,0.687000,0.687000,26900
2023-09-20,0.661000,0.730000,0.661000,0.672000,0.672000,53800
2023-09-21,0.672000,0.728000,0.670000,0.701000,0.701000,34300
2023-09-22,0.700000,0.700000,0.673000,0.696000,0.696000,43700
2023-09-25,0.722000,0.730000,0.670000,0.670000,0.670000,44500
2023-09-26,0.680000,0.719000,0.670000,0.674000,0.674000,36800
2023-09-27,0.675000,0.710000,0.675000,0.690000,0.690000,20000
2023-09-28,0.700000,0.709000,0.680000,0.680000,0.680000,18700
2023-09-29,0.688000,0.800000,0.680000,0.709000,0.709000,29100
2023-10-02,0.710000,0.766000,0.670000,0.677000,0.677000,53400
2023-10-03,0.690000,0.744000,0.680000,0.680000,0.680000,23700
2023-10-04,0.680000,0.720000,0.580000,0.650000,0.650000,136100
2023-10-05,0.631000,0.670000,0.612000,0.638000,0.638000,51700
2023-10-06,0.640000,0.695000,0.640000,0.660000,0.660000,57800
2023-10-09,0.660000,0.709000,0.660000,0.685000,0.685000,23300
2023-10-10,0.676000,0.736000,0.651000,0.700000,0.700000,33900
2023-10-11,0.700000,0.720000,0.663000,0.680000,0.680000,25800
2023-10-12,0.663000,0.703000,0.651000,0.700000,0.700000,27200
2023-10-13,0.660000,0.700000,0.660000,0.670000,0.670000,15400
2023-10-16,0.661000,0.700000,0.661000,0.665000,0.665000,31600
2023-10-17,0.650000,0.710000,0.650000,0.653000,0.653000,33400
2023-10-18,0.704000,0.704000,0.653000,0.660000,0.660000,22700
2023-10-19,0.651000,0.696000,0.640000,0.640000,0.640000,28900
2023-10-20,0.641000,0.690000,0.610000,0.610000,0.610000,65900
2023-10-23,0.610000,0.624000,0.580000,0.589000,0.589000,51300
2023-10-24,0.650000,0.656000,0.580000,0.593000,0.593000,46000
2023-10-25,0.595000,0.601000,0.530000,0.550000,0.550000,67100
2023-10-26,0.570000,0.590000,0.530000,0.547000,0.547000,30700
2023-10-27,0.540000,0.574000,0.500000,0.530000,0.530000,105300
2023-10-30,0.515000,0.570000,0.515000,0.521000,0.521000,38100
2023-10-31,0.530000,0.563000,0.524000,0.532000,0.532000,30900
2023-11-01,0.550000,0.585000,0.504000,0.510000,0.510000,26900
2023-11-02,0.580000,0.580000,0.530000,0.556000,0.556000,31800
2023-11-03,0.550000,0.650000,0.550000,0.620000,0.620000,60800
2023-11-06,0.620000,0.626000,0.590000,0.600000,0.600000,27800
2023-11-07,0.600000,0.610000,0.581000,0.590000,0.590000,27300
2023-11-08,0.610000,0.620000,0.578000,0.597000,0.597000,25500
2023-11-09,0.589000,0.618000,0.563000,0.566000,0.566000,99400
2023-11-10,0.559000,0.577000,0.530000,0.536000,0.536000,70700
2023-11-13,0.533000,0.550000,0.527000,0.550000,0.550000,72500
2023-11-14,0.526000,0.574000,0.521000,0.570000,0.570000,50100
2023-11-15,0.550000,0.570000,0.540000,0.550000,0.550000,45800
2023-11-16,0.540000,0.580000,0.540000,0.561000,0.561000,38500
2023-11-17,0.570000,0.578000,0.550000,0.572000,0.572000,99800
2023-11-20,0.550000,0.600000,0.550000,0.562000,0.562000,139400
2023-11-21,0.560000,0.608000,0.560000,0.591000,0.591000,77200
2023-11-22,0.569000,0.618000,0.563000,0.600000,0.600000,55800
2023-11-24,0.576000,0.650000,0.576000,0.641000,0.641000,54900
2023-11-27,0.605000,0.750000,0.605000,0.704000,0.704000,125900
2023-11-28,0.730000,0.740000,0.590000,0.719000,0.719000,97900
2023-11-29,0.720000,0.798000,0.719000,0.742000,0.742000,85600
2023-11-30,0.750000,0.755000,0.631000,0.690000,0.690000,58100
2023-12-01,0.660000,0.705000,0.640000,0.690000,0.690000,66700
2023-12-04,0.665000,0.702000,0.660000,0.690000,0.690000,74300
2023-12-05,0.690000,0.719000,0.660000,0.713000,0.713000,93300
2023-12-06,0.693000,0.710000,0.661000,0.700000,0.700000,64400
2023-12-07,0.674000,0.686000,0.665000,0.672000,0.672000,110900
2023-12-08,0.665000,0.690000,0.610000,0.640000,0.640000,102000
2023-12-11,0.630000,0.630000,0.551000,0.574000,0.574000,170500
2023-12-12,0.550000,0.574000,0.473000,0.540000,0.540000,484700
2023-12-13,0.534000,0.580000,0.500000,0.558000,0.558000,149000
2023-12-14,0.541000,0.580000,0.500000,0.565000,0.565000,291400
2023-12-15,0.579000,0.580000,0.540000,0.545000,0.545000,129200