Date,Open,High,Low,Close,Adj Close,Volume
1992-09-11,12.954545,12.954545,12.840909,12.840909,3.479238,440
1992-09-14,12.727273,12.727273,12.613636,12.613636,3.417658,1760
1992-09-15,12.500000,12.500000,12.500000,12.500000,3.386868,440
1992-09-16,12.386364,12.386364,12.386364,12.386364,3.356079,220
1992-09-17,12.159091,12.159091,12.159091,12.159091,3.294499,770
1992-09-18,11.931818,11.931818,11.818182,11.818182,3.202130,990
1992-09-21,11.704545,11.704545,10.909091,10.909091,2.955813,9570
1992-09-22,10.681818,10.681818,10.340909,10.340909,2.801864,3850
1992-09-23,9.886364,9.886364,9.318182,9.318182,2.524756,5610
1992-09-24,9.090909,9.090909,7.954545,7.954545,2.155280,5830
1992-09-25,7.840909,7.840909,7.727273,7.840909,2.124490,2860
1992-09-28,7.840909,7.840909,7.840909,7.840909,2.124490,770
1992-09-29,7.840909,7.840909,7.840909,7.840909,2.124490,2420
1992-09-30,7.840909,7.840909,7.840909,7.840909,2.124490,0
1992-10-01,7.840909,7.840909,7.840909,7.840909,2.124490,0
1992-10-02,7.840909,7.840909,7.840909,7.840909,2.124490,0
1992-10-05,7.840909,7.840909,7.840909,7.840909,2.124490,0
1992-10-06,7.840909,7.840909,7.272727,7.272727,1.970542,4290
1992-10-07,7.386364,7.500000,7.272727,7.272727,1.970542,1980
1992-10-08,7.386364,7.500000,7.386364,7.386364,2.001331,4070
1992-10-09,7.386364,7.386364,7.386364,7.386364,2.001331,0
1992-10-12,7.272727,7.272727,7.045455,7.045455,1.908962,1650
1992-10-13,7.159091,7.272727,7.045455,7.045455,1.908962,2420
1992-10-14,6.931818,6.931818,6.818182,6.818182,1.847383,2090
1992-10-15,6.704545,6.931818,6.704545,6.931818,1.878173,990
1992-10-16,6.931818,6.931818,6.704545,6.704545,1.816593,1760
1992-10-19,6.818182,6.818182,6.818182,6.818182,1.847383,770
1992-10-20,6.931818,6.931818,6.818182,6.818182,1.847383,2860
1992-10-21,6.818182,6.818182,6.704545,6.704545,1.816593,1100
1992-10-22,6.818182,6.818182,6.704545,6.704545,1.816593,880
1992-10-23,6.590909,6.590909,6.477273,6.477273,1.755013,2860
1992-10-26,6.363636,6.363636,6.136364,6.136364,1.662645,770
1992-10-27,6.136364,6.136364,6.136364,6.136364,1.662645,0
1992-10-28,6.250000,6.250000,6.022727,6.250000,1.693434,9570
1992-10-29,6.363636,6.818182,6.363636,6.818182,1.847383,5500
1992-10-30,7.045455,7.159091,7.045455,7.159091,1.939752,4400
1992-11-02,6.931818,7.159091,6.818182,6.818182,1.847383,6160
1992-11-03,7.045455,7.159091,7.045455,7.045455,1.908962,7700
1992-11-04,7.045455,7.045455,7.045455,7.045455,1.908962,0
1992-11-05,7.045455,7.045455,6.931818,6.931818,1.878173,7370
1992-11-06,6.931818,7.045455,6.931818,7.045455,1.908962,1320
1992-11-09,7.159091,7.159091,6.931818,6.931818,1.878173,4070
1992-11-10,6.931818,7.045455,6.931818,7.045455,1.908962,1980
1992-11-11,7.045455,7.045455,7.045455,7.045455,1.908962,0
1992-11-12,7.159091,7.386364,7.045455,7.386364,2.001331,2200
1992-11-13,7.500000,7.727273,7.500000,7.500000,2.032121,1430
1992-11-16,7.613636,7.727273,7.613636,7.727273,2.093700,660
1992-11-17,7.727273,7.727273,7.500000,7.500000,2.032121,2860
1992-11-18,7.727273,7.840909,7.727273,7.840909,2.124490,1650
1992-11-19,7.954545,7.954545,7.954545,7.954545,2.155280,770
1992-11-20,7.954545,7.954545,7.954545,7.954545,2.155280,0
1992-11-23,7.954545,7.954545,7.386364,7.386364,2.001331,9460
1992-11-24,7.500000,7.500000,7.386364,7.500000,2.032121,5610
1992-11-25,7.386364,7.386364,7.272727,7.272727,1.970542,17930
1992-11-27,7.272727,7.386364,7.272727,7.386364,2.001331,1870
1992-11-30,7.272727,7.272727,7.272727,7.272727,1.970542,1100
1992-12-01,7.272727,7.386364,7.272727,7.386364,2.001331,1210
1992-12-02,7.386364,7.727273,7.386364,7.727273,2.093700,4070
1992-12-03,7.727273,7.840909,7.613636,7.840909,2.124490,1760
1992-12-04,7.727273,8.068182,7.727273,7.954545,2.155280,5280
1992-12-07,8.068182,8.068182,7.954545,8.068182,2.186069,2750
1992-12-08,8.181818,8.181818,7.840909,7.840909,2.124490,3300
1992-12-09,7.840909,8.068182,7.840909,8.068182,2.186069,990
1992-12-10,8.181818,8.181818,8.181818,8.181818,2.216859,1100
1992-12-11,8.181818,8.181818,8.181818,8.181818,2.216859,1760
1992-12-14,8.295455,8.295455,7.954545,8.181818,2.216859,2860
1992-12-15,8.068182,8.409091,8.068182,8.409091,2.278439,2310
1992-12-16,8.409091,8.750000,8.409091,8.409091,2.278439,7150
1992-12-17,8.522727,8.863636,8.522727,8.750000,2.370808,6160
1992-12-18,8.863636,9.090909,8.636364,9.090909,2.463177,8140
1992-12-21,9.090909,9.090909,9.090909,9.090909,2.463177,880
1992-12-22,9.090909,9.090909,9.090909,9.090909,2.463177,770
1992-12-23,8.977273,8.977273,8.863636,8.863636,2.401598,3630
1992-12-24,8.750000,8.750000,8.750000,8.750000,2.370808,220
1992-12-28,8.863636,8.863636,8.863636,8.863636,2.401598,550
1992-12-29,8.863636,8.863636,8.863636,8.863636,2.401598,1100
1992-12-30,8.750000,8.750000,8.750000,8.750000,2.370808,2200
1992-12-31,8.977273,8.977273,8.977273,8.977273,2.432388,1650
1993-01-04,8.863636,9.204545,8.863636,9.204545,2.493967,1540
1993-01-05,9.090909,9.431818,9.090909,9.431818,2.555547,1980
1993-01-06,9.545455,9.659091,9.431818,9.659091,2.617126,4400
1993-01-07,9.772727,9.772727,9.545455,9.545455,2.586336,1540
1993-01-08,9.431818,9.772727,9.431818,9.772727,2.647915,1870
1993-01-11,9.659091,9.659091,9.431818,9.659091,2.617126,4840
1993-01-12,9.545455,9.545455,9.431818,9.545455,2.586336,3520
1993-01-13,9.659091,9.886364,9.659091,9.659091,2.617126,2310
1993-01-14,9.659091,9.886364,9.659091,9.886364,2.678705,440
1993-01-15,9.772727,9.886364,9.659091,9.886364,2.678705,3740
1993-01-18,9.886364,9.886364,9.886364,9.886364,2.678705,0
1993-01-19,9.886364,9.886364,9.772727,9.886364,2.678705,2200
1993-01-20,9.772727,9.886364,9.659091,9.886364,2.678705,1540
1993-01-21,9.772727,9.772727,9.659091,9.659091,2.617126,550
1993-01-22,9.659091,9.886364,9.659091,9.886364,2.678705,4070
1993-01-25,9.886364,9.886364,9.886364,9.886364,2.678705,0
1993-01-26,9.659091,9.659091,9.659091,9.659091,2.617126,770
1993-01-27,9.659091,9.772727,9.659091,9.659091,2.617126,3520
1993-01-28,9.659091,9.659091,9.659091,9.659091,2.617126,1650
1993-01-29,9.659091,9.886364,9.659091,9.659091,2.617126,2860
1993-02-01,9.659091,9.886364,9.659091,9.886364,2.678705,1320
1993-02-02,9.772727,10.000000,9.772727,10.000000,2.709495,1870
1993-02-03,10.000000,10.000000,10.000000,10.000000,2.709495,550
1993-02-04,10.000000,10.000000,9.886364,10.000000,2.709495,1430
1993-02-05,10.000000,10.000000,10.000000,10.000000,2.709495,0
1993-02-08,10.000000,10.000000,9.886364,10.000000,2.709495,1320
1993-02-09,10.000000,10.000000,9.886364,9.886364,2.678705,1100
1993-02-10,10.000000,10.000000,9.886364,10.000000,2.709495,1650
1993-02-11,10.000000,10.000000,9.886364,9.886364,2.678705,1760
1993-02-12,9.886364,9.886364,9.886364,9.886364,2.678705,220
1993-02-16,9.886364,9.886364,9.886364,9.886364,2.678705,220
1993-02-17,9.772727,9.772727,9.772727,9.772727,2.647915,660
1993-02-18,9.772727,9.772727,9.318182,9.318182,2.524756,7700
1993-02-19,9.204545,9.204545,9.090909,9.090909,2.463177,1540
1993-02-22,9.318182,9.318182,9.204545,9.318182,2.524756,990
1993-02-23,9.204545,9.204545,9.204545,9.204545,2.493967,440
1993-02-24,9.090909,9.090909,9.090909,9.090909,2.463177,1540
1993-02-25,8.977273,9.090909,8.977273,9.090909,2.463177,1100
1993-02-26,8.977273,9.090909,8.977273,9.090909,2.463177,1430
1993-03-01,9.090909,9.090909,8.863636,8.863636,2.401598,1210
1993-03-02,8.863636,8.863636,8.863636,8.863636,2.401598,0
1993-03-03,8.977273,8.977273,8.977273,8.977273,2.432388,110
1993-03-04,8.750000,8.977273,8.750000,8.977273,2.432388,330
1993-03-05,8.977273,8.977273,8.977273,8.977273,2.432388,110
1993-03-08,8.977273,9.090909,8.863636,8.977273,2.432388,1320
1993-03-09,8.977273,9.090909,8.977273,9.090909,2.463177,550
1993-03-10,8.863636,8.863636,8.863636,8.863636,2.401598,1320
1993-03-11,8.750000,8.750000,8.750000,8.750000,2.370808,220
1993-03-12,8.863636,8.863636,8.750000,8.750000,2.370808,1100
1993-03-15,8.750000,8.750000,8.750000,8.750000,2.370808,0
1993-03-16,8.750000,8.977273,8.750000,8.977273,2.432388,1650
1993-03-17,9.090909,9.090909,8.863636,8.977273,2.432388,1320
1993-03-18,8.863636,8.977273,8.863636,8.977273,2.432388,4070
1993-03-19,8.977273,8.977273,8.977273,8.977273,2.432388,1100
1993-03-22,9.204545,9.204545,9.204545,9.204545,2.493967,220
1993-03-23,9.090909,9.090909,9.090909,9.090909,2.463177,330
1993-03-24,9.090909,9.204545,9.090909,9.204545,2.493967,1430
1993-03-25,9.090909,9.204545,9.090909,9.090909,2.463177,3190
1993-03-26,9.090909,9.090909,9.090909,9.090909,2.463177,770
1993-03-29,9.090909,9.090909,9.090909,9.090909,2.463177,440
1993-03-30,9.204545,9.204545,9.090909,9.090909,2.463177,1100
1993-03-31,8.977273,8.977273,8.750000,8.750000,2.370808,8800
1993-04-01,8.750000,8.863636,8.750000,8.863636,2.401598,1980
1993-04-02,8.750000,8.750000,8.636364,8.636364,2.340019,2090
1993-04-05,8.863636,8.863636,8.750000,8.750000,2.370808,220
1993-04-06,8.750000,8.750000,8.750000,8.750000,2.370808,110
1993-04-07,8.750000,8.750000,8.750000,8.750000,2.370808,220
1993-04-08,8.863636,8.863636,8.750000,8.750000,2.370808,770
1993-04-12,8.750000,8.750000,8.750000,8.750000,2.370808,770
1993-04-13,8.863636,8.863636,8.863636,8.863636,2.401598,660
1993-04-14,8.863636,9.090909,8.863636,9.090909,2.463177,6600
1993-04-15,8.977273,8.977273,8.977273,8.977273,2.432388,220
1993-04-16,8.977273,8.977273,8.863636,8.863636,2.401598,2420
1993-04-19,8.750000,8.863636,8.750000,8.750000,2.370808,1540
1993-04-20,8.863636,8.863636,8.863636,8.863636,2.401598,550
1993-04-21,8.750000,8.750000,8.750000,8.750000,2.370808,880
1993-04-22,8.750000,8.750000,8.750000,8.750000,2.370808,0
1993-04-23,8.636364,8.636364,8.409091,8.409091,2.278439,3190
1993-04-26,8.522727,8.522727,8.522727,8.522727,2.309229,330
1993-04-27,8.409091,8.409091,8.409091,8.409091,2.278439,330
1993-04-28,8.295455,8.295455,8.295455,8.295455,2.247649,990
1993-04-29,8.409091,8.409091,8.409091,8.409091,2.278439,1100
1993-04-30,8.409091,8.636364,8.409091,8.636364,2.340019,1430
1993-05-03,8.522727,8.522727,8.522727,8.522727,2.309229,220
1993-05-04,8.409091,8.409091,8.409091,8.409091,2.278439,1320
1993-05-05,8.409091,8.409091,8.409091,8.409091,2.278439,1100
1993-05-06,8.522727,8.636364,8.522727,8.636364,2.340019,2200
1993-05-07,8.522727,8.522727,8.522727,8.522727,2.309229,440
1993-05-10,8.750000,8.863636,8.636364,8.636364,2.340019,3190
1993-05-11,8.750000,8.750000,8.750000,8.750000,2.370808,1100
1993-05-12,8.750000,8.750000,8.636364,8.636364,2.340019,1320
1993-05-13,8.522727,8.636364,8.522727,8.522727,2.309229,1760
1993-05-14,8.750000,8.750000,8.750000,8.750000,2.370808,550
1993-05-17,8.636364,8.750000,8.636364,8.750000,2.370808,990
1993-05-18,8.636364,8.750000,8.636364,8.636364,2.340019,2420
1993-05-19,8.636364,8.636364,8.636364,8.636364,2.340019,1430
1993-05-20,8.750000,8.750000,8.636364,8.636364,2.340019,2750
1993-05-21,8.636364,8.636364,8.522727,8.522727,2.309229,1100
1993-05-24,8.522727,8.522727,8.522727,8.522727,2.309229,990
1993-05-25,8.636364,8.636364,8.409091,8.409091,2.278439,550
1993-05-26,8.409091,8.409091,8.409091,8.409091,2.278439,1430
1993-05-27,8.295455,8.522727,8.295455,8.522727,2.309229,1430
1993-05-28,8.409091,8.409091,8.409091,8.409091,2.278439,550
1993-06-01,8.295455,8.295455,8.181818,8.181818,2.216859,3300
1993-06-02,8.295455,8.522727,8.295455,8.522727,2.309229,4840
1993-06-03,8.522727,8.522727,8.522727,8.522727,2.309229,440
1993-06-04,8.295455,8.295455,8.295455,8.295455,2.247649,550
1993-06-07,8.295455,8.295455,8.181818,8.181818,2.216859,2860
1993-06-08,8.295455,8.295455,8.295455,8.295455,2.247649,220
1993-06-09,8.409091,8.409091,8.409091,8.409091,2.278439,550
1993-06-10,8.295455,8.522727,8.295455,8.522727,2.309229,2750
1993-06-11,8.522727,8.636364,8.522727,8.636364,2.340019,3300
1993-06-14,8.636364,8.863636,8.636364,8.863636,2.401598,4840
1993-06-15,9.090909,9.204545,8.977273,8.977273,2.432388,3080
1993-06-16,8.977273,9.886364,8.977273,9.886364,2.678705,11000
1993-06-17,9.659091,9.886364,9.659091,9.886364,2.678705,8250
1993-06-18,9.886364,10.340909,9.886364,10.340909,2.801864,7480
1993-06-21,10.340909,10.340909,10.113636,10.340909,2.801864,2970
1993-06-22,10.227273,10.227273,10.000000,10.227273,2.771074,2090
1993-06-23,10.340909,10.340909,10.340909,10.340909,2.801864,220
1993-06-24,10.227273,10.340909,10.227273,10.340909,2.801864,1210
1993-06-25,10.454545,10.454545,10.340909,10.454545,2.832654,3080
1993-06-28,10.454545,10.568182,10.454545,10.568182,2.863444,1650
1993-06-29,10.568182,10.681818,10.568182,10.681818,2.894233,2310
1993-06-30,10.681818,10.681818,10.454545,10.454545,2.832654,2200
1993-07-01,10.454545,10.454545,10.454545,10.454545,2.832654,1430
1993-07-02,10.340909,10.454545,10.227273,10.227273,2.771074,2310
1993-07-06,10.113636,10.340909,10.113636,10.340909,2.801864,3850
1993-07-07,10.454545,10.681818,10.340909,10.568182,2.863444,6930
1993-07-08,10.454545,10.454545,10.227273,10.227273,2.771074,3300
1993-07-09,10.340909,10.340909,9.886364,9.886364,2.678705,4510
1993-07-12,9.886364,10.000000,9.772727,9.772727,2.647915,2860
1993-07-13,9.772727,10.340909,9.772727,10.340909,2.801864,16720
1993-07-14,10.227273,10.340909,10.227273,10.340909,2.801864,660
1993-07-15,10.227273,10.454545,10.227273,10.340909,2.801864,1540
1993-07-16,10.454545,10.454545,10.227273,10.227273,2.771074,660
1993-07-19,10.227273,10.227273,10.227273,10.227273,2.771074,2970
1993-07-20,10.340909,10.340909,10.227273,10.227273,2.771074,550
1993-07-21,10.113636,10.227273,10.113636,10.227273,2.771074,2530
1993-07-22,10.113636,10.227273,10.113636,10.227273,2.771074,3520
1993-07-23,10.227273,10.454545,10.113636,10.227273,2.771074,5060
1993-07-26,10.113636,10.227273,10.113636,10.227273,2.771074,1760
1993-07-27,10.227273,10.227273,10.227273,10.227273,2.771074,2860
1993-07-28,10.227273,10.227273,10.227273,10.227273,2.771074,330
1993-07-29,10.340909,10.454545,10.227273,10.227273,2.771074,2860
1993-07-30,10.227273,10.340909,10.113636,10.340909,2.801864,4510
1993-08-02,10.340909,10.681818,10.340909,10.568182,2.863444,4950
1993-08-03,10.681818,11.250000,10.681818,11.136364,3.017392,22110
1993-08-04,11.136364,11.590909,11.136364,11.363636,3.078970,12760
1993-08-05,11.477273,11.477273,11.363636,11.477273,3.109761,4730
1993-08-06,11.590909,11.590909,11.363636,11.477273,3.109761,3080
1993-08-09,11.363636,11.477273,11.363636,11.363636,3.078970,7260
1993-08-10,11.363636,11.477273,11.022727,11.136364,3.017392,63030
1993-08-11,11.136364,11.250000,11.136364,11.136364,3.017392,4180
1993-08-12,11.250000,11.250000,10.909091,10.909091,2.955813,4400
1993-08-13,10.909091,10.909091,10.568182,10.681818,2.894233,4840
1993-08-16,10.681818,10.909091,10.568182,10.909091,2.955813,16500
1993-08-17,10.795455,10.795455,10.568182,10.568182,2.863444,4180
1993-08-18,10.681818,10.681818,10.568182,10.568182,2.863444,3520
1993-08-19,10.795455,10.795455,10.568182,10.568182,2.863444,2310
1993-08-20,10.681818,10.681818,10.568182,10.681818,2.894233,2200
1993-08-23,10.681818,10.681818,10.568182,10.568182,2.863444,770
1993-08-24,10.568182,10.681818,10.568182,10.568182,2.863444,1320
1993-08-25,10.568182,10.795455,10.568182,10.681818,2.894233,8030
1993-08-26,10.795455,10.795455,10.681818,10.681818,2.894233,1210
1993-08-27,10.681818,10.795455,10.681818,10.795455,2.925023,1980
1993-08-30,10.681818,10.681818,10.568182,10.681818,2.894233,2310
1993-08-31,10.568182,10.681818,10.568182,10.681818,2.894233,4180
1993-09-01,10.568182,10.795455,10.568182,10.568182,2.863444,3410
1993-09-02,10.568182,10.568182,10.454545,10.568182,2.863444,4510
1993-09-03,10.454545,10.568182,10.340909,10.340909,2.801864,2200
1993-09-07,10.454545,10.568182,10.340909,10.340909,2.801864,4840
1993-09-08,10.340909,10.454545,10.340909,10.454545,2.832654,1320
1993-09-09,10.340909,10.454545,10.227273,10.227273,2.771074,4070
1993-09-10,10.227273,10.227273,10.113636,10.113636,2.740284,2640
1993-09-13,10.227273,10.454545,10.227273,10.454545,2.832654,5280
1993-09-14,10.227273,10.227273,10.113636,10.113636,2.740284,3080
1993-09-15,10.113636,10.227273,10.113636,10.113636,2.740284,2750
1993-09-16,10.000000,10.000000,9.886364,9.886364,2.678705,2530
1993-09-17,10.000000,10.000000,10.000000,10.000000,2.709495,7700
1993-09-20,10.000000,10.113636,10.000000,10.000000,2.709495,4180
1993-09-21,10.000000,10.113636,10.000000,10.000000,2.709495,770
1993-09-22,10.000000,10.113636,10.000000,10.113636,2.740284,2310
1993-09-23,10.000000,10.113636,10.000000,10.113636,2.740284,1100
1993-09-24,10.113636,10.113636,10.000000,10.000000,2.709495,1650
1993-09-27,10.000000,10.227273,9.886364,9.886364,2.678705,4950
1993-09-28,10.000000,10.000000,9.886364,9.886364,2.678705,5170
1993-09-29,10.000000,10.000000,9.886364,9.886364,2.678705,1650
1993-09-30,9.886364,10.000000,9.886364,10.000000,2.709495,2970
1993-10-01,10.113636,10.113636,9.886364,10.000000,2.709495,1650
1993-10-04,9.772727,9.886364,9.772727,9.772727,2.647915,3190
1993-10-05,9.772727,9.886364,9.772727,9.772727,2.647915,1210
1993-10-06,9.772727,9.772727,9.772727,9.772727,2.647915,990
1993-10-07,9.772727,9.886364,9.772727,9.886364,2.678705,4620
1993-10-08,9.772727,9.886364,9.772727,9.886364,2.678705,770
1993-10-11,9.772727,9.886364,9.772727,9.886364,2.678705,1320
1993-10-12,10.000000,10.113636,9.886364,10.113636,2.740284,6270
1993-10-13,10.113636,10.340909,10.000000,10.340909,2.801864,5830
1993-10-14,10.340909,10.454545,10.227273,10.340909,2.801864,5500
1993-10-15,10.227273,10.568182,10.227273,10.568182,2.863444,5830
1993-10-18,10.454545,10.454545,10.454545,10.454545,2.832654,3740
1993-10-19,10.454545,10.454545,10.340909,10.340909,2.801864,660
1993-10-20,10.227273,10.454545,10.227273,10.227273,2.771074,5390
1993-10-21,10.340909,10.340909,10.340909,10.340909,2.801864,990
1993-10-22,10.340909,10.795455,10.340909,10.681818,2.894233,9680
1993-10-25,10.795455,10.795455,10.568182,10.681818,2.894233,1980
1993-10-26,10.568182,10.568182,10.454545,10.568182,2.863444,5500
1993-10-27,10.568182,10.681818,10.568182,10.681818,2.894233,990
1993-10-28,10.454545,10.454545,10.454545,10.454545,2.832654,1320
1993-10-29,10.454545,10.681818,10.454545,10.681818,2.894233,3520
1993-11-01,10.795455,10.909091,10.568182,10.909091,2.955813,8580
1993-11-02,10.795455,10.909091,10.795455,10.909091,2.955813,5940
1993-11-03,10.909091,11.136364,10.909091,11.022727,2.986602,6160
1993-11-04,11.136364,11.250000,11.022727,11.022727,2.986602,7040
1993-11-05,11.136364,12.840909,11.136364,12.840909,3.479238,44990
1993-11-08,13.409091,13.750000,13.295455,13.636364,3.694766,34430
1993-11-09,13.636364,14.090909,13.522727,13.863636,3.756345,18150
1993-11-10,13.863636,14.204545,13.522727,13.522727,3.663976,22550
1993-11-11,13.522727,13.863636,13.409091,13.636364,3.694766,12650
1993-11-12,13.522727,13.636364,13.409091,13.409091,3.633186,8800
1993-11-15,13.522727,13.863636,13.522727,13.750000,3.725555,13420
1993-11-16,13.750000,13.750000,13.522727,13.636364,3.694766,17820
1993-11-17,13.636364,13.636364,13.295455,13.409091,3.633186,6930
1993-11-18,13.409091,13.750000,13.409091,13.636364,3.694766,3630
1993-11-19,13.636364,13.750000,13.636364,13.636364,3.694766,3520
1993-11-22,13.750000,13.750000,13.409091,13.522727,3.663976,6270
1993-11-23,13.409091,13.522727,13.181818,13.409091,3.633186,5610
1993-11-24,13.522727,13.522727,13.295455,13.295455,3.602396,1430
1993-11-26,13.295455,13.295455,13.295455,13.295455,3.602396,550
1993-11-29,13.409091,13.409091,13.295455,13.409091,3.633186,6600
1993-11-30,13.295455,13.295455,13.181818,13.295455,3.602396,14850
1993-12-01,13.295455,13.409091,13.295455,13.295455,3.602396,2750
1993-12-02,13.409091,13.409091,13.295455,13.295455,3.602396,2860
1993-12-03,13.409091,13.522727,13.181818,13.181818,3.571607,2530
1993-12-06,13.409091,13.409091,13.295455,13.295455,3.602396,9350
1993-12-07,13.295455,13.409091,13.295455,13.295455,3.602396,3630
1993-12-08,13.295455,13.409091,13.295455,13.295455,3.602396,4620
1993-12-09,13.181818,13.295455,12.954545,12.954545,3.510027,13530
1993-12-10,12.840909,13.068182,12.840909,12.954545,3.510027,10450
1993-12-13,12.500000,12.727273,12.386364,12.613636,3.588918,9240
1993-12-14,12.613636,12.727273,12.500000,12.500000,3.556586,11990
1993-12-15,12.613636,12.613636,12.500000,12.500000,3.556586,2310
1993-12-16,12.613636,12.613636,12.500000,12.500000,3.556586,2200
1993-12-17,12.613636,12.613636,12.500000,12.613636,3.588918,5060
1993-12-20,12.613636,12.613636,12.500000,12.500000,3.556586,3630
1993-12-21,12.613636,12.840909,12.613636,12.727273,3.621252,6930
1993-12-22,12.613636,12.727273,12.613636,12.727273,3.621252,1650
1993-12-23,12.727273,12.727273,12.500000,12.613636,3.588918,12760
1993-12-27,12.613636,12.727273,12.613636,12.613636,3.588918,7370
1993-12-28,12.840909,12.954545,12.727273,12.840909,3.653584,6820
1993-12-29,12.840909,12.954545,12.727273,12.954545,3.685917,2310
1993-12-30,12.840909,13.068182,12.840909,12.840909,3.653584,9350
1993-12-31,12.954545,13.181818,12.840909,13.181818,3.750582,8580
1994-01-03,13.409091,13.750000,13.409091,13.750000,3.912244,15620
1994-01-04,13.863636,14.090909,13.750000,14.090909,4.009242,18480
1994-01-05,14.090909,14.090909,13.863636,13.977273,3.976910,12650
1994-01-06,14.204545,14.545455,14.090909,14.545455,4.138574,7040
1994-01-07,14.772727,16.250000,14.772727,15.568182,4.429567,32340
1994-01-10,15.681818,15.681818,15.113636,15.454545,4.397233,18040
1994-01-11,15.113636,15.227273,14.886364,15.000000,4.267903,11660
1994-01-12,14.886364,15.000000,14.772727,14.772727,4.203238,3410
1994-01-13,15.000000,15.113636,14.431818,14.659091,4.170906,14740
1994-01-14,14.659091,14.772727,14.659091,14.659091,4.170906,1760
1994-01-17,14.659091,14.886364,14.659091,14.886364,4.235570,4290
1994-01-18,14.886364,15.340909,14.772727,15.340909,4.364901,9020
1994-01-19,15.454545,15.909091,15.454545,15.568182,4.429567,14850
1994-01-20,15.795455,15.909091,15.454545,15.454545,4.397233,12320
1994-01-21,15.454545,15.681818,15.454545,15.681818,4.461899,6930
1994-01-24,15.681818,15.909091,15.681818,15.795455,4.494233,3520
1994-01-25,15.909091,15.909091,15.681818,15.681818,4.461899,6930
1994-01-26,15.681818,15.795455,15.340909,15.568182,4.429567,23320
1994-01-27,15.795455,16.022726,15.795455,15.909091,4.526564,9020
1994-01-28,15.909091,16.250000,15.909091,16.022726,4.558897,49830
1994-01-31,16.022726,16.022726,15.909091,15.909091,4.526564,6490
1994-02-01,15.795455,16.022726,15.681818,15.909091,4.526564,6820
1994-02-02,15.909091,15.909091,15.568182,15.681818,4.461899,7590
1994-02-03,15.681818,16.363636,15.681818,16.363636,4.655895,27060
1994-02-04,16.363636,16.590908,15.681818,15.681818,4.461899,11330
1994-02-07,15.454545,15.454545,15.340909,15.340909,4.364901,7150
1994-02-08,15.340909,15.568182,15.340909,15.568182,4.429567,4510
1994-02-09,15.568182,15.795455,15.568182,15.795455,4.494233,1980
1994-02-10,15.681818,15.795455,15.681818,15.795455,4.494233,15620
1994-02-11,15.795455,15.795455,15.681818,15.795455,4.494233,3520
1994-02-14,15.795455,15.909091,15.795455,15.795455,4.494233,5830
1994-02-15,15.909091,15.909091,15.795455,15.795455,4.494233,2860
1994-02-16,15.795455,16.136364,15.795455,16.136364,4.591229,4620
1994-02-17,16.136364,16.136364,16.022726,16.136364,4.591229,5610
1994-02-18,16.136364,16.136364,16.136364,16.136364,4.591229,4620
1994-02-22,16.250000,16.250000,16.136364,16.136364,4.591229,10340
1994-02-23,16.022726,16.136364,15.909091,15.909091,4.526564,4510
1994-02-24,15.909091,15.909091,15.681818,15.795455,4.494233,3960
1994-02-25,15.568182,15.568182,15.454545,15.454545,4.397233,3300
1994-02-28,15.340909,15.454545,15.340909,15.454545,4.397233,2420
1994-03-01,15.340909,15.568182,15.340909,15.568182,4.429567,3630
1994-03-02,15.795455,15.795455,15.568182,15.568182,4.429567,6600
1994-03-03,15.568182,15.795455,15.568182,15.795455,4.494233,4620
1994-03-04,15.909091,16.022726,15.795455,15.909091,4.526564,6930
1994-03-07,16.022726,16.022726,15.795455,15.795455,4.494233,22770
1994-03-08,15.681818,15.795455,15.568182,15.795455,4.494233,8250
1994-03-09,15.681818,15.795455,15.681818,15.681818,4.461899,1980
1994-03-10,15.568182,15.795455,15.568182,15.568182,4.429567,1540
1994-03-11,15.795455,15.909091,15.795455,15.909091,4.526564,8800
1994-03-14,16.022726,16.022726,15.795455,15.909091,4.526564,10120
1994-03-15,15.795455,16.022726,15.795455,15.795455,4.494233,2420
1994-03-16,15.795455,15.795455,15.795455,15.795455,4.494233,2750
1994-03-17,15.795455,15.795455,15.795455,15.795455,4.494233,110
1994-03-18,15.795455,15.795455,15.795455,15.795455,4.494233,6380
1994-03-21,15.795455,15.909091,15.681818,15.909091,4.526564,10120
1994-03-22,15.795455,15.795455,15.568182,15.681818,4.461899,2420
1994-03-23,15.681818,15.681818,15.568182,15.568182,4.429567,1210
1994-03-24,15.568182,15.568182,15.454545,15.454545,4.397233,5610
1994-03-25,15.340909,15.340909,15.227273,15.227273,4.332569,1100
1994-03-28,15.227273,15.227273,14.659091,14.659091,4.170906,4950
1994-03-29,14.545455,14.545455,14.204545,14.204545,4.041574,6160
1994-03-30,13.863636,13.863636,13.636364,13.636364,3.879913,8140
1994-03-31,13.636364,13.636364,13.522727,13.522727,3.847579,3190
1994-04-04,13.181818,13.409091,13.181818,13.295455,3.782915,4290
1994-04-05,13.522727,13.863636,13.522727,13.750000,3.912244,4070
1994-04-06,13.977273,13.977273,13.750000,13.863636,3.944578,1870
1994-04-07,14.090909,14.090909,13.977273,13.977273,3.976910,660
1994-04-08,13.977273,13.977273,13.863636,13.863636,3.944578,2090
1994-04-11,13.636364,13.863636,13.636364,13.750000,3.912244,2640
1994-04-12,13.750000,13.750000,13.636364,13.636364,3.879913,2640
1994-04-13,13.636364,13.636364,13.636364,13.636364,3.879913,1980
1994-04-14,13.636364,13.750000,13.636364,13.636364,3.879913,2090
1994-04-15,13.636364,13.636364,13.409091,13.409091,3.815247,3850
1994-04-18,13.409091,13.409091,13.295455,13.295455,3.782915,3960
1994-04-19,13.295455,13.295455,13.181818,13.181818,3.750582,1320
1994-04-20,13.181818,13.181818,12.954545,12.954545,3.685917,4510
1994-04-21,13.068182,13.068182,12.954545,12.954545,3.685917,2310
1994-04-22,12.954545,13.068182,12.840909,12.954545,3.685917,3520
1994-04-25,13.181818,13.295455,13.181818,13.181818,3.750582,4620
1994-04-26,13.295455,13.295455,13.068182,13.068182,3.718249,3190
1994-04-28,13.068182,13.181818,12.954545,13.068182,3.718249,3520
1994-04-29,12.954545,12.954545,12.840909,12.840909,3.653584,1980
1994-05-02,12.840909,13.068182,12.840909,13.068182,3.718249,3850
1994-05-03,13.068182,13.068182,12.727273,12.727273,3.621252,6930
1994-05-04,12.727273,12.840909,12.613636,12.613636,3.588918,8030
1994-05-05,12.613636,12.727273,12.613636,12.613636,3.588918,3190
1994-05-06,12.613636,12.727273,12.613636,12.727273,3.621252,1430
1994-05-09,12.613636,12.613636,12.500000,12.500000,3.556586,11990
1994-05-10,12.613636,12.613636,12.500000,12.613636,3.588918,10890
1994-05-11,12.613636,12.613636,12.386364,12.386364,3.524253,5060
1994-05-12,12.272727,12.272727,12.045455,12.045455,3.427257,3850
1994-05-13,12.159091,12.159091,12.045455,12.045455,3.427257,4620
1994-05-16,12.159091,12.386364,12.159091,12.386364,3.524253,7150
1994-05-17,12.386364,12.386364,12.272727,12.386364,3.524253,5170
1994-05-18,12.613636,12.613636,12.500000,12.613636,3.588918,3410
1994-05-19,12.613636,12.613636,12.500000,12.500000,3.556586,9240
1994-05-20,12.727273,12.727273,12.613636,12.613636,3.588918,4950
1994-05-23,12.613636,12.613636,12.386364,12.500000,3.556586,4400
1994-05-24,12.500000,12.500000,12.272727,12.386364,3.524253,2860
1994-05-25,12.272727,12.386364,12.272727,12.272727,3.491921,3300
1994-05-26,12.272727,12.386364,12.272727,12.386364,3.524253,7480
1994-05-27,12.386364,12.386364,12.159091,12.272727,3.491921,6930
1994-05-31,12.386364,12.500000,12.272727,12.386364,3.524253,4510
1994-06-01,12.613636,12.613636,12.386364,12.386364,3.524253,2860
1994-06-02,12.386364,12.500000,12.386364,12.500000,3.556586,3080
1994-06-03,12.386364,12.613636,12.386364,12.500000,3.556586,5390
1994-06-06,12.500000,12.613636,12.500000,12.500000,3.556586,3850
1994-06-07,12.613636,12.613636,12.386364,12.500000,3.556586,6820
1994-06-08,12.500000,12.500000,12.500000,12.500000,3.556586,770
1994-06-09,12.500000,12.500000,12.386364,12.386364,3.524253,2200
1994-06-10,12.500000,12.500000,12.386364,12.500000,3.556586,3410
1994-06-13,12.500000,12.500000,12.386364,12.386364,3.524253,3850
1994-06-14,12.386364,12.613636,12.386364,12.500000,3.556586,1760
1994-06-15,12.386364,12.613636,12.386364,12.500000,3.556586,1760
1994-06-16,12.386364,12.613636,12.386364,12.613636,3.588918,1650
1994-06-17,12.500000,12.500000,12.500000,12.500000,3.556586,2200
1994-06-20,12.500000,12.500000,12.386364,12.500000,3.556586,2970
1994-06-21,12.386364,12.500000,12.386364,12.500000,3.556586,3300
1994-06-22,12.500000,12.613636,12.500000,12.500000,3.556586,5060
1994-06-23,12.727273,12.727273,12.613636,12.613636,3.588918,17930
1994-06-24,12.500000,12.613636,12.500000,12.613636,3.588918,1980
1994-06-27,12.386364,12.613636,12.386364,12.386364,3.524253,3190
1994-06-28,12.500000,12.500000,12.386364,12.386364,3.524253,2530
1994-06-29,12.386364,12.386364,12.386364,12.386364,3.524253,330
1994-06-30,12.500000,12.500000,12.500000,12.500000,3.556586,1100
1994-07-01,12.500000,12.613636,12.386364,12.613636,3.588918,3740
1994-07-05,12.500000,12.613636,12.500000,12.613636,3.588918,2310
1994-07-06,12.500000,12.613636,12.500000,12.613636,3.588918,550
1994-07-07,12.613636,12.727273,12.613636,12.727273,3.621252,1100
1994-07-08,12.500000,12.727273,12.500000,12.727273,3.621252,4950
1994-07-11,12.727273,12.727273,12.613636,12.613636,3.588918,13640
1994-07-12,12.613636,12.727273,12.613636,12.613636,3.588918,1980
1994-07-13,12.840909,12.840909,12.613636,12.727273,3.621252,3850
1994-07-14,12.727273,12.840909,12.727273,12.727273,3.621252,7590
1994-07-15,12.727273,12.727273,12.727273,12.727273,3.621252,990
1994-07-18,12.727273,12.840909,12.727273,12.727273,3.621252,4400
1994-07-19,12.840909,12.954545,12.840909,12.840909,3.653584,5940
1994-07-20,12.954545,12.954545,12.840909,12.840909,3.653584,3300
1994-07-21,12.727273,12.727273,12.727273,12.727273,3.621252,2530
1994-07-22,12.727273,12.954545,12.727273,12.840909,3.653584,2860
1994-07-25,12.954545,12.954545,12.840909,12.840909,3.653584,3080
1994-07-26,12.840909,12.954545,12.840909,12.954545,3.685917,2640
1994-07-27,12.840909,12.840909,12.840909,12.840909,3.653584,1760
1994-07-28,12.840909,12.840909,12.840909,12.840909,3.653584,2310
1994-07-29,12.840909,12.954545,12.840909,12.954545,3.685917,5940
1994-08-01,12.954545,12.954545,12.727273,12.727273,3.621252,3520
1994-08-02,12.727273,12.840909,12.727273,12.727273,3.621252,2640
1994-08-03,12.727273,12.840909,12.727273,12.840909,3.653584,4510
1994-08-04,12.727273,12.727273,12.727273,12.727273,3.621252,220
1994-08-05,12.613636,12.727273,12.613636,12.613636,3.588918,12210
1994-08-08,12.727273,12.727273,12.613636,12.727273,3.621252,3630
1994-08-09,12.613636,12.727273,12.613636,12.613636,3.588918,1650
1994-08-10,12.613636,12.727273,12.613636,12.613636,3.588918,2750
1994-08-11,12.613636,12.727273,12.613636,12.727273,3.621252,2640
1994-08-12,12.840909,12.840909,12.727273,12.727273,3.621252,3410
1994-08-15,12.727273,12.727273,12.727273,12.727273,3.621252,440
1994-08-16,12.727273,12.840909,12.727273,12.840909,3.653584,1870
1994-08-17,12.727273,12.840909,12.727273,12.727273,3.621252,1870
1994-08-18,12.727273,12.840909,12.727273,12.727273,3.621252,2420
1994-08-19,12.840909,12.840909,12.727273,12.727273,3.621252,5610
1994-08-22,12.840909,12.840909,12.727273,12.727273,3.621252,660
1994-08-23,12.840909,12.840909,12.727273,12.727273,3.621252,1760
1994-08-24,12.727273,12.840909,12.727273,12.727273,3.621252,3190
1994-08-25,12.727273,12.727273,12.727273,12.727273,3.621252,990
1994-08-26,12.840909,12.954545,12.727273,12.840909,3.653584,10890
1994-08-29,12.954545,13.295455,12.954545,13.181818,3.750582,10010
1994-08-30,13.181818,13.181818,13.068182,13.068182,3.718249,1320
1994-08-31,13.068182,13.068182,12.840909,12.954545,3.685917,4840
1994-09-01,12.840909,12.954545,12.840909,12.840909,3.653584,2970
1994-09-02,12.954545,12.954545,12.840909,12.840909,3.653584,3960
1994-09-06,12.954545,12.954545,12.840909,12.840909,3.653584,5170
1994-09-07,12.840909,12.954545,12.840909,12.840909,3.653584,2860
1994-09-08,12.954545,12.954545,12.840909,12.840909,3.653584,660
1994-09-09,12.840909,12.840909,12.727273,12.727273,3.621252,1210
1994-09-12,12.840909,12.840909,12.727273,12.840909,3.653584,6490
1994-09-13,12.727273,12.727273,12.727273,12.727273,3.621252,1100
1994-09-14,12.727273,12.840909,12.727273,12.840909,3.653584,3630
1994-09-15,12.727273,12.840909,12.727273,12.727273,3.621252,1430
1994-09-16,12.727273,12.727273,12.727273,12.727273,3.621252,880
1994-09-19,12.727273,12.840909,12.727273,12.727273,3.621252,1980
1994-09-20,12.840909,12.840909,12.613636,12.613636,3.588918,5940
1994-09-21,12.613636,12.727273,12.500000,12.500000,3.556586,5720
1994-09-22,12.500000,12.613636,12.500000,12.500000,3.556586,2090
1994-09-23,12.613636,12.613636,12.500000,12.500000,3.556586,990
1994-09-26,12.500000,12.500000,12.386364,12.500000,3.556586,3740
1994-09-27,12.500000,12.500000,12.500000,12.500000,3.556586,0
1994-09-28,12.386364,12.500000,12.272727,12.272727,3.491921,2970
1994-09-29,12.386364,12.386364,12.045455,12.045455,3.427257,5830
1994-09-30,12.045455,12.045455,12.045455,12.045455,3.427257,3080
1994-10-03,12.159091,12.159091,12.159091,12.159091,3.459589,1320
1994-10-04,12.159091,12.159091,12.045455,12.045455,3.427257,8360
1994-10-05,12.045455,12.045455,11.590909,11.818182,3.362591,9790
1994-10-06,11.704545,11.704545,11.590909,11.590909,3.297925,7370
1994-10-07,11.477273,11.704545,11.477273,11.590909,3.297925,5830
1994-10-10,11.704545,11.818182,11.704545,11.818182,3.362591,2200
1994-10-11,11.818182,12.045455,11.818182,12.045455,3.427257,4290
1994-10-12,12.045455,12.045455,11.931818,11.931818,3.394923,1210
1994-10-13,11.931818,12.159091,11.931818,12.045455,3.427257,2090
1994-10-14,12.045455,12.159091,12.045455,12.159091,3.459589,1980
1994-10-17,12.045455,12.159091,12.045455,12.159091,3.459589,2200
1994-10-18,12.045455,12.045455,12.045455,12.045455,3.427257,12980
1994-10-19,12.045455,12.159091,11.931818,11.931818,3.394923,2200
1994-10-20,12.045455,12.045455,11.931818,11.931818,3.394923,3190
1994-10-21,11.931818,11.931818,11.818182,11.818182,3.362591,2640
1994-10-24,12.045455,12.045455,11.704545,11.704545,3.330258,15400
1994-10-25,11.704545,11.931818,11.704545,11.931818,3.394923,2860
1994-10-26,11.818182,11.818182,11.818182,11.818182,3.362591,440
1994-10-27,11.704545,11.818182,11.704545,11.818182,3.362591,1760
1994-10-28,11.704545,11.818182,11.704545,11.818182,3.362591,880
1994-10-31,11.931818,11.931818,11.818182,11.818182,3.362591,4400
1994-11-01,11.818182,11.818182,11.818182,11.818182,3.362591,1650
1994-11-02,11.704545,11.931818,11.704545,11.818182,3.362591,3080
1994-11-03,11.704545,11.818182,11.704545,11.704545,3.330258,5390
1994-11-04,11.704545,11.704545,11.590909,11.590909,3.297925,7480
1994-11-07,11.818182,11.931818,11.818182,11.818182,3.362591,2530
1994-11-08,11.704545,11.704545,11.704545,11.704545,3.330258,3300
1994-11-09,11.818182,11.931818,11.818182,11.931818,3.394923,1760
1994-11-10,11.931818,11.931818,11.818182,11.818182,3.362591,1980
1994-11-11,11.818182,11.818182,11.704545,11.704545,3.330258,11440
1994-11-14,11.818182,11.931818,11.704545,11.818182,3.362591,2640
1994-11-15,11.818182,11.818182,11.704545,11.704545,3.330258,1210
1994-11-16,11.818182,11.818182,11.818182,11.818182,3.362591,1210
1994-11-17,11.704545,11.818182,11.704545,11.818182,3.362591,2200
1994-11-18,11.818182,11.818182,11.818182,11.818182,3.362591,1430
1994-11-21,11.931818,12.159091,11.931818,11.931818,3.394923,9020
1994-11-22,12.045455,12.272727,11.931818,12.272727,3.491921,4290
1994-11-23,12.159091,12.159091,12.159091,12.159091,3.459589,550
1994-11-25,12.159091,12.159091,11.931818,11.931818,3.394923,1320
1994-11-28,11.931818,12.159091,11.931818,12.045455,3.427257,6050
1994-11-29,12.272727,12.500000,12.159091,12.272727,3.491921,12870
1994-11-30,12.159091,12.159091,12.159091,12.159091,3.459589,880
1994-12-01,12.159091,12.159091,12.159091,12.159091,3.459589,1210
1994-12-02,12.272727,12.272727,12.159091,12.272727,3.491921,3630
1994-12-05,12.386364,12.500000,12.272727,12.500000,3.556586,1320
1994-12-06,12.386364,12.500000,12.386364,12.500000,3.556586,1870
1994-12-07,12.386364,12.613636,12.386364,12.386364,3.524253,3520
1994-12-08,12.386364,12.500000,12.386364,12.500000,3.556586,1650
1994-12-09,12.159091,12.272727,12.045455,12.272727,3.556587,5720
1994-12-12,12.159091,12.272727,12.159091,12.159091,3.523655,2310
1994-12-13,12.159091,12.159091,12.159091,12.159091,3.523655,1210
1994-12-14,12.045455,12.500000,12.045455,12.500000,3.622448,3740
1994-12-15,12.272727,12.386364,12.272727,12.272727,3.556587,770
1994-12-16,12.272727,12.272727,12.272727,12.272727,3.556587,2090
1994-12-19,12.272727,12.386364,12.272727,12.386364,3.589517,880
1994-12-20,12.159091,12.386364,11.931818,11.931818,3.457792,6930
1994-12-21,11.931818,12.045455,11.818182,11.818182,3.424862,3850
1994-12-22,11.704545,12.159091,11.704545,11.931818,3.457792,1760
1994-12-23,11.818182,12.159091,11.818182,12.045455,3.490723,2530
1994-12-27,11.931818,11.931818,11.704545,11.704545,3.391930,3630
1994-12-28,11.704545,11.818182,11.704545,11.704545,3.391930,2090
1994-12-29,11.704545,11.818182,11.704545,11.704545,3.391930,3630
1994-12-30,11.590909,11.818182,11.590909,11.704545,3.391930,6380
1995-01-03,11.818182,11.818182,11.704545,11.704545,3.391930,660
1995-01-04,11.704545,11.704545,11.704545,11.704545,3.391930,1100
1995-01-05,11.818182,11.931818,11.818182,11.818182,3.424862,2970
1995-01-06,11.931818,11.931818,11.818182,11.818182,3.424862,1100
1995-01-09,11.818182,11.818182,11.818182,11.818182,3.424862,770
1995-01-10,11.704545,11.704545,11.590909,11.590909,3.358999,4290
1995-01-11,11.704545,11.704545,11.590909,11.590909,3.358999,3630
1995-01-12,11.590909,11.704545,11.590909,11.590909,3.358999,5500
1995-01-13,11.590909,11.818182,11.590909,11.818182,3.424862,1870
1995-01-16,11.818182,11.818182,11.818182,11.818182,3.424862,1210
1995-01-17,11.931818,11.931818,11.704545,11.704545,3.391930,2310
1995-01-18,11.590909,11.704545,11.477273,11.477273,3.326067,3190
1995-01-19,11.590909,11.590909,11.590909,11.590909,3.358999,1100
1995-01-20,11.590909,11.704545,11.477273,11.590909,3.358999,1760
1995-01-23,11.590909,11.818182,11.477273,11.477273,3.326067,2860
1995-01-24,11.477273,11.477273,11.477273,11.477273,3.326067,0
1995-01-25,11.477273,11.477273,11.477273,11.477273,3.326067,1430
1995-01-26,11.477273,11.590909,11.477273,11.590909,3.358999,1100
1995-01-27,11.477273,11.590909,11.363636,11.590909,3.358999,3300
1995-01-30,11.477273,11.590909,11.477273,11.590909,3.358999,440
1995-01-31,11.477273,11.590909,11.477273,11.477273,3.326067,2970
1995-02-01,11.477273,11.704545,11.477273,11.590909,3.358999,770
1995-02-02,11.477273,11.704545,11.477273,11.590909,3.358999,2970
1995-02-03,11.704545,11.704545,11.590909,11.590909,3.358999,1650
1995-02-06,11.704545,11.704545,11.590909,11.590909,3.358999,1760
1995-02-07,11.704545,11.704545,11.477273,11.477273,3.326067,1870
1995-02-08,11.477273,11.477273,11.477273,11.477273,3.326067,110
1995-02-09,11.477273,11.704545,11.477273,11.477273,3.326067,3850
1995-02-10,11.477273,11.477273,11.477273,11.477273,3.326067,8690
1995-02-13,11.363636,11.590909,11.363636,11.477273,3.326067,6380
1995-02-14,11.590909,11.590909,11.477273,11.590909,3.358999,2090
1995-02-15,11.477273,11.704545,11.477273,11.477273,3.326067,2200
1995-02-16,11.590909,11.590909,11.477273,11.477273,3.326067,1320
1995-02-17,11.477273,11.590909,11.477273,11.477273,3.326067,4510
1995-02-21,11.477273,11.477273,11.477273,11.477273,3.326067,770
1995-02-22,11.590909,11.590909,11.477273,11.477273,3.326067,2970
1995-02-23,11.477273,11.590909,11.477273,11.590909,3.358999,1760
1995-02-24,11.477273,11.704545,11.477273,11.477273,3.326067,2860
1995-02-27,11.590909,11.590909,11.477273,11.477273,3.326067,4180
1995-02-28,11.477273,11.590909,11.477273,11.590909,3.358999,550
1995-03-01,11.477273,11.477273,11.363636,11.477273,3.326067,5170
1995-03-02,11.363636,11.363636,11.363636,11.363636,3.293135,550
1995-03-03,11.363636,11.590909,11.363636,11.363636,3.293135,3080
1995-03-06,11.363636,11.363636,11.363636,11.363636,3.293135,1210
1995-03-07,11.363636,11.363636,11.250000,11.250000,3.260204,770
1995-03-08,11.363636,11.704545,11.363636,11.477273,3.326067,13200
1995-03-09,11.477273,11.477273,11.363636,11.363636,3.293135,3630
1995-03-10,11.363636,11.363636,11.363636,11.363636,3.293135,4070
1995-03-13,11.250000,11.250000,11.250000,11.250000,3.260204,2640
1995-03-14,11.250000,11.250000,11.136364,11.136364,3.227273,7590
1995-03-15,11.136364,11.477273,11.136364,11.250000,3.260204,6600
1995-03-16,11.477273,11.590909,11.363636,11.477273,3.326067,4510
1995-03-17,11.477273,11.590909,11.363636,11.363636,3.293135,2530
1995-03-20,11.363636,11.590909,11.363636,11.590909,3.358999,3190
1995-03-21,11.363636,11.590909,11.363636,11.590909,3.358999,990
1995-03-22,11.477273,11.477273,11.363636,11.363636,3.293135,1760
1995-03-23,11.477273,11.477273,11.363636,11.363636,3.293135,660
1995-03-24,11.363636,11.477273,11.363636,11.477273,3.326067,1760
1995-03-27,11.363636,11.477273,11.363636,11.363636,3.293135,2310
1995-03-28,11.477273,11.477273,11.363636,11.363636,3.293135,2420
1995-03-29,11.477273,11.704545,11.477273,11.590909,3.358999,7480
1995-03-30,11.477273,11.477273,11.363636,11.477273,3.326067,5940
1995-03-31,11.363636,11.363636,11.250000,11.250000,3.260204,2860
1995-04-03,11.363636,11.477273,11.250000,11.250000,3.260204,5280
1995-04-04,11.250000,11.477273,11.250000,11.477273,3.326067,1760
1995-04-05,11.363636,11.704545,11.363636,11.477273,3.326067,24310
1995-04-06,11.477273,11.477273,11.363636,11.363636,3.293135,3080
1995-04-07,11.363636,11.477273,11.363636,11.363636,3.293135,1870
1995-04-10,11.363636,11.363636,11.363636,11.363636,3.293135,330
1995-04-11,11.363636,11.704545,11.363636,11.590909,3.358999,5940
1995-04-12,11.477273,11.477273,11.363636,11.363636,3.293135,4620
1995-04-13,11.363636,11.477273,11.363636,11.477273,3.326067,2970
1995-04-17,11.477273,11.477273,11.477273,11.477273,3.326067,2090
1995-04-18,11.363636,11.590909,11.363636,11.477273,3.326067,5060
1995-04-19,11.477273,11.477273,11.477273,11.477273,3.326067,770
1995-04-20,11.363636,11.477273,11.363636,11.477273,3.326067,2750
1995-04-21,11.363636,11.363636,11.250000,11.250000,3.260204,6820
1995-04-24,11.363636,11.590909,11.363636,11.590909,3.358999,9460
1995-04-25,11.477273,11.477273,11.250000,11.250000,3.260204,5610
1995-04-26,11.477273,11.477273,11.250000,11.250000,3.260204,6820
1995-04-27,11.250000,11.250000,11.250000,11.250000,3.260204,660
1995-04-28,11.250000,11.250000,11.136364,11.136364,3.227273,19030
1995-05-01,11.136364,11.250000,11.136364,11.136364,3.227273,7920
1995-05-02,11.250000,11.250000,11.250000,11.250000,3.260204,770
1995-05-03,11.250000,11.250000,11.250000,11.250000,3.260204,2090
1995-05-04,11.250000,11.363636,11.250000,11.363636,3.293135,3300
1995-05-05,11.363636,11.477273,11.250000,11.250000,3.260204,4730
1995-05-08,11.250000,11.363636,11.250000,11.250000,3.260204,2310
1995-05-09,11.363636,11.477273,11.363636,11.477273,3.326067,7920
1995-05-10,11.363636,11.704545,11.363636,11.704545,3.391930,12540
1995-05-11,11.704545,11.704545,11.477273,11.477273,3.326067,9020
1995-05-12,11.477273,11.704545,11.477273,11.704545,3.391930,1210
1995-05-15,11.590909,12.159091,11.590909,12.159091,3.523655,19910
1995-05-16,12.159091,12.386364,12.159091,12.386364,3.589517,91080
1995-05-17,12.386364,12.500000,12.045455,12.045455,3.490723,2310
1995-05-18,11.931818,11.931818,11.818182,11.818182,3.424862,3410
1995-05-19,11.818182,12.159091,11.818182,12.159091,3.523655,3300
1995-05-22,12.272727,12.386364,12.045455,12.272727,3.556587,2750
1995-05-23,12.500000,12.954545,12.500000,12.840909,3.721243,9460
1995-05-24,12.727273,12.954545,12.272727,12.272727,3.556587,6820
1995-05-25,12.272727,12.613636,12.272727,12.613636,3.655380,990
1995-05-26,12.386364,12.727273,12.386364,12.727273,3.688312,3520
1995-05-30,12.613636,12.613636,12.386364,12.386364,3.589517,6710
1995-05-31,12.386364,12.613636,12.386364,12.613636,3.655380,2310
1995-06-01,12.500000,12.727273,12.500000,12.500000,3.622448,4730
1995-06-02,12.727273,12.727273,12.613636,12.727273,3.688312,4070
1995-06-05,12.613636,12.840909,12.613636,12.840909,3.721243,10670
1995-06-06,12.840909,12.954545,12.613636,12.613636,3.655380,2750
1995-06-07,12.386364,12.386364,12.386364,12.386364,3.589517,1430
1995-06-08,12.386364,12.386364,12.386364,12.386364,3.589517,1760
1995-06-09,12.613636,12.613636,12.386364,12.386364,3.589517,3740
1995-06-12,12.613636,12.727273,12.613636,12.613636,3.655380,2970
1995-06-13,12.727273,12.954545,12.727273,12.954545,3.754174,3960
1995-06-14,12.954545,12.954545,12.954545,12.954545,3.754174,440
1995-06-15,12.727273,12.727273,12.386364,12.727273,3.688312,7700
1995-06-16,12.613636,12.954545,12.613636,12.840909,3.721243,4510
1995-06-19,12.840909,12.954545,12.727273,12.840909,3.721243,3410
1995-06-20,12.613636,12.954545,12.500000,12.954545,3.754174,7040
1995-06-21,12.840909,13.181818,12.840909,13.181818,3.820037,3960
1995-06-22,13.068182,13.181818,13.068182,13.068182,3.787106,1540
1995-06-23,12.954545,13.409091,12.954545,13.181818,3.820037,2640
1995-06-26,13.181818,13.181818,13.068182,13.068182,3.787106,4400
1995-06-27,13.068182,13.181818,12.954545,13.068182,3.787106,3960
1995-06-28,13.068182,13.068182,13.068182,13.068182,3.787106,1210
1995-06-29,12.954545,12.954545,12.954545,12.954545,3.754174,880
1995-06-30,12.954545,13.068182,12.954545,13.068182,3.787106,2310
1995-07-03,13.068182,13.181818,13.068182,13.068182,3.787106,1540
1995-07-05,12.954545,12.954545,12.954545,12.954545,3.754174,220
1995-07-06,13.181818,13.181818,12.954545,12.954545,3.754174,5390
1995-07-07,13.181818,13.181818,12.613636,12.613636,3.655380,11880
1995-07-10,12.840909,13.068182,12.840909,12.840909,3.721243,7040
1995-07-11,12.840909,12.954545,12.840909,12.954545,3.754174,2640
1995-07-12,12.954545,13.295455,12.954545,12.954545,3.754174,8140
1995-07-13,12.954545,13.068182,12.954545,13.068182,3.787106,4070
1995-07-14,12.954545,13.068182,12.954545,12.954545,3.754174,4180
1995-07-17,13.068182,13.409091,13.068182,13.181818,3.820037,10010
1995-07-18,13.295455,13.409091,13.295455,13.295455,3.852969,3190
1995-07-19,13.181818,13.295455,13.068182,13.068182,3.787106,3520
1995-07-20,13.068182,13.068182,12.954545,12.954545,3.754174,3740
1995-07-21,12.840909,12.954545,12.840909,12.840909,3.721243,6820
1995-07-24,12.840909,13.068182,12.840909,12.840909,3.721243,2420
1995-07-25,13.068182,13.181818,13.068182,13.068182,3.787106,4400
1995-07-26,13.068182,13.409091,13.068182,13.181818,3.820037,11220
1995-07-27,13.181818,13.409091,13.181818,13.181818,3.820037,2860
1995-07-28,13.181818,13.181818,13.181818,13.181818,3.820037,660
1995-07-31,13.181818,13.409091,13.181818,13.181818,3.820037,2970
1995-08-01,13.409091,13.409091,13.068182,13.068182,3.787106,3080
1995-08-02,13.068182,13.181818,12.954545,12.954545,3.754174,3960
1995-08-03,12.954545,12.954545,12.840909,12.840909,3.721243,7260
1995-08-04,12.954545,12.954545,12.840909,12.840909,3.721243,5500
1995-08-07,12.840909,12.840909,12.840909,12.840909,3.721243,3410
1995-08-08,12.727273,12.954545,12.727273,12.954545,3.754174,9020
1995-08-09,13.068182,13.068182,12.840909,12.840909,3.721243,4180
1995-08-10,12.840909,13.068182,12.840909,12.954545,3.754174,2200
1995-08-11,12.840909,12.840909,12.727273,12.727273,3.688312,6710
1995-08-14,12.840909,12.840909,12.840909,12.840909,3.721243,3850
1995-08-15,12.840909,12.954545,12.840909,12.840909,3.721243,3630
1995-08-16,12.954545,12.954545,12.840909,12.954545,3.754174,1980
1995-08-17,12.954545,12.954545,12.840909,12.840909,3.721243,1430
1995-08-18,12.954545,12.954545,12.840909,12.840909,3.721243,1100
1995-08-21,12.954545,13.181818,12.954545,13.068182,3.787106,2090
1995-08-22,12.954545,13.181818,12.840909,13.068182,3.787106,6820
1995-08-23,13.068182,13.068182,12.840909,12.954545,3.754174,4180
1995-08-24,12.954545,12.954545,12.840909,12.840909,3.721243,2640
1995-08-25,12.840909,13.068182,12.840909,13.068182,3.787106,12870
1995-08-28,13.068182,13.068182,12.840909,12.954545,3.754174,2750
1995-08-29,13.068182,13.068182,13.068182,13.068182,3.787106,12980
1995-08-30,13.181818,13.181818,12.954545,12.954545,3.754174,7370
1995-08-31,13.068182,13.068182,12.954545,12.954545,3.754174,2420
1995-09-01,13.068182,13.068182,12.954545,12.954545,3.754174,1210
1995-09-05,13.068182,13.068182,12.954545,12.954545,3.754174,2420
1995-09-06,12.954545,13.181818,12.954545,12.954545,3.754174,6600
1995-09-07,12.954545,13.181818,12.954545,13.181818,3.820037,1650
1995-09-08,13.181818,13.181818,12.954545,12.954545,3.754174,1430
1995-09-11,13.181818,13.522727,13.181818,13.409091,3.885900,10890
1995-09-12,13.522727,13.522727,13.295455,13.295455,3.852969,6270
1995-09-13,13.409091,13.409091,13.068182,13.295455,3.852969,2970
1995-09-14,13.295455,13.636364,13.181818,13.181818,3.820037,7700
1995-09-15,13.181818,13.522727,13.181818,13.522727,3.918831,7700
1995-09-18,13.522727,13.863636,13.522727,13.863636,4.017625,15400
1995-09-19,13.977273,14.545455,13.863636,14.204545,4.116419,25630
1995-09-20,14.204545,14.204545,13.977273,14.090909,4.083488,10450
1995-09-21,14.090909,14.090909,13.977273,14.090909,4.083488,3190
1995-09-22,13.863636,13.977273,13.750000,13.750000,3.984694,4070
1995-09-25,13.977273,14.090909,13.750000,14.090909,4.083488,3300
1995-09-26,14.090909,14.090909,13.750000,13.750000,3.984694,2970
1995-09-27,13.863636,13.977273,13.636364,13.750000,3.984694,5720
1995-09-28,13.977273,13.977273,13.750000,13.977273,4.050557,3520
1995-09-29,13.863636,13.863636,13.636364,13.636364,3.951763,5720
1995-10-02,13.863636,14.090909,13.750000,13.977273,4.050557,5720
1995-10-03,14.090909,14.090909,13.977273,13.977273,4.050557,1540
1995-10-04,13.977273,13.977273,13.863636,13.977273,4.050557,4620
1995-10-05,13.863636,13.977273,13.863636,13.977273,4.050557,770
1995-10-06,13.863636,14.090909,13.863636,13.977273,4.050557,3960
1995-10-09,14.090909,14.431818,13.977273,13.977273,4.050557,8030
1995-10-10,13.863636,14.090909,13.750000,13.750000,3.984694,6380
1995-10-11,13.977273,13.977273,13.636364,13.977273,4.050557,6160
1995-10-12,13.863636,14.090909,13.863636,14.090909,4.083488,3410
1995-10-13,14.204545,14.204545,13.977273,14.090909,4.083488,4730
1995-10-16,14.204545,14.204545,14.090909,14.090909,4.083488,1760
1995-10-17,14.204545,14.204545,14.090909,14.204545,4.116419,990
1995-10-18,14.090909,14.204545,14.090909,14.204545,4.116419,1870
1995-10-19,14.090909,14.204545,14.090909,14.204545,4.116419,880
1995-10-20,14.204545,14.204545,13.977273,13.977273,4.050557,4510
1995-10-23,14.204545,14.204545,14.090909,14.090909,4.083488,330
1995-10-24,14.090909,14.204545,14.090909,14.090909,4.083488,4400
1995-10-25,14.090909,14.090909,13.863636,13.863636,4.017625,3190
1995-10-26,13.977273,14.090909,13.750000,13.750000,3.984694,1320
1995-10-27,13.977273,13.977273,13.636364,13.636364,3.951763,1980
1995-10-30,13.636364,13.977273,13.636364,13.863636,4.017625,6710
1995-10-31,13.977273,13.977273,13.750000,13.750000,3.984694,2420
1995-11-01,13.636364,13.863636,13.636364,13.636364,3.951763,1650
1995-11-02,13.977273,13.977273,13.750000,13.750000,3.984694,3630
1995-11-03,13.863636,13.977273,13.863636,13.977273,4.050557,1980
1995-11-06,14.090909,14.318182,14.090909,14.318182,4.149351,5390
1995-11-07,14.318182,14.318182,14.090909,14.204545,4.116419,4290
1995-11-08,14.090909,14.204545,14.090909,14.090909,4.083488,2310
1995-11-09,14.090909,14.318182,14.090909,14.204545,4.116419,4290
1995-11-10,14.204545,14.431818,14.204545,14.431818,4.182282,8250
1995-11-13,12.500000,12.727273,12.500000,12.727273,4.219960,5170
1995-11-14,12.727273,12.727273,12.500000,12.500000,4.144603,8030
1995-11-15,12.613636,12.613636,12.386364,12.613636,4.182282,10670
1995-11-16,12.500000,12.500000,12.272727,12.386364,4.106925,4620
1995-11-17,12.386364,12.386364,12.272727,12.272727,4.069248,6380
1995-11-20,12.272727,12.272727,11.931818,11.931818,3.956213,9570
1995-11-21,12.045455,12.159091,11.931818,11.931818,3.956213,9240
1995-11-22,11.818182,12.045455,11.818182,12.045455,3.993891,7810
1995-11-24,12.045455,12.045455,12.045455,12.045455,3.993891,660
1995-11-27,12.159091,12.272727,12.045455,12.045455,3.993891,3080
1995-11-28,12.045455,12.045455,11.931818,12.045455,3.993891,2090
1995-11-29,12.045455,12.159091,11.931818,12.159091,4.031569,3520
1995-11-30,12.045455,12.159091,11.931818,11.931818,3.956213,3630
1995-12-01,11.931818,11.931818,11.818182,11.818182,3.918535,4180
1995-12-04,11.818182,11.931818,11.818182,11.931818,3.956213,5500
1995-12-05,11.931818,11.931818,11.931818,11.931818,3.956213,2970
1995-12-06,12.045455,12.159091,12.045455,12.159091,4.031569,5060
1995-12-07,12.045455,12.045455,11.931818,11.931818,3.956213,3850
1995-12-08,11.931818,12.045455,11.931818,12.045455,3.993891,440
1995-12-11,11.931818,12.045455,11.931818,12.045455,3.993891,990
1995-12-12,11.931818,12.045455,11.931818,12.045455,3.993891,1430
1995-12-13,11.931818,12.272727,11.931818,12.159091,4.031569,11110
1995-12-14,12.159091,12.272727,12.045455,12.045455,3.993891,4950
1995-12-15,11.931818,12.159091,11.931818,12.159091,4.031569,1430
1995-12-18,12.045455,12.045455,11.818182,11.818182,3.918535,4290
1995-12-19,11.818182,11.931818,11.818182,11.818182,3.918535,5170
1995-12-20,11.931818,12.272727,11.931818,12.159091,4.031569,3190
1995-12-21,12.159091,12.159091,11.818182,11.818182,3.918535,5940
1995-12-22,11.931818,11.931818,11.818182,11.818182,3.918535,2640
1995-12-26,11.931818,12.045455,11.931818,12.045455,3.993891,2640
1995-12-27,12.045455,12.045455,11.931818,12.045455,3.993891,6270
1995-12-28,12.045455,12.159091,11.818182,11.931818,3.956213,17490
1995-12-29,11.931818,12.272727,11.931818,12.045455,3.993891,10120
1996-01-02,12.159091,12.272727,12.159091,12.159091,4.031569,3410
1996-01-03,12.272727,12.272727,12.159091,12.272727,4.069248,2310
1996-01-04,12.386364,12.386364,12.045455,12.159091,4.031569,6270
1996-01-05,11.931818,12.386364,11.931818,12.386364,4.106925,10010
1996-01-08,12.500000,12.500000,12.386364,12.500000,4.144603,1870
1996-01-09,12.613636,12.727273,12.613636,12.727273,4.219960,7920
1996-01-10,12.613636,12.613636,12.272727,12.272727,4.069248,12100
1996-01-11,12.272727,12.500000,12.272727,12.272727,4.069248,1980
1996-01-12,12.272727,12.386364,12.272727,12.386364,4.106925,1760
1996-01-15,12.386364,12.500000,12.386364,12.500000,4.144603,5500
1996-01-16,12.386364,12.500000,12.386364,12.386364,4.106925,5280
1996-01-17,12.272727,12.500000,12.272727,12.272727,4.069248,9460
1996-01-18,12.272727,12.386364,12.272727,12.272727,4.069248,3300
1996-01-19,12.386364,12.386364,12.272727,12.386364,4.106925,4400
1996-01-22,12.500000,12.613636,12.386364,12.386364,4.106925,6820
1996-01-23,12.500000,12.613636,12.386364,12.386364,4.106925,6600
1996-01-24,12.500000,12.500000,12.386364,12.500000,4.144603,8910
1996-01-25,12.386364,12.613636,12.386364,12.500000,4.144603,4510
1996-01-26,12.500000,12.613636,12.500000,12.613636,4.182282,6160
1996-01-29,12.613636,12.613636,12.613636,12.613636,4.182282,1210
1996-01-30,12.727273,12.954545,12.727273,12.954545,4.295317,8910
1996-01-31,12.954545,13.068182,12.840909,12.954545,4.295317,2530
1996-02-01,12.954545,13.068182,12.840909,12.840909,4.257639,3080
1996-02-02,12.954545,13.068182,12.840909,12.840909,4.257639,2200
1996-02-05,12.954545,13.181818,12.954545,13.068182,4.332994,13090
1996-02-06,13.181818,13.181818,13.068182,13.181818,4.370674,8250
1996-02-07,13.181818,13.295455,12.954545,13.295455,4.408352,8030
1996-02-08,13.409091,13.409091,13.181818,13.295455,4.408352,11000
1996-02-09,13.409091,13.636364,13.295455,13.522727,4.483707,24200
1996-02-12,13.750000,14.090909,13.750000,13.863636,4.596742,46200
1996-02-13,14.090909,14.090909,13.750000,14.090909,4.672099,16830
1996-02-14,14.204545,14.204545,13.863636,13.863636,4.596742,21120
1996-02-15,13.977273,14.090909,13.750000,13.750000,4.559064,5280
1996-02-16,13.750000,13.977273,13.750000,13.977273,4.634421,9020
1996-02-20,13.977273,14.090909,13.863636,13.863636,4.596742,10450
1996-02-21,13.977273,14.204545,13.977273,14.204545,4.709776,3080
1996-02-22,13.977273,14.204545,13.977273,14.090909,4.672099,7590
1996-02-23,13.977273,14.090909,13.977273,13.977273,4.634421,4840
1996-02-26,14.204545,14.431818,14.090909,14.431818,4.785134,28380
1996-02-27,14.318182,14.318182,14.090909,14.318182,4.747455,9240
1996-02-28,14.431818,14.431818,14.090909,14.090909,4.672099,5830
1996-02-29,14.090909,14.204545,13.977273,14.204545,4.709776,7480
1996-03-01,14.204545,14.204545,13.977273,13.977273,4.634421,5500
1996-03-04,14.090909,14.318182,13.977273,14.204545,4.709776,9240
1996-03-05,14.090909,14.204545,14.090909,14.090909,4.672099,18150
1996-03-06,14.204545,14.204545,14.090909,14.204545,4.709776,5500
1996-03-07,14.090909,14.090909,13.977273,14.090909,4.672099,8690
1996-03-08,14.090909,14.090909,13.636364,13.636364,4.521386,18700
1996-03-11,13.750000,13.977273,13.636364,13.977273,4.634421,11110
1996-03-12,13.977273,14.204545,13.977273,14.204545,4.709776,9240
1996-03-13,14.090909,14.318182,14.090909,14.318182,4.747455,5280
1996-03-14,14.318182,14.545455,14.090909,14.545455,4.822812,30250
1996-03-15,14.545455,14.659091,14.545455,14.545455,4.822812,28930
1996-03-18,14.545455,14.772727,14.545455,14.772727,4.898168,45430
1996-03-19,14.772727,14.886364,14.659091,14.659091,4.860491,17270
1996-03-20,14.772727,14.772727,14.545455,14.772727,4.898168,3850
1996-03-21,14.772727,14.772727,14.545455,14.545455,4.822812,12430
1996-03-22,14.772727,14.772727,14.545455,14.659091,4.860491,6270
1996-03-25,14.772727,14.886364,14.659091,14.659091,4.860491,8470
1996-03-26,14.886364,14.886364,14.659091,14.772727,4.898168,15950
1996-03-27,14.772727,14.886364,14.545455,14.545455,4.822812,14300
1996-03-28,14.545455,14.772727,14.545455,14.545455,4.822812,8250
1996-03-29,14.545455,14.659091,14.545455,14.545455,4.822812,6600
1996-04-01,14.659091,14.772727,14.545455,14.659091,4.860491,11770
1996-04-02,14.659091,14.772727,14.545455,14.545455,4.822812,8030
1996-04-03,14.659091,14.772727,14.545455,14.659091,4.860491,17490
1996-04-04,14.772727,14.772727,14.659091,14.772727,4.898168,32890
1996-04-08,14.772727,14.772727,14.431818,14.431818,4.785134,14740
1996-04-09,14.545455,14.545455,14.318182,14.431818,4.785134,11770
1996-04-10,14.318182,14.431818,14.204545,14.204545,4.709776,5500
1996-04-11,14.318182,14.318182,13.977273,13.977273,4.634421,12430
1996-04-12,13.295455,13.295455,12.954545,13.068182,4.332994,37290
1996-04-15,13.295455,13.522727,13.295455,13.295455,4.408352,51370
1996-04-16,13.295455,13.295455,13.181818,13.295455,4.408352,10450
1996-04-17,13.181818,13.295455,12.954545,13.181818,4.370674,14190
1996-04-18,13.295455,13.295455,13.068182,13.181818,4.370674,8580
1996-04-19,13.295455,13.295455,13.068182,13.181818,4.370674,10560
1996-04-22,13.295455,13.295455,13.068182,13.068182,4.332994,10670
1996-04-23,13.181818,13.181818,13.068182,13.068182,4.332994,11110
1996-04-24,13.068182,13.181818,13.068182,13.068182,4.332994,9240
1996-04-25,13.068182,13.068182,12.954545,12.954545,4.295317,12210
1996-04-26,12.954545,13.068182,12.954545,12.954545,4.295317,12100
1996-04-29,13.068182,13.068182,12.954545,12.954545,4.295317,16500
1996-04-30,13.068182,13.181818,12.954545,13.181818,4.370674,41910
1996-05-01,13.181818,13.181818,13.068182,13.181818,4.370674,26620
1996-05-02,13.181818,13.181818,13.068182,13.068182,4.332994,12100
1996-05-03,13.068182,13.181818,12.954545,12.954545,4.295317,16940
1996-05-06,13.068182,13.295455,13.068182,13.181818,4.370674,68090
1996-05-07,13.181818,13.295455,13.068182,13.295455,4.408352,58630
1996-05-08,13.181818,13.295455,13.068182,13.068182,4.332994,16610
1996-05-09,13.181818,13.295455,13.181818,13.181818,4.370674,17160
1996-05-10,13.181818,13.181818,13.068182,13.181818,4.370674,12430
1996-05-13,13.068182,13.181818,13.068182,13.181818,4.370674,27610
1996-05-14,13.068182,13.181818,13.068182,13.181818,4.370674,20020
1996-05-15,13.181818,13.181818,13.068182,13.068182,4.332994,5390
1996-05-16,13.181818,13.181818,13.068182,13.181818,4.370674,6270
1996-05-17,13.068182,13.181818,13.068182,13.068182,4.332994,13420
1996-05-20,13.068182,13.181818,13.068182,13.181818,4.370674,16170
1996-05-21,13.181818,13.409091,13.181818,13.409091,4.446029,14520
1996-05-22,13.409091,13.636364,13.181818,13.636364,4.521386,6600
1996-05-23,13.636364,14.204545,13.636364,13.750000,4.559064,25300
1996-05-24,13.636364,13.636364,13.409091,13.636364,4.521386,20900
1996-05-28,13.522727,13.636364,13.181818,13.181818,4.370674,29700
1996-05-29,13.295455,13.295455,13.181818,13.181818,4.370674,27390
1996-05-30,13.181818,13.636364,13.181818,13.636364,4.521386,33990
1996-05-31,13.522727,13.522727,13.181818,13.181818,4.370674,23100
1996-06-03,13.409091,13.409091,13.068182,13.295455,4.408352,13970
1996-06-04,13.295455,13.409091,13.181818,13.409091,4.446029,11660
1996-06-05,13.295455,13.409091,13.295455,13.409091,4.446029,10340
1996-06-06,13.409091,13.409091,13.181818,13.181818,4.370674,14740
1996-06-07,13.181818,13.295455,13.181818,13.181818,4.370674,14410
1996-06-10,13.295455,13.409091,13.295455,13.409091,4.446029,12870
1996-06-11,13.522727,13.522727,13.295455,13.295455,4.408352,8360
1996-06-12,13.409091,13.522727,13.181818,13.295455,4.408352,8360
1996-06-13,13.295455,13.295455,13.181818,13.295455,4.408352,7260
1996-06-14,13.295455,13.409091,13.295455,13.295455,4.408352,4730
1996-06-17,13.409091,13.409091,13.295455,13.409091,4.446029,7260
1996-06-18,13.409091,13.409091,13.181818,13.295455,4.408352,15620
1996-06-19,13.409091,13.409091,13.295455,13.295455,4.408352,38280
1996-06-20,13.295455,13.409091,13.181818,13.181818,4.370674,18040
1996-06-21,13.181818,13.295455,13.181818,13.295455,4.408352,11550
1996-06-24,13.409091,13.409091,13.295455,13.409091,4.446029,9570
1996-06-25,13.295455,13.409091,13.181818,13.409091,4.446029,5720
1996-06-26,13.409091,13.409091,13.068182,13.181818,4.370674,5500
1996-06-27,13.068182,13.181818,13.068182,13.068182,4.332994,1980
1996-06-28,13.068182,13.409091,13.068182,13.295455,4.408352,2750
1996-07-01,13.409091,13.409091,13.181818,13.409091,4.446029,3850
1996-07-02,13.409091,13.522727,13.295455,13.295455,4.408352,15620
1996-07-03,13.295455,13.409091,13.295455,13.295455,4.408352,5830
1996-07-05,13.409091,13.409091,13.295455,13.409091,4.446029,4180
1996-07-08,13.295455,13.409091,13.295455,13.409091,4.446029,6820
1996-07-09,13.295455,13.409091,13.181818,13.295455,4.408352,3630
1996-07-10,13.409091,13.409091,13.181818,13.181818,4.370674,3190
1996-07-11,13.068182,13.181818,12.727273,12.727273,4.219960,14080
1996-07-12,12.840909,12.840909,12.727273,12.727273,4.219960,12100
1996-07-15,12.727273,12.727273,12.272727,12.272727,4.069248,4620
1996-07-16,12.045455,12.159091,11.250000,12.045455,3.993891,24200
1996-07-17,12.272727,12.272727,12.159091,12.272727,4.069248,6050
1996-07-18,12.386364,12.500000,12.159091,12.500000,4.144603,3190
1996-07-19,12.500000,12.500000,12.272727,12.272727,4.069248,3960
1996-07-22,12.045455,12.272727,12.045455,12.159091,4.031569,12540
1996-07-23,12.272727,12.272727,11.704545,11.704545,3.880857,11000
1996-07-24,11.363636,11.477273,11.136364,11.363636,3.767821,19690
1996-07-25,11.477273,11.818182,11.477273,11.704545,3.880857,7920
1996-07-26,11.818182,11.818182,11.704545,11.704545,3.880857,770
1996-07-29,11.818182,12.045455,11.818182,12.045455,3.993891,5390
1996-07-30,11.931818,12.386364,11.931818,12.272727,4.069248,11110
1996-07-31,12.386364,12.500000,12.272727,12.272727,4.069248,30470
1996-08-01,12.272727,12.272727,12.159091,12.159091,4.031569,4070
1996-08-02,12.159091,12.272727,12.045455,12.272727,4.069248,16610
1996-08-05,12.045455,12.045455,11.931818,12.045455,3.993891,10120
1996-08-06,12.159091,12.159091,11.931818,12.045455,3.993891,7810
1996-08-07,12.045455,12.045455,11.931818,11.931818,3.956213,2970
1996-08-08,11.931818,11.931818,11.704545,11.818182,3.918535,11330
1996-08-09,11.818182,11.931818,11.818182,11.931818,3.956213,1870
1996-08-12,12.045455,12.045455,11.931818,11.931818,3.956213,5830
1996-08-13,11.931818,11.931818,11.704545,11.818182,3.918535,9350
1996-08-14,11.931818,12.045455,11.931818,12.045455,3.993891,3410
1996-08-15,12.045455,12.045455,11.931818,11.931818,3.956213,990
1996-08-16,12.045455,12.159091,11.931818,12.159091,4.031569,2640
1996-08-19,11.931818,12.045455,11.931818,11.931818,3.956213,660
1996-08-20,12.045455,12.159091,11.931818,12.159091,4.031569,4620
1996-08-21,12.045455,12.386364,12.045455,12.272727,4.069248,6160
1996-08-22,12.272727,12.272727,12.159091,12.272727,4.069248,550
1996-08-23,12.272727,12.272727,12.159091,12.272727,4.069248,2200
1996-08-26,12.159091,12.386364,12.159091,12.159091,4.031569,3410
1996-08-27,12.272727,12.272727,12.159091,12.159091,4.031569,2640
1996-08-28,12.045455,12.159091,12.045455,12.159091,4.031569,3630
1996-08-29,12.272727,12.272727,12.045455,12.159091,4.031569,4180
1996-08-30,12.045455,12.159091,12.045455,12.045455,3.993891,2310
1996-09-03,12.045455,12.045455,12.045455,12.045455,3.993891,5060
1996-09-04,12.045455,12.272727,12.045455,12.159091,4.031569,3410
1996-09-05,12.159091,12.272727,12.159091,12.159091,4.031569,2310
1996-09-06,12.159091,12.272727,12.159091,12.272727,4.069248,3960
1996-09-09,12.272727,12.386364,12.159091,12.272727,4.069248,9130
1996-09-10,12.159091,12.386364,12.159091,12.272727,4.069248,9790
1996-09-11,12.272727,12.386364,12.272727,12.386364,4.106925,2640
1996-09-12,12.386364,12.500000,12.272727,12.500000,4.144603,6270
1996-09-13,12.500000,12.613636,12.500000,12.613636,4.182282,5060
1996-09-16,12.613636,12.613636,12.500000,12.613636,4.182282,9900
1996-09-17,12.500000,12.613636,12.500000,12.613636,4.182282,4730
1996-09-18,12.500000,12.727273,12.500000,12.727273,4.219960,4510
1996-09-19,12.727273,12.727273,12.613636,12.727273,4.219960,4400
1996-09-20,12.613636,12.727273,12.613636,12.727273,4.219960,2970
1996-09-23,12.727273,12.840909,12.727273,12.840909,4.257639,3630
1996-09-24,12.727273,12.840909,12.500000,12.613636,4.182282,9130
1996-09-25,12.727273,13.295455,12.727273,13.295455,4.408352,21230
1996-09-26,13.409091,14.772727,13.181818,14.772727,4.898168,105270
1996-09-27,14.659091,15.227273,14.659091,15.000000,4.973525,191510
1996-09-30,15.113636,15.113636,14.886364,14.886364,4.935846,33330
1996-10-01,14.659091,14.772727,14.431818,14.772727,4.898168,20570
1996-10-02,14.772727,14.772727,14.545455,14.545455,4.822812,4510
1996-10-03,14.318182,14.318182,13.977273,14.204545,4.709776,7150
1996-10-04,14.318182,14.545455,14.204545,14.545455,4.822812,11330
1996-10-07,14.659091,14.886364,14.659091,14.772727,4.898168,25630
1996-10-08,14.772727,14.886364,14.772727,14.772727,4.898168,5610
1996-10-09,14.886364,15.000000,14.659091,14.772727,4.898168,4510
1996-10-10,14.431818,14.659091,14.318182,14.659091,4.860491,11110
1996-10-11,14.659091,14.772727,14.545455,14.659091,4.860491,9460
1996-10-14,14.545455,14.659091,14.431818,14.545455,4.822812,45650
1996-10-15,14.545455,14.659091,14.431818,14.431818,4.785134,9240
1996-10-16,14.318182,14.545455,14.318182,14.545455,4.822812,6270
1996-10-17,14.318182,14.545455,14.318182,14.318182,4.747455,9130
1996-10-18,14.204545,14.318182,14.204545,14.318182,4.747455,7040
1996-10-21,14.204545,14.318182,14.204545,14.318182,4.747455,3410
1996-10-22,14.431818,14.431818,14.090909,14.090909,4.672099,15400
1996-10-23,13.977273,14.090909,13.750000,14.090909,4.672099,9790
1996-10-24,13.977273,14.090909,13.863636,14.090909,4.672099,5940
1996-10-25,13.863636,13.977273,13.863636,13.863636,4.596742,5280
1996-10-28,13.977273,13.977273,13.863636,13.863636,4.596742,1870
1996-10-29,13.863636,14.204545,13.863636,14.204545,4.709776,1430
1996-10-30,14.204545,14.318182,13.977273,14.204545,4.709776,9680
1996-10-31,14.090909,14.318182,13.977273,14.204545,4.709776,5060
1996-11-01,14.090909,14.204545,13.863636,14.204545,4.709776,6160
1996-11-04,14.204545,14.431818,14.204545,14.318182,4.747455,11880
1996-11-05,14.431818,14.545455,14.318182,14.318182,4.747455,12540
1996-11-06,14.318182,14.431818,14.318182,14.318182,4.747455,17820
1996-11-07,14.318182,14.545455,14.318182,14.318182,4.747455,13860
1996-11-08,14.318182,14.659091,14.318182,14.545455,4.822812,4840
1996-11-11,14.318182,14.545455,14.318182,14.545455,4.822812,7370
1996-11-12,14.545455,14.545455,14.318182,14.545455,4.822812,2860
1996-11-13,14.431818,14.659091,14.318182,14.545455,4.824320,5280
1996-11-14,14.545455,14.659091,14.545455,14.545455,4.824320,8140
1996-11-15,14.431818,14.545455,14.431818,14.431818,4.786630,11330
1996-11-18,14.431818,15.113636,14.431818,15.113636,5.012769,22220
1996-11-19,15.227273,15.340909,15.113636,15.227273,5.050459,23430
1996-11-20,15.227273,15.340909,15.113636,15.227273,5.050459,12760
1996-11-21,15.340909,15.340909,15.227273,15.227273,5.050459,17710
1996-11-22,15.340909,15.340909,15.227273,15.340909,5.088150,6710
1996-11-25,15.681818,16.136364,15.340909,15.454545,5.125838,68860
1996-11-26,15.681818,15.681818,15.340909,15.340909,5.088150,9570
1996-11-27,15.227273,15.454545,15.227273,15.227273,5.050459,10340
1996-11-29,15.227273,15.340909,15.227273,15.227273,5.050459,5500
1996-12-02,15.227273,15.568182,15.227273,15.568182,5.163530,8690
1996-12-03,15.568182,15.681818,15.568182,15.568182,5.163530,40700
1996-12-04,15.454545,15.681818,15.454545,15.568182,5.163530,9130
1996-12-05,15.340909,15.454545,15.227273,15.227273,5.050459,6820
1996-12-06,15.000000,15.000000,14.318182,15.000000,4.975080,16940
1996-12-09,14.659091,15.000000,14.659091,15.000000,4.975080,7150
1996-12-10,14.545455,15.000000,14.545455,15.000000,4.975080,10340
1996-12-11,14.659091,15.000000,14.659091,14.772727,4.899699,3410
1996-12-12,14.090909,14.204545,14.090909,14.090909,4.877671,8360
1996-12-13,14.318182,14.431818,14.204545,14.204545,4.917007,2750
1996-12-16,14.659091,14.659091,14.318182,14.431818,4.995680,6270
1996-12-17,14.431818,14.431818,14.318182,14.431818,4.995680,6710
1996-12-18,14.318182,14.545455,14.318182,14.545455,5.035016,4950
1996-12-19,14.318182,14.545455,14.318182,14.431818,4.995680,8470
1996-12-20,14.431818,14.545455,14.431818,14.431818,4.995680,2860
1996-12-23,14.545455,14.545455,14.431818,14.545455,5.035016,30250
1996-12-24,14.545455,14.545455,14.431818,14.431818,4.995680,11770
1996-12-26,14.545455,14.545455,14.431818,14.431818,4.995680,3520
1996-12-27,14.431818,14.545455,14.318182,14.545455,5.035016,8690
1996-12-30,14.772727,14.772727,14.545455,14.772727,5.113687,12870
1996-12-31,14.772727,15.000000,14.659091,14.659091,5.074351,3850
1997-01-02,14.659091,14.772727,14.659091,14.772727,5.113687,6050
1997-01-03,14.772727,14.886364,14.545455,14.886364,5.153024,13090
1997-01-06,14.886364,14.886364,14.659091,14.772727,5.113687,5390
1997-01-07,14.772727,15.000000,14.772727,14.886364,5.153024,14960
1997-01-08,14.772727,15.113636,14.772727,15.113636,5.231695,7150
1997-01-09,15.227273,15.340909,15.113636,15.227273,5.271030,5280
1997-01-10,15.227273,15.227273,15.000000,15.113636,5.231695,8910
1997-01-13,15.113636,15.227273,15.113636,15.113636,5.231695,13310
1997-01-14,15.227273,15.340909,15.227273,15.227273,5.271030,18040
1997-01-15,15.227273,15.340909,15.227273,15.340909,5.310368,11000
1997-01-16,15.340909,15.454545,15.227273,15.454545,5.349703,4950
1997-01-17,15.454545,15.454545,15.340909,15.454545,5.349703,5280
1997-01-20,15.568182,15.795455,15.454545,15.568182,5.389040,21230
1997-01-21,15.681818,15.681818,15.340909,15.681818,5.428375,17600
1997-01-22,15.454545,15.681818,15.340909,15.454545,5.349703,20680
1997-01-23,15.454545,15.681818,15.454545,15.454545,5.349703,44220
1997-01-24,15.454545,15.568182,15.340909,15.340909,5.310368,3080
1997-01-27,15.454545,15.681818,15.340909,15.454545,5.349703,27390
1997-01-28,15.568182,15.568182,15.340909,15.340909,5.310368,6160
1997-01-29,15.454545,15.454545,15.227273,15.454545,5.349703,11550
1997-01-30,15.568182,15.568182,15.227273,15.340909,5.310368,9790
1997-01-31,15.340909,15.454545,15.227273,15.227273,5.271030,17380
1997-02-03,15.227273,15.340909,15.000000,15.340909,5.310368,18260
1997-02-04,15.340909,15.340909,15.227273,15.340909,5.310368,6820
1997-02-05,15.340909,15.454545,15.227273,15.227273,5.271030,11770
1997-02-06,15.227273,15.227273,15.113636,15.227273,5.271030,5170
1997-02-07,15.340909,15.340909,15.227273,15.340909,5.310368,1760
1997-02-10,15.340909,15.454545,15.227273,15.340909,5.310368,15950
1997-02-11,15.340909,15.454545,15.340909,15.340909,5.310368,9790
1997-02-12,15.340909,15.681818,15.227273,15.454545,5.349703,36850
1997-02-13,15.681818,15.681818,15.568182,15.568182,5.389040,28930
1997-02-14,15.568182,15.568182,15.454545,15.454545,5.349703,4290
1997-02-18,15.681818,15.681818,15.454545,15.454545,5.349703,7480
1997-02-19,15.568182,15.568182,15.454545,15.454545,5.349703,3300
1997-02-20,15.340909,15.454545,15.227273,15.340909,5.310368,4840
1997-02-21,15.454545,15.568182,15.340909,15.340909,5.310368,5390
1997-02-24,15.227273,15.454545,15.227273,15.227273,5.271030,3960
1997-02-25,15.227273,15.340909,15.227273,15.340909,5.310368,3520
1997-02-26,15.454545,15.454545,15.227273,15.340909,5.310368,4620
1997-02-27,15.227273,15.454545,15.227273,15.227273,5.271030,8140
1997-02-28,15.340909,15.340909,15.227273,15.227273,5.271030,1870
1997-03-03,15.227273,15.340909,15.113636,15.340909,5.310368,7700
1997-03-04,15.000000,15.113636,14.886364,15.113636,5.231695,12870
1997-03-05,15.000000,15.113636,15.000000,15.113636,5.231695,660
1997-03-06,15.000000,15.113636,15.000000,15.113636,5.231695,3630
1997-03-07,15.000000,15.227273,15.000000,15.113636,5.231695,13200
1997-03-10,15.227273,15.227273,14.886364,15.000000,5.192359,21890
1997-03-11,15.000000,15.113636,15.000000,15.000000,5.192359,7260
1997-03-12,15.000000,15.227273,14.886364,15.227273,5.271030,13750
1997-03-13,15.227273,15.227273,15.113636,15.113636,5.231695,4620
1997-03-14,15.227273,15.227273,15.113636,15.113636,5.231695,10450
1997-03-17,15.227273,15.340909,15.227273,15.340909,5.310368,5060
1997-03-18,15.340909,15.454545,15.227273,15.454545,5.349703,17490
1997-03-19,15.454545,15.454545,15.227273,15.227273,5.271030,3740
1997-03-20,15.113636,15.227273,15.113636,15.113636,5.231695,11990
1997-03-21,15.113636,15.454545,15.113636,15.340909,5.310368,12540
1997-03-24,15.227273,15.340909,15.000000,15.340909,5.310368,7590
1997-03-25,15.227273,15.340909,15.113636,15.227273,5.271030,5940
1997-03-26,15.227273,15.227273,15.113636,15.113636,5.231695,6820
1997-03-27,15.113636,15.113636,15.113636,15.113636,5.231695,220
1997-03-31,15.113636,15.113636,14.659091,14.772727,5.113687,30250
1997-04-01,14.886364,15.000000,14.659091,14.659091,5.074351,15180
1997-04-02,14.659091,14.772727,14.545455,14.772727,5.113687,2970
1997-04-03,14.772727,14.886364,14.659091,14.886364,5.153024,8580
1997-04-04,14.772727,15.000000,14.772727,15.000000,5.192359,2310
1997-04-07,15.113636,15.113636,15.000000,15.000000,5.192359,9570
1997-04-08,15.113636,15.113636,14.886364,14.886364,5.153024,5720
1997-04-09,15.113636,15.113636,14.886364,14.886364,5.153024,17490
1997-04-10,15.000000,15.227273,14.772727,15.000000,5.192359,12540
1997-04-11,15.000000,15.000000,14.886364,14.886364,5.153024,2640
1997-04-14,15.000000,15.000000,14.886364,14.886364,5.153024,3850
1997-04-15,15.000000,15.000000,14.886364,15.000000,5.192359,4070
1997-04-16,15.000000,15.000000,14.886364,14.886364,5.153024,4510
1997-04-17,15.000000,15.000000,14.886364,15.000000,5.192359,2090
1997-04-18,14.886364,15.000000,14.886364,15.000000,5.192359,1650
1997-04-21,14.886364,15.000000,14.772727,14.772727,5.113687,10450
1997-04-22,14.772727,15.000000,14.772727,15.000000,5.192359,10230
1997-04-23,15.000000,15.227273,15.000000,15.113636,5.231695,12650
1997-04-24,15.227273,15.340909,15.113636,15.113636,5.231695,4510
1997-04-25,15.000000,15.113636,15.000000,15.113636,5.231695,4180
1997-04-28,15.000000,15.000000,14.886364,14.886364,5.153024,6380
1997-04-29,15.000000,15.000000,14.886364,15.000000,5.192359,2090
1997-04-30,15.000000,15.113636,15.000000,15.000000,5.192359,6380
1997-05-01,14.886364,15.000000,14.886364,15.000000,5.192359,5610
1997-05-02,15.113636,15.227273,15.000000,15.227273,5.271030,9460
1997-05-05,15.340909,15.340909,15.227273,15.340909,5.310368,15620
1997-05-06,15.340909,15.454545,15.227273,15.340909,5.310368,16940
1997-05-07,15.227273,15.340909,15.227273,15.340909,5.310368,4840
1997-05-08,15.340909,15.340909,15.227273,15.340909,5.310368,2090
1997-05-09,15.340909,15.454545,15.340909,15.454545,5.349703,6160
1997-05-12,15.795455,15.909091,15.681818,15.681818,5.428375,15620
1997-05-13,16.079544,16.079544,15.852273,15.909091,5.507047,17600
1997-05-14,16.022726,16.136364,15.909091,16.136364,5.585721,6270
1997-05-15,16.136364,16.363636,16.022726,16.250000,5.625057,7480
1997-05-16,16.477274,16.590908,16.363636,16.477274,5.703730,8250
1997-05-19,16.704544,17.500000,16.704544,17.272726,5.979081,36520
1997-05-20,17.272726,17.386364,17.045456,17.272726,5.979081,12760
1997-05-21,17.272726,17.272726,17.045456,17.045456,5.900409,6380
1997-05-22,17.045456,17.272726,16.988636,17.159092,5.939746,4730
1997-05-23,17.102274,17.272726,17.102274,17.272726,5.979081,4620
1997-05-27,17.272726,17.613636,17.272726,17.443182,6.038085,21780
1997-05-28,17.329544,17.613636,17.329544,17.500000,6.057754,6160
1997-05-29,17.500000,17.670456,17.500000,17.670456,6.116758,4510
1997-05-30,17.500000,17.556818,17.443182,17.500000,6.057754,880
1997-06-02,17.500000,17.727274,17.443182,17.727274,6.136426,8800
1997-06-03,17.727274,18.011364,17.613636,17.840908,6.175761,27060
1997-06-04,17.954544,18.068182,17.840908,18.068182,6.254432,4840
1997-06-05,18.068182,18.181818,17.954544,18.181818,6.293769,15510
1997-06-06,18.068182,18.068182,18.068182,18.068182,6.254432,9680
1997-06-09,18.181818,18.181818,18.068182,18.068182,6.254432,6600
1997-06-10,18.125000,18.295456,18.125000,18.295456,6.333105,9900
1997-06-11,18.295456,18.409092,18.181818,18.352274,6.352773,11770
1997-06-12,18.409092,18.409092,18.181818,18.181818,6.293769,11000
1997-06-13,18.238636,18.920456,18.238636,18.920456,6.549453,31680
1997-06-16,18.977274,18.977274,18.863636,18.920456,6.549453,13090
1997-06-17,18.920456,19.034092,18.863636,18.977274,6.569122,10010
1997-06-18,18.863636,19.090908,18.806818,18.806818,6.510118,17380
1997-06-19,18.863636,19.090908,18.863636,18.977274,6.569122,14190
1997-06-20,19.090908,19.204544,19.034092,19.147726,6.628125,4510
1997-06-23,19.261364,19.318182,19.090908,19.090908,6.608458,14630
1997-06-24,19.090908,19.431818,19.090908,19.431818,6.726464,13090
1997-06-25,19.659092,19.772726,19.431818,19.545456,6.765801,17490
1997-06-26,19.431818,19.545456,19.090908,19.090908,6.608458,8910
1997-06-27,19.204544,19.431818,19.090908,19.090908,6.608458,4290
1997-06-30,19.090908,19.545456,19.090908,19.545456,6.765801,7810
1997-07-01,19.602274,19.659092,19.375000,19.375000,6.706797,4400
1997-07-02,19.431818,19.545456,19.431818,19.545456,6.765801,6930
1997-07-03,19.545456,19.772726,19.545456,19.545456,6.765801,2860
1997-07-07,19.772726,20.568182,19.772726,20.568182,7.119827,20570
1997-07-08,20.568182,20.795456,20.340908,20.340908,7.041153,8580
1997-07-09,20.397726,20.681818,20.397726,20.625000,7.139494,3410
1997-07-10,20.852274,20.852274,20.454544,20.681818,7.159163,18040
1997-07-11,20.681818,20.681818,20.568182,20.568182,7.119827,8030
1997-07-14,20.454544,20.681818,20.170456,20.170456,6.982152,45210
1997-07-15,20.170456,20.454544,20.000000,20.000000,6.923146,20900
1997-07-16,20.227274,20.227274,19.659092,19.886364,6.883811,24090
1997-07-17,19.204544,20.000000,19.204544,19.772726,6.844473,14630
1997-07-18,19.886364,20.113636,19.886364,20.000000,6.923146,4290
1997-07-21,19.886364,19.886364,18.863636,19.261364,6.667461,23430
1997-07-22,19.204544,19.318182,18.579544,18.636364,6.451115,18040
1997-07-23,18.750000,19.375000,18.636364,19.375000,6.706797,19360
1997-07-24,19.545456,19.772726,19.318182,19.659092,6.805138,7370
1997-07-25,19.772726,19.772726,19.659092,19.772726,6.844473,8250
1997-07-28,19.772726,19.772726,19.659092,19.659092,6.805138,5610
1997-07-29,19.602274,19.772726,19.545456,19.545456,6.765801,6600
1997-07-30,19.659092,19.886364,19.659092,19.772726,6.844473,10010
1997-07-31,19.715908,19.715908,19.431818,19.545456,6.765801,14080
1997-08-01,19.545456,19.659092,19.545456,19.545456,6.765801,2970
1997-08-04,19.772726,20.000000,19.545456,19.943182,6.903478,20240
1997-08-05,20.000000,20.340908,20.000000,20.340908,7.041153,9680
1997-08-06,20.340908,20.454544,20.113636,20.454544,7.080489,11990
1997-08-07,20.568182,20.625000,20.397726,20.397726,7.060821,13200
1997-08-08,20.340908,20.909092,20.340908,20.795456,7.198499,21670
1997-08-11,20.681818,20.681818,20.397726,20.397726,7.060821,31900
1997-08-12,20.340908,20.454544,20.227274,20.227274,7.001818,6930
1997-08-13,20.454544,20.454544,20.113636,20.170456,6.982152,7920
1997-08-14,20.227274,20.227274,19.772726,20.000000,6.923146,10560
1997-08-15,20.000000,20.000000,19.545456,19.772726,6.844473,12650
1997-08-18,19.602274,19.886364,19.545456,19.772726,6.844473,16940
1997-08-19,19.659092,19.886364,19.545456,19.772726,6.844473,11550
1997-08-20,19.886364,19.886364,19.772726,19.829544,6.864142,4620
1997-08-21,19.829544,19.943182,19.602274,19.602274,6.785470,12100
1997-08-22,19.545456,19.772726,19.545456,19.602274,6.785470,3080
1997-08-25,19.602274,19.829544,19.602274,19.829544,6.864142,6600
1997-08-26,19.659092,19.772726,19.545456,19.602274,6.785470,7370
1997-08-27,19.545456,19.943182,19.488636,19.943182,6.903478,16170
1997-08-28,20.000000,20.000000,19.772726,19.943182,6.903478,6600
1997-08-29,19.772726,19.886364,19.545456,19.545456,6.765801,6710
1997-09-02,19.431818,19.659092,19.204544,19.659092,6.805138,6930
1997-09-03,19.772726,20.000000,19.772726,19.772726,6.844473,4620
1997-09-04,19.659092,20.000000,19.659092,19.772726,6.844473,3740
1997-09-05,20.000000,20.113636,19.886364,20.113636,6.962481,5500
1997-09-08,20.000000,20.568182,20.000000,20.340908,7.041153,8360
1997-09-09,20.568182,21.022726,20.340908,20.965908,7.257502,16280
1997-09-10,21.250000,21.647726,21.193182,21.477274,7.434516,25410
1997-09-11,21.363636,21.590908,21.250000,21.363636,7.395179,13860
1997-09-12,21.590908,21.875000,21.534092,21.818182,7.552523,14520
1997-09-15,22.045456,22.159092,21.931818,21.931818,7.591859,22110
1997-09-16,22.613636,22.613636,22.386364,22.613636,7.827875,14740
1997-09-17,22.727274,23.068182,22.727274,23.011364,7.965552,49390
1997-09-18,23.011364,23.011364,22.500000,22.500000,7.788538,9680
1997-09-19,22.840908,23.068182,22.784092,22.784092,7.886879,19910
1997-09-22,23.068182,23.181818,23.011364,23.068182,7.985219,18700
1997-09-23,23.068182,23.068182,22.727274,22.784092,7.886879,17270
1997-09-24,22.784092,22.784092,21.931818,21.931818,7.591859,12760
1997-09-25,21.988636,22.159092,21.818182,22.159092,7.670532,6160
1997-09-26,21.931818,22.045456,21.931818,22.045456,7.631196,1540
1997-09-29,21.818182,22.613636,21.818182,22.613636,7.827875,6930
1997-09-30,22.613636,22.670456,22.386364,22.500000,7.788538,7370
1997-10-01,22.727274,22.954544,22.500000,22.840908,7.906547,8140
1997-10-02,22.954544,23.068182,22.840908,22.954544,7.945883,6490
1997-10-03,23.068182,23.522726,23.068182,23.409092,8.103228,5720
1997-10-06,23.522726,24.090908,23.522726,23.636364,8.181899,23760
1997-10-07,23.806818,24.090908,23.693182,24.090908,8.339245,6930
1997-10-08,24.318182,24.318182,23.750000,23.977274,8.299908,23100
1997-10-09,23.977274,23.977274,23.863636,23.863636,8.260571,880
1997-10-10,23.977274,24.204544,23.977274,24.204544,8.378579,2860
1997-10-13,24.431818,24.659092,23.977274,24.204544,8.378579,24640
1997-10-14,24.204544,24.318182,24.090908,24.204544,8.378579,3520
1997-10-15,24.375000,24.431818,24.318182,24.375000,8.437585,4180
1997-10-16,24.829544,24.829544,24.431818,24.431818,8.457253,10890
1997-10-17,24.431818,24.431818,23.295456,23.409092,8.103228,17270
1997-10-20,23.181818,23.636364,23.181818,23.579544,8.162232,9020
1997-10-21,23.522726,23.977274,23.522726,23.863636,8.260571,13640
1997-10-22,23.750000,23.977274,22.386364,22.727274,7.867211,33660
1997-10-23,22.500000,24.034092,22.329544,23.181818,8.024556,40480
1997-10-24,23.636364,23.636364,23.011364,23.011364,7.965552,18810
1997-10-27,22.386364,22.386364,19.204544,19.431818,6.726464,73040
1997-10-28,17.840908,21.306818,17.727274,20.795456,7.198499,124960
1997-10-29,21.250000,21.477274,20.795456,20.795456,7.198499,21890
1997-10-30,19.204544,19.886364,19.204544,19.602274,6.785470,33660
1997-10-31,20.000000,20.568182,20.000000,20.397726,7.060821,20460
1997-11-03,20.625000,21.534092,20.625000,21.534092,7.454183,18480
1997-11-04,21.818182,21.818182,21.590908,21.818182,7.552523,9900
1997-11-05,22.045456,22.159092,22.045456,22.159092,7.670532,3300
1997-11-06,22.272726,22.329544,22.215908,22.272726,7.709866,13200
1997-11-07,22.159092,22.159092,21.704544,21.704544,7.513187,10010
1997-11-10,21.818182,21.931818,21.818182,21.931818,7.591859,1760
1997-11-11,21.818182,21.931818,21.818182,21.931818,7.591859,5170
1997-11-12,21.704544,21.818182,21.704544,21.704544,7.513187,7260
1997-11-13,21.875000,21.875000,21.250000,21.363636,7.395179,9020
1997-11-14,21.363636,21.590908,21.363636,21.477274,7.434516,2420
1997-11-17,21.477274,21.761364,21.477274,21.761364,7.532856,9130
1997-11-18,21.647726,21.761364,21.534092,21.590908,7.473850,10890
1997-11-19,21.761364,21.761364,21.647726,21.647726,7.493518,12320
1997-11-20,21.590908,21.590908,21.250000,21.477274,7.434516,5500
1997-11-21,21.534092,21.534092,21.250000,21.363636,7.395179,7370
1997-11-24,21.420456,21.534092,21.420456,21.534092,7.454183,2530
1997-11-25,21.590908,21.590908,21.420456,21.420456,7.414847,9020
1997-11-26,20.965908,21.136364,20.965908,21.022726,7.434940,3410
1997-11-28,21.193182,21.193182,21.136364,21.136364,7.475130,1210
1997-12-01,21.136364,21.250000,21.136364,21.136364,7.475130,6050
1997-12-02,21.193182,21.250000,21.136364,21.250000,7.515319,6710
1997-12-03,21.250000,21.477274,21.250000,21.477274,7.595697,3630
1997-12-04,21.477274,22.159092,21.477274,22.159092,7.836830,9680
1997-12-05,22.045456,22.443182,22.045456,22.443182,7.937302,2750
1997-12-08,22.215908,22.215908,21.136364,21.193182,7.495223,42240
1997-12-09,21.363636,21.590908,21.250000,21.534092,7.615791,8580
1997-12-10,21.363636,21.363636,20.795456,21.363636,7.555508,31020
1997-12-11,21.250000,21.250000,21.022726,21.022726,7.434940,5170
1997-12-12,21.022726,21.022726,20.909092,20.909092,7.394753,5390
1997-12-15,20.909092,21.022726,20.568182,20.795456,7.354564,8030
1997-12-16,20.795456,20.909092,20.795456,20.909092,7.394753,3080
1997-12-17,20.909092,20.909092,20.795456,20.909092,7.394753,2750
1997-12-18,20.909092,20.965908,20.852274,20.852274,7.374658,5060
1997-12-19,20.852274,20.852274,20.568182,20.568182,7.274185,5170
1997-12-22,20.340908,20.625000,20.340908,20.625000,7.294280,11440
1997-12-23,20.568182,20.568182,20.340908,20.568182,7.274185,10670
1997-12-24,20.681818,20.681818,20.568182,20.568182,7.274185,4070
1997-12-26,20.454544,20.625000,20.454544,20.625000,7.294280,3520
1997-12-29,20.511364,20.568182,20.340908,20.454544,7.233996,11440
1997-12-30,20.454544,20.568182,20.340908,20.568182,7.274185,4510
1997-12-31,20.568182,20.795456,20.568182,20.795456,7.354564,9900
1998-01-02,20.568182,20.568182,20.454544,20.568182,7.274185,9570
1998-01-05,20.625000,20.681818,20.568182,20.625000,7.294280,5170
1998-01-06,20.568182,20.625000,20.454544,20.454544,7.233996,3080
1998-01-07,20.454544,20.454544,20.340908,20.454544,7.233996,3740
1998-01-08,20.511364,20.511364,20.227274,20.340908,7.193807,8140
1998-01-09,20.511364,20.511364,20.284092,20.284092,7.173713,6380
1998-01-12,20.227274,20.227274,20.113636,20.113636,7.113430,18480
1998-01-13,20.227274,20.340908,20.113636,20.340908,7.193807,10560
1998-01-14,20.397726,20.511364,20.227274,20.454544,7.233996,8140
1998-01-15,20.568182,20.795456,20.454544,20.681818,7.314375,22880
1998-01-16,20.909092,21.250000,20.852274,21.250000,7.515319,19360
1998-01-20,21.590908,22.159092,21.590908,22.159092,7.836830,38390
1998-01-21,22.386364,22.954544,22.272726,22.840908,8.077962,47960
1998-01-22,22.840908,22.840908,22.443182,22.670456,8.017680,20900
1998-01-23,22.784092,22.897726,22.556818,22.613636,7.997585,25960
1998-01-26,22.500000,22.670456,22.500000,22.613636,7.997585,35310
1998-01-27,22.556818,22.727274,22.443182,22.670456,8.017680,30140
1998-01-28,22.670456,22.727274,22.613636,22.670456,8.017680,10780
1998-01-29,22.613636,22.727274,22.613636,22.727274,8.037774,10670
1998-01-30,22.840908,22.897726,22.670456,22.840908,8.077962,18480
1998-02-02,23.295456,23.750000,23.295456,23.522726,8.319097,34760
1998-02-03,23.181818,23.522726,23.181818,23.465908,8.299002,15730
1998-02-04,23.579544,23.636364,23.522726,23.579544,8.339192,13420
1998-02-05,23.409092,23.579544,23.409092,23.522726,8.319097,14080
1998-02-06,23.579544,23.579544,23.465908,23.579544,8.339192,6710
1998-02-09,23.579544,23.636364,23.409092,23.409092,8.278907,33880
1998-02-10,23.181818,23.636364,23.181818,23.522726,8.319097,24970
1998-02-11,23.636364,23.636364,23.465908,23.579544,8.339192,6380
1998-02-12,23.636364,23.636364,23.409092,23.409092,8.278907,6820
1998-02-13,23.295456,23.522726,23.295456,23.295456,8.238719,9680
1998-02-17,23.579544,23.636364,23.465908,23.579544,8.339192,20020
1998-02-18,23.579544,23.636364,23.465908,23.579544,8.339192,31020
1998-02-19,23.522726,23.636364,23.522726,23.579544,8.339192,13640
1998-02-20,23.465908,23.522726,23.409092,23.522726,8.319097,3630
1998-02-23,23.522726,23.522726,23.295456,23.409092,8.278907,23540
1998-02-24,23.409092,23.409092,23.238636,23.295456,8.238719,14410
1998-02-25,23.295456,23.352274,23.181818,23.352274,8.258812,15730
1998-02-26,23.579544,23.579544,23.409092,23.522726,8.319097,17380
1998-02-27,23.579544,23.636364,23.465908,23.636364,8.359285,7480
1998-03-02,23.750000,25.113636,23.750000,25.000000,8.841552,38170
1998-03-03,25.568182,26.250000,25.397726,25.397726,8.982212,44660
1998-03-04,25.681818,25.681818,25.397726,25.454544,9.002306,13970
1998-03-05,25.795456,25.795456,25.000000,25.227274,8.921929,19910
1998-03-06,25.340908,25.454544,25.000000,25.113636,8.881740,16390
1998-03-09,25.113636,25.170456,24.886364,25.113636,8.881740,18590
1998-03-10,25.056818,25.227274,24.659092,24.772726,8.761173,16940
1998-03-11,24.545456,24.545456,23.863636,24.090908,8.520040,17050
1998-03-12,23.977274,24.318182,23.977274,24.318182,8.600418,8360
1998-03-13,24.204544,24.886364,24.204544,24.886364,8.801362,13090
1998-03-16,24.772726,24.943182,24.659092,24.943182,8.821456,15510
1998-03-17,25.000000,25.227274,25.000000,25.227274,8.921929,6710
1998-03-18,25.340908,25.454544,25.340908,25.454544,9.002306,6820
1998-03-19,25.511364,25.511364,25.227274,25.397726,8.982212,8250
1998-03-20,25.284092,25.681818,25.227274,25.454544,9.002306,9240
1998-03-23,25.568182,25.568182,25.340908,25.454544,9.002306,13640
1998-03-24,25.454544,25.795456,25.454544,25.568182,9.042496,9130
1998-03-25,25.454544,25.795456,25.454544,25.681818,9.082685,7810
1998-03-26,25.511364,25.681818,25.454544,25.681818,9.082685,5170
1998-03-27,25.681818,25.852274,25.681818,25.852274,9.142968,2200
1998-03-30,25.738636,25.909092,25.738636,25.795456,9.122874,21670
1998-03-31,25.909092,25.965908,25.795456,25.965908,9.183158,10120
1998-04-01,25.909092,25.965908,25.795456,25.795456,9.122874,5500
1998-04-02,25.909092,25.909092,25.454544,25.454544,9.002306,5720
1998-04-03,25.681818,25.681818,25.454544,25.511364,9.022402,6380
1998-04-06,25.511364,25.511364,25.227274,25.227274,8.921929,4290
1998-04-07,25.056818,25.113636,24.829544,24.886364,8.801362,9240
1998-04-08,24.829544,25.340908,24.829544,25.227274,8.921929,5390
1998-04-09,25.511364,25.909092,25.511364,25.909092,9.163064,4950
1998-04-13,25.681818,25.795456,25.113636,25.340908,8.962117,12760
1998-04-14,25.000000,25.340908,25.000000,25.170456,8.901834,6270
1998-04-15,25.284092,25.284092,25.000000,25.284092,8.942024,3080
1998-04-16,25.227274,25.340908,24.829544,25.000000,8.841552,5940
1998-04-17,25.000000,25.227274,25.000000,25.113636,8.881740,4510
1998-04-20,25.000000,25.454544,25.000000,25.454544,9.002306,13860
1998-04-21,25.454544,25.681818,25.340908,25.454544,9.002306,7810
1998-04-22,25.227274,25.568182,25.113636,25.568182,9.042496,6490
1998-04-23,25.340908,25.681818,25.227274,25.511364,9.022402,2970
1998-04-24,25.568182,25.568182,25.284092,25.284092,8.942024,3960
1998-04-27,25.113636,25.113636,24.829544,24.886364,8.801362,15730
1998-04-28,24.829544,25.000000,24.772726,24.943182,8.821456,7150
1998-04-29,25.170456,25.170456,25.000000,25.113636,8.881740,4840
1998-04-30,25.113636,25.454544,25.000000,25.454544,9.002306,13200
1998-05-01,25.681818,25.681818,25.454544,25.511364,9.022402,2640
1998-05-04,25.511364,25.681818,25.056818,25.227274,8.921929,8030
1998-05-05,25.056818,25.454544,25.056818,25.454544,9.002306,5060
1998-05-06,25.568182,25.568182,25.284092,25.340908,8.962117,7150
1998-05-07,25.340908,25.454544,25.340908,25.340908,8.962117,8360
1998-05-08,25.511364,25.511364,25.227274,25.340908,8.962117,16390
1998-05-11,25.113636,25.227274,25.000000,25.227274,8.921929,14300
1998-05-12,25.056818,25.113636,25.000000,25.113636,8.881740,7810
1998-05-13,25.000000,25.170456,24.886364,25.170456,8.901834,3850
1998-05-14,25.056818,25.056818,24.772726,24.943182,8.821456,18480
1998-05-15,25.056818,25.227274,24.772726,24.886364,8.801362,5060
1998-05-18,24.602274,24.886364,24.602274,24.829544,8.781268,14740
1998-05-19,24.829544,25.113636,24.715908,25.113636,8.881740,7810
1998-05-20,25.227274,25.227274,25.056818,25.227274,8.921929,9790
1998-05-21,25.340908,25.340908,25.227274,25.340908,8.962117,5060
1998-05-22,25.227274,25.397726,25.227274,25.397726,8.982212,3080
1998-05-26,25.340908,25.454544,25.284092,25.340908,8.962117,9900
1998-05-27,25.340908,25.340908,25.000000,25.000000,8.841552,12430
1998-05-28,25.000000,25.000000,24.943182,25.000000,8.841552,2750
1998-05-29,25.000000,25.000000,24.772726,24.772726,8.761173,6160
1998-06-01,24.772726,24.772726,24.545456,24.659092,8.720984,4730
1998-06-02,24.772726,24.772726,24.545456,24.545456,8.680796,9020
1998-06-03,24.602274,24.659092,24.545456,24.545456,8.680796,3740
1998-06-04,24.545456,25.000000,24.545456,25.000000,8.841552,26840
1998-06-05,25.113636,25.113636,25.000000,25.056818,8.861646,41690
1998-06-08,25.284092,25.284092,24.715908,24.715908,8.741078,12210
1998-06-09,24.602274,24.602274,24.545456,24.545456,8.680796,19910
1998-06-10,24.545456,24.545456,24.375000,24.375000,8.620511,7480
1998-06-11,24.431818,24.431818,24.431818,24.431818,8.640608,7150
1998-06-12,24.375000,24.375000,23.977274,24.147726,8.540135,21120
1998-06-15,23.977274,24.034092,23.920456,23.920456,8.459759,1870
1998-06-16,23.977274,23.977274,23.806818,23.863636,8.439662,12540
1998-06-17,23.806818,24.545456,23.806818,24.375000,8.620511,30250
1998-06-18,24.318182,24.375000,24.318182,24.375000,8.620511,1100
1998-06-19,24.261364,24.375000,24.204544,24.261364,8.580322,5940
1998-06-22,24.318182,24.375000,24.204544,24.318182,8.600418,4290
1998-06-23,24.318182,24.375000,24.204544,24.375000,8.620511,1980
1998-06-24,24.375000,24.431818,24.261364,24.261364,8.580322,5060
1998-06-25,24.261364,24.318182,23.750000,23.863636,8.439662,17710
1998-06-26,23.863636,23.863636,23.863636,23.863636,8.439662,6600
1998-06-29,23.863636,23.863636,23.806818,23.806818,8.419569,1210
1998-06-30,23.693182,23.806818,23.693182,23.693182,8.379380,2530
1998-07-01,23.806818,23.806818,23.636364,23.636364,8.359285,8250
1998-07-02,23.750000,23.977274,23.693182,23.977274,8.479852,17820
1998-07-06,23.863636,24.090908,23.863636,24.034092,8.499947,6270
1998-07-07,24.034092,24.034092,23.636364,23.750000,8.399473,5280
1998-07-08,23.863636,23.977274,23.579544,23.579544,8.339192,4950
1998-07-09,23.863636,23.920456,23.693182,23.750000,8.399473,8470
1998-07-10,23.750000,23.750000,23.522726,23.522726,8.319097,3080
1998-07-13,23.181818,23.409092,23.181818,23.409092,8.278907,12760
1998-07-14,23.295456,23.409092,23.125000,23.238636,8.218625,14850
1998-07-15,23.125000,23.295456,23.068182,23.238636,8.218625,7590
1998-07-16,23.181818,23.181818,23.011364,23.011364,8.138247,8140
1998-07-17,22.840908,23.068182,22.784092,23.011364,8.138247,11000
1998-07-20,22.840908,23.068182,22.613636,22.840908,8.077962,24970
1998-07-21,22.784092,22.784092,22.443182,22.670456,8.017680,11550
1998-07-22,22.500000,22.670456,22.272726,22.386364,7.917207,12210
1998-07-23,22.443182,22.556818,22.272726,22.272726,7.877019,9460
1998-07-24,22.272726,22.386364,22.215908,22.329544,7.897111,5390
1998-07-27,22.386364,22.727274,22.329544,22.727274,8.037774,14080
1998-07-28,22.613636,22.727274,22.556818,22.556818,7.977489,9460
1998-07-29,22.556818,22.670456,22.272726,22.670456,8.017680,13750
1998-07-30,22.613636,22.727274,22.613636,22.670456,8.017680,2530
1998-07-31,22.784092,22.784092,22.613636,22.613636,7.997585,9020
1998-08-03,22.500000,22.613636,22.386364,22.556818,7.977489,3300
1998-08-04,22.556818,22.556818,21.590908,21.704544,7.676074,15070
1998-08-05,21.477274,21.647726,21.420456,21.477274,7.595697,12430
1998-08-06,21.420456,21.420456,21.079544,21.363636,7.555508,8030
1998-08-07,21.250000,21.306818,20.681818,20.909092,7.394753,13970
1998-08-10,21.022726,21.250000,20.909092,21.250000,7.515319,14300
1998-08-11,20.965908,20.965908,20.568182,20.681818,7.314375,13640
1998-08-12,20.568182,20.738636,20.397726,20.397726,7.213902,5830
1998-08-13,20.397726,20.511364,19.545456,19.545456,6.912486,14960
1998-08-14,19.545456,19.772726,19.090908,19.318182,6.832107,19800
1998-08-17,19.204544,19.431818,19.090908,19.431818,6.872297,27280
1998-08-18,19.431818,19.545456,19.204544,19.204544,6.791918,19800
1998-08-19,19.375000,19.545456,19.204544,19.318182,6.832107,10340
1998-08-20,19.318182,19.318182,19.034092,19.034092,6.731635,5390
1998-08-21,18.863636,18.863636,18.295456,18.806818,6.651258,13750
1998-08-24,18.579544,18.636364,18.352274,18.409092,6.510597,8910
1998-08-25,18.295456,18.636364,18.295456,18.636364,6.590975,7700
1998-08-26,18.465908,18.465908,18.181818,18.181818,6.430219,7480
1998-08-27,17.386364,17.386364,16.761364,17.045456,6.028330,16170
1998-08-28,17.045456,17.045456,16.477274,16.704544,5.907763,11220
1998-08-31,16.931818,17.045456,16.193182,16.363636,5.787197,17380
1998-09-01,16.477274,16.761364,16.136364,16.534092,5.847481,24640
1998-09-02,16.704544,16.818182,16.250000,16.363636,5.787197,18590
1998-09-03,16.363636,16.363636,16.136364,16.136364,5.706820,10010
1998-09-04,16.079544,16.250000,16.022726,16.193182,5.726915,7480
1998-09-08,16.534092,16.818182,16.250000,16.477274,5.827387,25080
1998-09-09,16.590908,16.818182,16.363636,16.363636,5.787197,36740
1998-09-10,16.363636,16.420456,16.306818,16.363636,5.787197,3520
1998-09-11,16.363636,16.420456,16.363636,16.363636,5.787197,3080
1998-09-14,16.590908,16.818182,16.534092,16.647726,5.887669,26840
1998-09-15,16.761364,16.761364,16.477274,16.647726,5.887669,4510
1998-09-16,16.590908,16.818182,16.306818,16.647726,5.887669,9900
1998-09-17,16.420456,16.420456,16.250000,16.420456,5.807292,3630
1998-09-18,16.363636,16.590908,16.306818,16.590908,5.867575,5720
1998-09-21,16.306818,16.306818,16.193182,16.306818,5.767102,4290
1998-09-22,16.363636,16.590908,16.363636,16.363636,5.787197,14630
1998-09-23,16.590908,16.704544,16.590908,16.704544,5.907763,15290
1998-09-24,16.704544,16.704544,16.420456,16.477274,5.827387,11550
1998-09-25,16.477274,16.534092,16.477274,16.534092,5.847481,8030
1998-09-28,16.420456,16.477274,16.136364,16.363636,5.787197,16940
1998-09-29,16.420456,16.420456,16.136364,16.306818,5.767102,11110
1998-09-30,16.136364,16.250000,16.022726,16.193182,5.726915,7150
1998-10-01,15.909091,16.022726,15.738636,15.909091,5.626442,9790
1998-10-02,15.681818,15.965909,15.681818,15.795455,5.586254,9570
1998-10-05,15.738636,15.738636,15.340909,15.340909,5.425498,10230
1998-10-06,15.511364,15.511364,15.284091,15.284091,5.405403,19250
1998-10-07,15.227273,15.397727,14.886364,15.113636,5.345119,13200
1998-10-08,14.886364,14.886364,13.806818,14.545455,5.144176,24640
1998-10-09,14.488636,14.545455,14.090909,14.375000,5.083893,23540
1998-10-12,14.431818,14.829545,14.375000,14.715909,5.204459,14960
1998-10-13,14.829545,14.829545,14.375000,14.431818,5.103987,23870
1998-10-14,14.431818,14.431818,14.318182,14.431818,5.103987,15510
1998-10-15,14.318182,14.829545,14.318182,14.829545,5.244648,17930
1998-10-16,14.886364,15.056818,14.886364,15.000000,5.304931,10450
1998-10-19,15.113636,15.227273,15.000000,15.227273,5.385307,12320
1998-10-20,15.284091,15.852273,15.284091,15.795455,5.586254,13640
1998-10-21,15.795455,16.022726,15.795455,15.965909,5.646536,3410
1998-10-22,15.852273,15.965909,15.852273,15.965909,5.646536,2310
1998-10-23,15.909091,16.193182,15.909091,16.136364,5.706820,5280
1998-10-26,16.363636,16.363636,16.136364,16.306818,5.767102,6710
1998-10-27,16.534092,16.875000,16.477274,16.704544,5.907763,39270
1998-10-28,16.590908,16.647726,16.477274,16.647726,5.887669,1760
1998-10-29,16.704544,16.704544,16.704544,16.704544,5.907763,660
1998-10-30,16.704544,16.818182,16.590908,16.818182,5.947952,7040
1998-11-02,17.045456,17.613636,16.988636,17.613636,6.229275,16500
1998-11-03,17.500000,17.500000,17.159092,17.159092,6.068521,6050
1998-11-04,17.500000,17.727274,17.443182,17.556818,6.209182,18480
1998-11-05,17.443182,17.443182,17.215908,17.272726,6.108707,11000
1998-11-06,17.215908,17.443182,16.988636,17.215908,6.088613,5500
1998-11-09,17.329544,17.329544,17.159092,17.272726,6.108707,4510
1998-11-10,17.386364,17.386364,17.045456,17.102274,6.048425,15620
1998-11-11,17.102274,17.102274,17.045456,17.045456,6.028330,4290
1998-11-12,16.590908,16.704544,16.477274,16.590908,6.078289,3410
1998-11-13,16.477274,16.590908,16.477274,16.534092,6.057473,7040
1998-11-16,16.647726,16.647726,16.306818,16.363636,5.995025,5390
1998-11-17,16.363636,16.477274,16.363636,16.363636,5.995025,3960
1998-11-18,16.363636,16.477274,16.363636,16.420456,6.015841,3190
1998-11-19,16.193182,16.534092,15.909091,16.477274,6.036657,11880
1998-11-20,16.363636,16.590908,16.136364,16.363636,5.995025,3080
1998-11-23,16.250000,16.250000,16.079544,16.193182,5.932577,11990
1998-11-24,16.079544,16.363636,15.681818,16.136364,5.911760,13750
1998-11-25,15.909091,16.136364,15.795455,15.965909,5.849312,7810
1998-11-27,16.193182,16.193182,16.136364,16.136364,5.911760,3630
1998-11-30,16.136364,16.363636,15.909091,16.136364,5.911760,19580
1998-12-01,16.136364,16.306818,15.909091,16.306818,5.974208,6490
1998-12-02,16.193182,16.363636,16.193182,16.250000,5.953394,2750
1998-12-03,16.363636,16.363636,15.909091,15.909091,5.828496,5170
1998-12-04,15.909091,16.136364,15.909091,16.136364,5.911760,6490
1998-12-07,16.079544,16.250000,15.625000,16.136364,5.911760,16610
1998-12-08,15.965909,16.136364,15.909091,16.022726,5.870129,3190
1998-12-09,15.795455,15.795455,15.681818,15.795455,5.786865,2310
1998-12-10,15.909091,16.022726,15.795455,15.909091,5.828496,6820
1998-12-11,15.909091,15.909091,15.852273,15.852273,5.807680,7920
1998-12-14,15.568182,15.738636,15.340909,15.340909,5.620336,15950
1998-12-15,15.340909,15.568182,15.340909,15.511364,5.682784,8910
1998-12-16,15.454545,15.681818,15.340909,15.397727,5.641151,15840
1998-12-17,15.284091,15.397727,15.284091,15.340909,5.620336,3080
1998-12-18,15.340909,15.397727,15.284091,15.284091,5.599520,7590
1998-12-21,15.340909,15.397727,15.284091,15.284091,5.599520,11330
1998-12-22,15.227273,15.397727,15.056818,15.284091,5.599520,8910
1998-12-23,15.227273,15.227273,14.886364,14.886364,5.453807,15510
1998-12-24,14.772727,14.772727,14.772727,14.772727,5.412174,22220
1998-12-28,14.772727,15.056818,14.772727,14.886364,5.453807,25850
1998-12-29,14.886364,14.886364,14.659091,14.772727,5.412174,13420
1998-12-30,14.659091,14.886364,14.602273,14.659091,5.370543,13860
1998-12-31,14.431818,14.715909,14.431818,14.659091,5.370543,47960
1999-01-04,14.659091,15.000000,14.659091,14.772727,5.412174,18040
1999-01-05,14.715909,14.886364,14.602273,14.772727,5.412174,15290
1999-01-06,14.772727,14.886364,14.772727,14.772727,5.412174,14300
1999-01-07,14.772727,14.772727,14.545455,14.659091,5.370543,8360
1999-01-08,14.602273,14.602273,14.375000,14.545455,5.328911,28710
1999-01-11,14.545455,14.886364,14.545455,14.772727,5.412174,12760
1999-01-12,14.772727,14.772727,14.375000,14.659091,5.370543,12760
1999-01-13,14.659091,14.829545,13.920455,14.829545,5.432991,28930
1999-01-14,14.659091,14.829545,14.602273,14.772727,5.412174,5390
1999-01-15,14.659091,14.829545,14.659091,14.829545,5.432991,2200
1999-01-19,14.318182,15.000000,14.204545,14.886364,5.453807,29700
1999-01-20,14.886364,15.113636,14.829545,14.943182,5.474624,10230
1999-01-21,14.829545,14.886364,14.715909,14.829545,5.432991,6380
1999-01-22,14.829545,14.829545,14.602273,14.772727,5.412174,11550
1999-01-25,14.545455,14.772727,14.545455,14.659091,5.370543,31020
1999-01-26,14.545455,14.886364,14.545455,14.772727,5.412174,14300
1999-01-27,15.000000,15.000000,14.545455,14.545455,5.328911,9240
1999-01-28,14.772727,14.772727,14.715909,14.715909,5.391359,5500
1999-01-29,14.715909,14.829545,14.715909,14.772727,5.412174,6490
1999-02-01,14.602273,14.943182,14.375000,14.772727,5.412174,22110
1999-02-02,14.602273,14.772727,14.545455,14.545455,5.328911,4180
1999-02-03,14.431818,14.545455,14.431818,14.431818,5.287279,5060
1999-02-04,14.375000,14.545455,14.090909,14.204545,5.204015,9240
1999-02-05,14.090909,14.431818,14.090909,14.318182,5.245646,11990
1999-02-08,14.090909,14.261364,13.750000,14.261364,5.224831,12760
1999-02-09,14.318182,14.431818,14.034091,14.261364,5.224831,10670
1999-02-10,14.261364,14.261364,14.034091,14.090909,5.162382,4290
1999-02-11,13.750000,14.090909,13.750000,14.034091,5.141567,15840
1999-02-12,13.977273,13.977273,13.579545,13.636364,4.995854,8690
1999-02-16,13.636364,13.920455,13.636364,13.806818,5.058302,8580
1999-02-17,13.806818,13.863636,13.693182,13.750000,5.037486,8140
1999-02-18,13.863636,13.863636,13.579545,13.579545,4.975037,18590
1999-02-19,13.636364,13.750000,13.579545,13.750000,5.037486,8250
1999-02-22,13.693182,13.750000,13.636364,13.636364,4.995854,5940
1999-02-23,13.636364,13.750000,13.522727,13.579545,4.975037,11110
1999-02-24,13.579545,13.636364,13.522727,13.579545,4.975037,3190
1999-02-25,13.522727,13.750000,13.352273,13.465909,4.933406,31350
1999-02-26,13.636364,13.636364,13.636364,13.636364,4.995854,1100
1999-03-01,13.522727,13.522727,13.295455,13.352273,4.891774,13090
1999-03-02,13.352273,13.579545,13.352273,13.465909,4.933406,11000
1999-03-03,13.409091,13.522727,13.409091,13.409091,4.912590,6600
1999-03-04,13.352273,13.579545,13.352273,13.579545,4.975037,1870
1999-03-05,13.636364,13.636364,13.352273,13.352273,4.891774,27060
1999-03-08,13.295455,13.409091,13.295455,13.409091,4.912590,24860
1999-03-09,13.295455,13.465909,13.181818,13.465909,4.933406,8910
1999-03-10,13.522727,13.522727,13.295455,13.465909,4.933406,3080
1999-03-11,13.522727,13.522727,13.181818,13.181818,4.829326,5170
1999-03-12,13.409091,13.522727,13.238636,13.352273,4.891774,14630
1999-03-15,13.181818,13.181818,13.068182,13.068182,4.787694,9240
1999-03-16,13.125000,13.238636,12.840909,12.840909,4.704430,8800
1999-03-17,13.181818,13.181818,12.840909,13.181818,4.829326,14300
1999-03-18,13.352273,13.352273,13.011364,13.068182,4.787694,22660
1999-03-19,13.295455,13.295455,12.954545,12.954545,4.746062,11770
1999-03-22,12.840909,13.068182,12.840909,12.840909,4.704430,14520
1999-03-23,12.784091,13.068182,12.784091,12.954545,4.746062,19250
1999-03-24,13.011364,13.011364,12.840909,12.840909,4.704430,7700
1999-03-25,12.840909,12.897727,12.784091,12.840909,4.704430,7590
1999-03-26,12.840909,13.011364,12.840909,12.954545,4.746062,30910
1999-03-29,13.011364,13.522727,13.011364,13.295455,4.870958,16610
1999-03-30,13.295455,13.295455,13.068182,13.181818,4.829326,4400
1999-03-31,13.125000,13.295455,13.125000,13.181818,4.829326,7260
1999-04-01,13.068182,13.125000,12.954545,13.068182,4.787694,9240
1999-04-05,13.068182,13.295455,13.068182,13.181818,4.829326,16280
1999-04-06,13.238636,13.238636,12.954545,13.011364,4.766878,6490
1999-04-07,13.125000,13.125000,13.011364,13.068182,4.787694,13420
1999-04-08,13.068182,13.295455,12.897727,13.068182,4.787694,10230
1999-04-09,13.011364,13.238636,12.897727,13.068182,4.787694,22110
1999-04-12,12.897727,13.181818,12.897727,13.181818,4.829326,12210
1999-04-13,13.125000,13.352273,13.125000,13.181818,4.829326,5940
1999-04-14,13.181818,13.409091,13.181818,13.352273,4.891774,11880
1999-04-15,13.238636,13.409091,13.181818,13.352273,4.891774,7150
1999-04-16,13.409091,13.465909,13.238636,13.409091,4.912590,7810
1999-04-19,13.409091,14.090909,13.295455,13.977273,5.120750,21780
1999-04-20,14.147727,14.204545,13.977273,14.034091,5.141567,8250
1999-04-21,13.920455,13.977273,13.750000,13.806818,5.058302,7700
1999-04-22,13.920455,14.318182,13.920455,14.318182,5.245646,9350
1999-04-23,14.545455,14.545455,14.090909,14.204545,5.204015,9240
1999-04-26,14.375000,14.602273,14.204545,14.204545,5.204015,17600
1999-04-27,14.147727,14.375000,14.147727,14.318182,5.245646,4950
1999-04-28,14.375000,14.375000,14.318182,14.375000,5.266464,2200
1999-04-29,14.261364,14.488636,14.204545,14.488636,5.308095,4510
1999-04-30,14.318182,14.431818,14.204545,14.204545,5.204015,5390
1999-05-03,14.090909,14.431818,13.806818,13.863636,5.079118,22550
1999-05-04,13.920455,14.204545,13.920455,14.147727,5.183198,27830
1999-05-05,14.147727,14.147727,13.977273,14.147727,5.183198,10120
1999-05-06,14.090909,14.375000,14.090909,14.147727,5.183198,5720
1999-05-07,14.375000,14.488636,14.261364,14.431818,5.287279,13090
1999-05-10,14.431818,14.545455,14.431818,14.431818,5.287279,8140
1999-05-11,14.431818,14.545455,13.863636,14.090909,5.162382,16830
1999-05-12,14.090909,14.261364,14.090909,14.147727,5.183198,9460
1999-05-13,14.375000,14.375000,14.034091,14.090909,5.162382,12430
1999-05-14,14.204545,14.204545,14.034091,14.034091,5.141567,6380
1999-05-17,14.034091,14.090909,13.977273,13.977273,5.120750,12650
1999-05-18,14.034091,14.034091,13.806818,13.863636,5.079118,21780
1999-05-19,13.977273,13.977273,13.863636,13.920455,5.099935,24090
1999-05-20,13.977273,14.034091,13.920455,13.920455,5.099935,15400
1999-05-21,13.977273,14.090909,13.920455,13.977273,5.120750,9570
1999-05-24,14.090909,14.318182,14.090909,14.090909,5.162382,26180
1999-05-25,14.034091,14.090909,13.977273,14.090909,5.162382,4400
1999-05-26,13.977273,14.488636,13.977273,14.488636,5.308095,9900
1999-05-27,14.488636,14.488636,14.204545,14.204545,5.204015,3300
1999-05-28,14.318182,14.318182,14.318182,14.318182,5.245646,4950
1999-06-01,14.318182,14.318182,14.204545,14.204545,5.204015,3520
1999-06-02,14.261364,14.318182,14.204545,14.204545,5.204015,5720
1999-06-03,14.318182,14.375000,14.318182,14.375000,5.266464,4950
1999-06-04,14.431818,14.431818,14.147727,14.318182,5.245646,11220
1999-06-07,14.545455,14.545455,14.375000,14.545455,5.328911,10230
1999-06-08,14.431818,14.431818,14.375000,14.431818,5.287279,2860
1999-06-09,14.431818,14.431818,14.375000,14.375000,5.266464,1540
1999-06-10,14.431818,14.431818,14.261364,14.375000,5.266464,6600
1999-06-11,14.375000,14.431818,14.318182,14.431818,5.287279,15400
1999-06-14,14.545455,14.545455,14.431818,14.488636,5.308095,5280
1999-06-15,14.431818,14.545455,14.431818,14.488636,5.308095,13090
1999-06-16,14.488636,14.545455,14.431818,14.488636,5.308095,9570
1999-06-17,14.488636,14.772727,14.488636,14.715909,5.391359,11440
1999-06-18,14.715909,14.715909,14.659091,14.715909,5.391359,14080
1999-06-21,14.659091,14.772727,14.602273,14.772727,5.412174,3630
1999-06-22,14.772727,14.772727,14.659091,14.715909,5.391359,5170
1999-06-23,14.715909,14.715909,14.602273,14.659091,5.370543,5500
1999-06-24,14.602273,14.715909,14.602273,14.715909,5.391359,1650
1999-06-25,14.659091,14.659091,14.602273,14.659091,5.370543,2970
1999-06-28,14.715909,14.715909,14.659091,14.715909,5.391359,3080
1999-06-29,14.715909,14.772727,14.659091,14.659091,5.370543,990
1999-06-30,14.772727,14.772727,14.488636,14.715909,5.391359,5060
1999-07-01,14.715909,14.715909,14.545455,14.545455,5.328911,8250
1999-07-02,14.488636,14.545455,14.431818,14.545455,5.328911,12980
1999-07-06,14.488636,14.602273,14.488636,14.602273,5.349726,18590
1999-07-07,14.545455,14.545455,14.431818,14.431818,5.287279,19580
1999-07-08,14.431818,14.431818,14.375000,14.431818,5.287279,3410
1999-07-09,14.375000,14.375000,14.204545,14.318182,5.245646,8470
1999-07-12,14.375000,14.659091,14.375000,14.659091,5.370543,32670
1999-07-13,14.659091,14.715909,14.602273,14.715909,5.391359,6930
1999-07-14,14.715909,15.227273,14.715909,15.056818,5.516255,20680
1999-07-15,15.113636,15.170455,15.000000,15.000000,5.495440,13640
1999-07-16,15.227273,15.227273,15.000000,15.000000,5.495440,6490
1999-07-19,15.056818,15.113636,14.886364,15.000000,5.495440,2530
1999-07-20,14.772727,14.772727,14.772727,14.772727,5.412174,2420
1999-07-21,14.772727,14.886364,14.715909,14.886364,5.453807,1870
1999-07-22,14.886364,14.886364,14.772727,14.886364,5.453807,10780
1999-07-23,14.772727,14.886364,14.772727,14.772727,5.412174,13640
1999-07-26,14.772727,14.886364,14.659091,14.829545,5.432991,10780
1999-07-27,14.715909,14.829545,14.715909,14.715909,5.391359,2640
1999-07-28,14.715909,14.829545,14.659091,14.772727,5.412174,10670
1999-07-29,14.659091,14.772727,14.659091,14.715909,5.391359,13640
1999-07-30,14.715909,14.829545,14.602273,14.715909,5.391359,10670
1999-08-02,14.545455,14.659091,14.431818,14.602273,5.349726,7150
1999-08-03,14.602273,14.602273,14.375000,14.488636,5.308095,10340
1999-08-04,14.375000,14.545455,14.375000,14.545455,5.328911,7480
1999-08-05,14.545455,14.545455,14.318182,14.431818,5.287279,4950
1999-08-06,14.375000,14.375000,14.204545,14.204545,5.204015,6820
1999-08-09,14.204545,14.204545,14.204545,14.204545,5.204015,6710
1999-08-10,14.147727,14.204545,14.090909,14.147727,5.183198,8470
1999-08-11,14.147727,14.318182,14.090909,14.318182,5.245646,6600
1999-08-12,14.431818,14.545455,14.431818,14.488636,5.308095,3300
1999-08-13,14.545455,14.545455,14.318182,14.375000,5.266464,4180
1999-08-16,14.318182,14.488636,14.261364,14.318182,5.245646,5170
1999-08-17,14.431818,14.488636,13.636364,13.806818,5.058302,43340
1999-08-18,14.034091,14.034091,13.636364,13.920455,5.099935,30580
1999-08-19,13.750000,13.920455,13.750000,13.920455,5.099935,2310
1999-08-20,13.863636,13.920455,13.636364,13.750000,5.037486,42350
1999-08-23,13.806818,14.261364,13.806818,14.204545,5.204015,19140
1999-08-24,13.977273,14.090909,13.977273,14.034091,5.141567,22000
1999-08-25,14.090909,14.090909,14.034091,14.034091,5.141567,2420
1999-08-26,14.090909,14.090909,13.750000,13.863636,5.079118,13970
1999-08-27,13.863636,13.977273,13.863636,13.863636,5.079118,10890
1999-08-30,13.750000,13.806818,13.693182,13.750000,5.037486,15950
1999-08-31,13.863636,13.863636,13.750000,13.863636,5.079118,990
1999-09-01,13.806818,13.806818,13.693182,13.806818,5.058302,3630
1999-09-02,13.750000,13.750000,13.693182,13.750000,5.037486,2420
1999-09-03,13.750000,13.750000,13.693182,13.750000,5.037486,5170
1999-09-07,13.863636,13.863636,13.750000,13.750000,5.037486,9900
1999-09-08,13.750000,13.863636,13.750000,13.806818,5.058302,10450
1999-09-09,14.034091,14.034091,13.863636,13.863636,5.079118,6820
1999-09-10,13.806818,13.920455,13.806818,13.920455,5.099935,6820
1999-09-13,13.863636,13.977273,13.806818,13.863636,5.079118,4290
1999-09-14,13.863636,13.977273,13.863636,13.863636,5.079118,8250
1999-09-15,13.920455,13.920455,13.750000,13.806818,5.058302,14190
1999-09-16,13.863636,13.863636,13.693182,13.750000,5.037486,8030
1999-09-17,13.693182,13.750000,13.693182,13.750000,5.037486,11440
1999-09-20,13.863636,13.863636,13.806818,13.806818,5.058302,18700
1999-09-21,13.806818,13.806818,13.750000,13.806818,5.058302,4840
1999-09-22,13.693182,13.863636,13.693182,13.750000,5.037486,13420
1999-09-23,13.750000,13.750000,13.636364,13.693182,5.016670,12100
1999-09-24,13.693182,13.750000,13.636364,13.636364,4.995854,7150
1999-09-27,13.636364,13.750000,13.636364,13.636364,4.995854,15620
1999-09-28,13.636364,13.636364,13.522727,13.522727,4.954221,3740
1999-09-29,13.750000,13.750000,13.636364,13.636364,4.995854,8910
1999-09-30,13.750000,13.750000,13.636364,13.750000,5.037486,9020
1999-10-01,13.863636,14.034091,13.863636,14.034091,5.141567,31570
1999-10-04,14.034091,14.034091,13.920455,13.977273,5.120750,12100
1999-10-05,13.977273,14.034091,13.750000,13.863636,5.079118,13200
1999-10-06,13.920455,14.090909,13.920455,14.034091,5.141567,6050
1999-10-07,14.034091,14.204545,14.034091,14.090909,5.162382,7260
1999-10-08,13.977273,13.977273,13.977273,13.977273,5.120750,3080
1999-10-11,14.034091,14.034091,13.863636,13.863636,5.079118,4620
1999-10-12,13.920455,13.920455,13.863636,13.863636,5.079118,14190
1999-10-13,13.863636,13.977273,13.863636,13.920455,5.099935,6380
1999-10-14,13.920455,13.920455,13.863636,13.863636,5.079118,2310
1999-10-15,13.806818,13.863636,13.750000,13.806818,5.058302,19910
1999-10-18,13.750000,13.806818,13.750000,13.750000,5.037486,9570
1999-10-19,13.750000,13.750000,13.636364,13.750000,5.037486,3960
1999-10-20,13.750000,14.090909,13.693182,13.863636,5.079118,18040
1999-10-21,13.750000,13.750000,13.693182,13.693182,5.016670,14300
1999-10-22,13.636364,13.750000,13.636364,13.693182,5.016670,4950
1999-10-25,13.693182,13.693182,13.636364,13.693182,5.016670,2970
1999-10-26,13.636364,13.750000,13.636364,13.636364,4.995854,6490
1999-10-27,13.750000,13.863636,13.693182,13.863636,5.079118,27060
1999-10-28,13.806818,14.034091,13.806818,13.863636,5.079118,11990
1999-10-29,14.090909,14.090909,13.806818,13.863636,5.079118,11000
1999-11-01,13.977273,14.772727,13.977273,14.431818,5.287279,107580
1999-11-02,14.545455,14.659091,14.431818,14.431818,5.287279,23980
1999-11-03,14.545455,14.545455,14.431818,14.431818,5.287279,16390
1999-11-04,14.545455,14.545455,14.318182,14.488636,5.308095,56760
1999-11-05,14.545455,14.715909,14.545455,14.659091,5.370543,35970
1999-11-08,14.659091,14.772727,14.602273,14.659091,5.370543,77000
1999-11-09,14.715909,14.829545,14.602273,14.772727,5.412174,152460
1999-11-10,11.022727,11.136364,10.965909,11.022727,5.468552,93720
1999-11-11,11.136364,11.136364,10.568182,10.795455,5.355799,106920
1999-11-12,10.568182,10.625000,10.454545,10.568182,5.243045,51260
1999-11-15,10.568182,10.568182,10.454545,10.511364,5.214857,38170
1999-11-16,10.511364,10.511364,10.340909,10.397727,5.158479,23650
1999-11-17,10.284091,10.397727,10.284091,10.284091,5.102102,43450
1999-11-18,10.227273,10.340909,10.227273,10.227273,5.073914,38830
1999-11-19,10.170455,10.227273,10.000000,10.000000,4.961161,28050
1999-11-22,9.943182,10.000000,9.886364,9.943182,4.932972,44440
1999-11-23,9.943182,10.000000,9.943182,9.943182,4.932972,25300
1999-11-24,9.943182,9.943182,9.943182,9.943182,4.932972,7370
1999-11-26,9.943182,10.000000,9.943182,9.943182,4.932972,28050
1999-11-29,9.943182,10.000000,9.829545,9.829545,4.876595,47740
1999-11-30,9.886364,9.886364,9.715909,9.772727,4.848407,23210
1999-12-01,9.715909,9.886364,9.715909,9.715909,4.820218,31240
1999-12-02,9.715909,9.715909,9.715909,9.715909,4.820218,16940
1999-12-03,9.715909,9.829545,9.715909,9.772727,4.848407,31460
1999-12-06,9.772727,9.772727,9.715909,9.715909,4.820218,10450
1999-12-07,9.715909,9.772727,9.715909,9.715909,4.820218,52360
1999-12-08,9.715909,9.829545,9.715909,9.772727,4.848407,22440
1999-12-09,9.715909,9.772727,9.715909,9.715909,4.820218,43010
1999-12-10,9.715909,9.829545,9.715909,9.829545,4.876595,31020
1999-12-13,9.772727,9.886364,9.772727,9.772727,4.848407,12760
1999-12-14,9.715909,9.715909,9.545455,9.602273,4.763842,29590
1999-12-15,9.545455,9.659091,9.545455,9.602273,4.763842,22990
1999-12-16,9.602273,9.715909,9.602273,9.659091,4.792029,10560
1999-12-17,9.715909,9.829545,9.602273,9.715909,4.820218,32340
1999-12-20,9.659091,9.772727,9.659091,9.659091,4.792029,24530
1999-12-21,9.659091,9.659091,9.602273,9.602273,4.763842,18920
1999-12-22,9.602273,9.772727,9.545455,9.659091,4.792029,34210
1999-12-23,9.602273,9.602273,9.431818,9.488636,4.707465,30030
1999-12-27,9.431818,9.659091,9.431818,9.545455,4.735653,28050
1999-12-28,9.545455,9.602273,9.431818,9.431818,4.679276,63910
1999-12-29,9.375000,9.431818,9.204545,9.375000,4.651088,41250
1999-12-30,9.375000,9.431818,9.318182,9.431818,4.679276,48840
1999-12-31,9.375000,9.375000,9.318182,9.375000,4.651088,77440
2000-01-03,9.431818,9.431818,9.204545,9.204545,4.566522,49610
2000-01-04,9.090909,9.204545,9.090909,9.147727,4.538334,27940
2000-01-05,9.204545,9.318182,9.147727,9.318182,4.622900,35640
2000-01-06,9.204545,9.261364,9.147727,9.204545,4.566522,19360
2000-01-07,9.147727,9.318182,9.147727,9.318182,4.622900,28380
2000-01-10,9.204545,9.375000,9.204545,9.318182,4.622900,38390
2000-01-11,9.318182,9.375000,9.204545,9.261364,4.594711,17710
2000-01-12,9.204545,9.261364,9.204545,9.204545,4.566522,16610
2000-01-13,9.318182,9.318182,9.204545,9.204545,4.566522,28820
2000-01-14,9.204545,9.261364,9.204545,9.261364,4.594711,16390
2000-01-18,9.204545,9.261364,9.204545,9.204545,4.566522,21670
2000-01-19,9.204545,9.261364,9.147727,9.204545,4.566522,16940
2000-01-20,9.147727,9.204545,9.147727,9.147727,4.538334,13530
2000-01-21,9.147727,9.261364,9.147727,9.147727,4.538334,22220
2000-01-24,9.147727,9.261364,9.147727,9.147727,4.538334,32780
2000-01-25,9.090909,9.261364,9.090909,9.147727,4.538334,17270
2000-01-26,9.147727,9.261364,9.147727,9.204545,4.566522,20130
2000-01-27,9.147727,9.204545,9.147727,9.147727,4.538334,6490
2000-01-28,9.147727,9.147727,9.090909,9.090909,4.510146,36410
2000-01-31,8.977273,9.034091,8.920455,9.034091,4.481957,30910
2000-02-01,8.920455,8.920455,8.863636,8.920455,4.425581,20240
2000-02-02,8.920455,8.977273,8.863636,8.920455,4.425581,35860
2000-02-03,9.034091,9.034091,8.863636,8.920455,4.425581,8910
2000-02-04,8.977273,9.034091,8.863636,8.920455,4.425581,19140
2000-02-07,8.920455,9.034091,8.920455,8.920455,4.425581,14080
2000-02-08,9.034091,9.204545,9.034091,9.090909,4.510146,36960
2000-02-09,9.204545,9.204545,9.147727,9.147727,4.538334,15950
2000-02-10,9.147727,9.261364,9.147727,9.204545,4.566522,19140
2000-02-11,9.204545,9.261364,9.204545,9.204545,4.566522,14850
2000-02-14,9.090909,9.318182,9.090909,9.261364,4.594711,13310
2000-02-15,9.261364,9.318182,9.261364,9.318182,4.622900,12430
2000-02-16,9.318182,9.318182,9.261364,9.318182,4.622900,22110
2000-02-17,9.261364,9.375000,9.261364,9.375000,4.651088,18700
2000-02-18,9.261364,9.318182,9.204545,9.204545,4.566522,3190
2000-02-22,9.318182,9.318182,9.204545,9.318182,4.622900,9020
2000-02-23,9.204545,9.318182,9.204545,9.261364,4.594711,4730
2000-02-24,9.204545,9.318182,9.204545,9.318182,4.622900,6820
2000-02-25,9.204545,9.261364,9.204545,9.204545,4.566522,22660
2000-02-28,9.204545,9.318182,9.204545,9.261364,4.594711,21230
2000-02-29,9.318182,9.318182,9.204545,9.261364,4.594711,33880
2000-03-01,9.204545,9.318182,9.204545,9.261364,4.594711,16610
2000-03-02,9.261364,9.431818,9.261364,9.318182,4.622900,52030
2000-03-03,9.431818,9.545455,9.431818,9.431818,4.679276,36960
2000-03-06,9.545455,9.545455,9.431818,9.488636,4.707465,24530
2000-03-07,9.602273,9.602273,9.488636,9.488636,4.707465,21230
2000-03-08,9.488636,9.488636,9.431818,9.431818,4.679276,8030
2000-03-09,9.431818,9.431818,9.261364,9.318182,4.622900,22990
2000-03-10,9.318182,9.431818,9.318182,9.375000,4.651088,5390
2000-03-13,9.375000,9.488636,9.375000,9.375000,4.651088,19470
2000-03-14,9.431818,9.431818,9.318182,9.318182,4.622900,66660
2000-03-15,9.261364,9.375000,9.261364,9.375000,4.651088,19030
2000-03-16,9.318182,9.488636,9.318182,9.375000,4.651088,23100
2000-03-17,9.318182,9.431818,9.318182,9.431818,4.679276,1980
2000-03-20,9.431818,9.545455,9.375000,9.488636,4.707465,34650
2000-03-21,9.488636,9.545455,9.488636,9.545455,4.735653,3850
2000-03-22,9.545455,9.659091,9.545455,9.602273,4.763842,20240
2000-03-23,9.602273,9.772727,9.602273,9.659091,4.792029,22330
2000-03-24,9.602273,9.715909,9.602273,9.602273,4.763842,23210
2000-03-27,9.715909,9.772727,9.545455,9.545455,4.735653,32450
2000-03-28,9.602273,9.602273,9.545455,9.602273,4.763842,16610
2000-03-29,9.659091,9.659091,9.545455,9.659091,4.792029,15400
2000-03-30,9.602273,9.659091,9.602273,9.602273,4.763842,17050
2000-03-31,9.659091,9.659091,9.545455,9.659091,4.792029,5390
2000-04-03,9.602273,9.715909,9.602273,9.715909,4.820218,16170
2000-04-04,9.602273,9.602273,9.261364,9.261364,4.594711,15950
2000-04-05,9.318182,9.431818,9.318182,9.431818,4.679276,12320
2000-04-06,9.375000,9.545455,9.375000,9.488636,4.707465,12760
2000-04-07,9.545455,9.545455,9.431818,9.488636,4.707465,14080
2000-04-10,9.431818,9.431818,9.431818,9.431818,4.679276,1210
2000-04-11,9.431818,9.488636,9.431818,9.488636,4.707465,3520
2000-04-12,9.431818,9.545455,9.431818,9.431818,4.679276,14410
2000-04-13,9.431818,9.431818,9.318182,9.318182,4.622900,5940
2000-04-14,9.318182,9.318182,9.147727,9.147727,4.538334,20130
2000-04-17,9.147727,9.147727,9.090909,9.090909,4.510146,17600
2000-04-18,9.090909,9.204545,9.090909,9.204545,4.566522,28380
2000-04-19,9.204545,9.261364,9.204545,9.204545,4.566522,7040
2000-04-20,9.261364,9.261364,9.204545,9.204545,4.566522,8360
2000-04-24,9.261364,9.431818,9.204545,9.261364,4.594711,13970
2000-04-25,9.204545,9.318182,9.204545,9.204545,4.566522,5280
2000-04-26,9.204545,9.318182,9.204545,9.261364,4.594711,5830
2000-04-27,9.204545,9.318182,9.204545,9.318182,4.622900,16280
2000-04-28,9.204545,9.261364,9.204545,9.261364,4.594711,1430
2000-05-01,9.204545,9.318182,9.204545,9.204545,4.566522,16170
2000-05-02,9.204545,9.204545,9.204545,9.204545,4.566522,7700
2000-05-03,9.204545,9.318182,9.204545,9.204545,4.566522,10560
2000-05-04,9.204545,9.204545,9.090909,9.147727,4.538334,19580
2000-05-05,9.147727,9.147727,9.090909,9.147727,4.538334,2640
2000-05-08,9.147727,9.147727,9.090909,9.090909,4.510146,8250
2000-05-09,9.147727,9.147727,9.090909,9.090909,4.510146,1430
2000-05-10,9.147727,9.147727,9.034091,9.034091,4.481957,15400
2000-05-11,9.090909,9.204545,9.090909,9.147727,4.538334,22880
2000-05-12,9.261364,9.261364,9.204545,9.261364,4.594711,22990
2000-05-15,9.261364,9.261364,9.147727,9.204545,4.566522,28380
2000-05-16,9.318182,9.431818,9.261364,9.431818,4.679276,39930
2000-05-17,9.375000,9.431818,9.261364,9.431818,4.679276,5390
2000-05-18,9.431818,9.431818,9.375000,9.375000,4.651088,4070
2000-05-19,9.375000,9.375000,9.261364,9.318182,4.622900,34210
2000-05-22,9.375000,9.375000,9.261364,9.318182,4.622900,7370
2000-05-23,9.431818,9.431818,9.375000,9.375000,4.651088,4620
2000-05-24,9.318182,9.375000,9.318182,9.375000,4.651088,660
2000-05-25,9.375000,9.375000,9.375000,9.375000,4.651088,770
2000-05-26,9.375000,9.431818,9.318182,9.375000,4.651088,40810
2000-05-30,9.375000,9.431818,9.375000,9.431818,4.679276,43230
2000-05-31,9.375000,9.488636,9.375000,9.375000,4.651088,19030
2000-06-01,9.431818,9.488636,9.431818,9.431818,4.679276,7260
2000-06-02,9.659091,9.659091,9.431818,9.431818,4.679276,19030
2000-06-05,9.431818,9.431818,9.375000,9.431818,4.679276,10670
2000-06-06,9.488636,9.488636,9.431818,9.431818,4.679276,13200
2000-06-07,9.431818,9.602273,9.431818,9.602273,4.763842,13860
2000-06-08,9.602273,9.659091,9.545455,9.545455,4.735653,3740
2000-06-09,9.659091,9.659091,9.545455,9.545455,4.735653,27500
2000-06-12,9.545455,9.545455,9.545455,9.545455,4.735653,5390
2000-06-13,9.545455,9.715909,9.545455,9.659091,4.792029,18150
2000-06-14,9.602273,9.715909,9.602273,9.715909,4.820218,3520
2000-06-15,9.772727,9.772727,9.659091,9.715909,4.820218,5390
2000-06-16,9.659091,9.772727,9.602273,9.602273,4.763842,15620
2000-06-19,9.602273,9.659091,9.602273,9.659091,4.792029,10670
2000-06-20,9.715909,9.715909,9.659091,9.659091,4.792029,660
2000-06-21,9.715909,9.715909,9.659091,9.659091,4.792029,1540
2000-06-22,9.659091,9.715909,9.659091,9.659091,4.792029,8360
2000-06-23,9.659091,9.715909,9.659091,9.715909,4.820218,9460
2000-06-26,9.715909,9.715909,9.659091,9.659091,4.792029,5720
2000-06-27,9.715909,9.715909,9.659091,9.659091,4.792029,21670
2000-06-28,9.715909,9.715909,9.602273,9.659091,4.792029,8470
2000-06-29,9.602273,9.602273,9.602273,9.602273,4.763842,6820
2000-06-30,9.659091,9.715909,9.659091,9.659091,4.792029,8800
2000-07-03,9.715909,9.715909,9.659091,9.659091,4.792029,9130
2000-07-05,9.602273,9.715909,9.602273,9.715909,4.820218,26510
2000-07-06,9.602273,9.659091,9.602273,9.659091,4.792029,9130
2000-07-07,9.772727,9.772727,9.659091,9.715909,4.820218,15290
2000-07-10,9.659091,9.772727,9.602273,9.659091,4.792029,14630
2000-07-11,9.659091,9.659091,9.659091,9.659091,4.792029,3960
2000-07-12,9.602273,9.659091,9.602273,9.659091,4.792029,37290
2000-07-13,9.659091,9.659091,9.602273,9.602273,4.763842,13420
2000-07-14,9.602273,9.659091,9.602273,9.602273,4.763842,2310
2000-07-17,9.602273,9.602273,9.545455,9.602273,4.763842,20900
2000-07-18,9.545455,9.602273,9.545455,9.545455,4.735653,17050
2000-07-19,9.545455,9.659091,9.545455,9.602273,4.763842,12430
2000-07-20,9.659091,9.715909,9.659091,9.715909,4.820218,14300
2000-07-21,9.659091,9.659091,9.602273,9.659091,4.792029,15070
2000-07-24,9.659091,9.715909,9.602273,9.659091,4.792029,26840
2000-07-25,9.659091,9.659091,9.545455,9.545455,4.735653,16610
2000-07-26,9.602273,9.602273,9.545455,9.545455,4.735653,7700
2000-07-27,9.545455,9.545455,9.545455,9.545455,4.735653,4620
2000-07-28,9.602273,9.602273,9.545455,9.545455,4.735653,12210
2000-07-31,9.545455,9.602273,9.488636,9.545455,4.735653,13200
2000-08-01,9.488636,9.488636,9.488636,9.488636,4.707465,5720
2000-08-02,9.488636,9.488636,9.488636,9.488636,4.707465,12210
2000-08-03,9.431818,9.431818,9.375000,9.375000,4.651088,14300
2000-08-04,9.431818,9.545455,9.431818,9.545455,4.735653,26180
2000-08-07,9.545455,9.602273,9.545455,9.545455,4.735653,38940
2000-08-08,9.545455,9.659091,9.545455,9.545455,4.735653,16170
2000-08-09,9.545455,9.602273,9.545455,9.602273,4.763842,15730
2000-08-10,9.602273,9.659091,9.602273,9.659091,4.792029,18260
2000-08-11,9.545455,9.602273,9.545455,9.545455,4.735653,2750
2000-08-14,9.545455,9.659091,9.545455,9.545455,4.735653,25630
2000-08-15,9.545455,9.602273,9.545455,9.602273,4.763842,17270
2000-08-16,9.602273,9.602273,9.545455,9.545455,4.735653,10340
2000-08-17,9.602273,9.602273,9.545455,9.545455,4.735653,22990
2000-08-18,9.545455,9.602273,9.545455,9.602273,4.763842,11440
2000-08-21,9.602273,9.602273,9.545455,9.545455,4.735653,15730
2000-08-22,9.545455,9.602273,9.488636,9.545455,4.735653,16280
2000-08-23,9.545455,9.602273,9.545455,9.545455,4.735653,12320
2000-08-24,9.545455,9.602273,9.545455,9.545455,4.735653,17820
2000-08-25,9.545455,9.602273,9.545455,9.545455,4.735653,23430
2000-08-28,9.545455,9.602273,9.545455,9.545455,4.735653,16170
2000-08-29,9.545455,9.602273,9.545455,9.545455,4.735653,9570
2000-08-30,9.545455,9.602273,9.545455,9.602273,4.763842,16940
2000-08-31,9.545455,9.602273,9.545455,9.545455,4.735653,10450
2000-09-01,9.602273,9.602273,9.545455,9.545455,4.735653,17380
2000-09-05,9.545455,9.602273,9.545455,9.602273,4.763842,13420
2000-09-06,9.545455,9.545455,9.488636,9.545455,4.735653,9570
2000-09-07,9.602273,9.602273,9.602273,9.602273,4.763842,13530
2000-09-08,9.545455,9.659091,9.545455,9.659091,4.792029,14080
2000-09-11,9.602273,9.659091,9.602273,9.659091,4.792029,11660
2000-09-12,9.602273,9.659091,9.602273,9.659091,4.792029,8580
2000-09-13,9.659091,9.715909,9.659091,9.715909,4.820218,19580
2000-09-14,9.659091,9.772727,9.659091,9.715909,4.820218,6710
2000-09-15,9.715909,9.715909,9.715909,9.715909,4.820218,10120
2000-09-18,9.772727,9.772727,9.715909,9.715909,4.820218,7370
2000-09-19,9.659091,9.715909,9.659091,9.715909,4.820218,4400
2000-09-20,9.715909,9.772727,9.715909,9.715909,4.820218,11550
2000-09-21,9.715909,9.715909,9.715909,9.715909,4.820218,5390
2000-09-22,9.715909,9.715909,9.659091,9.659091,4.792029,23650
2000-09-25,9.715909,9.715909,9.659091,9.659091,4.792029,2530
2000-09-26,9.659091,9.659091,9.659091,9.659091,4.792029,4070
2000-09-27,9.659091,9.659091,9.659091,9.659091,4.792029,22440
2000-09-28,9.659091,9.715909,9.659091,9.659091,4.792029,6600
2000-09-29,9.659091,9.659091,9.602273,9.602273,4.763842,20570
2000-10-02,9.602273,9.772727,9.602273,9.715909,4.820218,6710
2000-10-03,9.715909,9.715909,9.659091,9.659091,4.792029,13200
2000-10-04,9.659091,9.715909,9.602273,9.715909,4.820218,10340
2000-10-05,9.715909,9.715909,9.602273,9.659091,4.792029,10780
2000-10-06,9.602273,9.602273,9.545455,9.545455,4.735653,35860
2000-10-09,9.545455,9.602273,9.545455,9.602273,4.763842,33330
2000-10-10,9.545455,9.545455,9.488636,9.545455,4.735653,25300
2000-10-11,9.488636,9.545455,9.431818,9.488636,4.707465,25190
2000-10-12,9.431818,9.431818,9.375000,9.375000,4.651088,15730
2000-10-13,9.431818,9.431818,9.431818,9.431818,4.679276,220
2000-10-16,9.375000,9.431818,9.261364,9.318182,4.622900,17600
2000-10-17,9.204545,9.204545,9.090909,9.147727,4.538334,12760
2000-10-18,9.090909,9.090909,8.977273,9.034091,4.481957,7480
2000-10-19,8.977273,9.034091,8.977273,9.034091,4.481957,16500
2000-10-20,8.977273,9.034091,8.977273,9.034091,4.481957,16170
2000-10-23,8.977273,9.034091,8.977273,8.977273,4.453769,15070
2000-10-24,9.090909,9.090909,8.977273,9.090909,4.510146,16610
2000-10-25,9.034091,9.090909,8.977273,8.977273,4.453769,8800
2000-10-26,9.034091,9.090909,9.034091,9.034091,4.481957,31350
2000-10-27,9.034091,9.034091,9.034091,9.034091,4.481957,770
2000-10-30,9.034091,9.204545,9.034091,9.090909,4.510146,23320
2000-10-31,9.090909,9.090909,9.034091,9.090909,4.510146,17930
2000-11-01,9.090909,9.204545,9.090909,9.204545,4.566522,12760
2000-11-02,9.147727,9.204545,9.090909,9.147727,4.538334,17820
2000-11-03,9.147727,9.147727,9.147727,9.147727,4.538334,7040
2000-11-06,9.147727,9.147727,9.090909,9.147727,4.538334,29040
2000-11-07,9.147727,9.318182,9.090909,9.147727,4.538334,36410
2000-11-08,9.204545,9.318182,9.147727,9.261364,4.594711,16060
2000-11-09,9.204545,9.318182,9.204545,9.204545,4.566522,20350
2000-11-10,9.261364,9.318182,9.204545,9.204545,4.566522,30690
2000-11-13,9.147727,9.261364,9.147727,9.261364,4.594711,52580
2000-11-14,9.204545,9.261364,9.204545,9.204545,4.566522,4620
2000-11-15,9.204545,9.318182,9.204545,9.261364,4.594711,7260
2000-11-16,8.750000,8.806818,8.693182,8.693182,4.582731,24530
2000-11-17,8.693182,8.693182,8.579545,8.636364,4.552778,13860
2000-11-20,8.579545,8.693182,8.522727,8.579545,4.522825,4950
2000-11-21,8.636364,8.636364,8.465909,8.465909,4.462920,8580
2000-11-22,8.465909,8.579545,8.295455,8.295455,4.373063,21340
2000-11-24,8.409091,8.409091,8.295455,8.409091,4.432968,12320
2000-11-27,8.409091,8.409091,8.238636,8.352273,4.403015,50710
2000-11-28,8.352273,8.352273,8.181818,8.238636,4.343111,45760
2000-11-29,8.295455,8.295455,8.181818,8.238636,4.343111,22330
2000-11-30,8.181818,8.238636,8.181818,8.238636,4.343111,5390
2000-12-01,8.238636,8.238636,8.125000,8.125000,4.283206,7260
2000-12-04,8.125000,8.125000,8.068182,8.068182,4.253253,14080
2000-12-05,8.125000,8.125000,8.068182,8.068182,4.253253,14190
2000-12-06,8.068182,8.125000,8.068182,8.125000,4.283206,12650
2000-12-07,8.068182,8.125000,7.954545,8.068182,4.253253,2860
2000-12-08,8.068182,8.068182,7.840909,7.954545,4.193348,47740
2000-12-11,7.954545,8.125000,7.897727,8.068182,4.253253,32560
2000-12-12,8.011364,8.011364,7.840909,7.897727,4.163396,40920
2000-12-13,7.954545,7.954545,7.897727,7.897727,4.163396,22550
2000-12-14,7.897727,7.954545,7.897727,7.954545,4.193348,19030
2000-12-15,7.897727,8.011364,7.897727,7.954545,4.193348,34980
2000-12-18,7.954545,7.954545,7.954545,7.954545,4.193348,18040
2000-12-19,7.954545,8.011364,7.897727,7.897727,4.163396,19800
2000-12-20,7.897727,8.068182,7.897727,7.954545,4.193348,38280
2000-12-21,7.897727,7.954545,7.727273,7.840909,4.133443,49500
2000-12-22,7.727273,7.784091,7.670455,7.727273,4.073538,79310
2000-12-26,7.727273,7.784091,7.670455,7.784091,4.103490,45870
2000-12-27,7.727273,7.954545,7.727273,7.840909,4.133443,43560
2000-12-28,7.840909,8.295455,7.840909,8.011364,4.223300,74690
2000-12-29,8.011364,8.352273,8.011364,8.011364,4.223300,86570
2001-01-02,8.125000,8.181818,8.068182,8.068182,4.253253,14080
2001-01-03,8.125000,8.352273,8.068182,8.352273,4.403015,7480
2001-01-04,8.409091,8.409091,8.352273,8.352273,4.403015,7810
2001-01-05,8.409091,8.465909,8.238636,8.295455,4.373063,21670
2001-01-08,8.238636,8.238636,8.068182,8.068182,4.253253,19360
2001-01-09,8.125000,8.125000,8.011364,8.011364,4.223300,17380
2001-01-10,8.011364,8.068182,8.011364,8.068182,4.253253,5280
2001-01-11,8.068182,8.181818,8.011364,8.125000,4.283206,12980
2001-01-12,8.181818,8.238636,8.125000,8.181818,4.313158,22440
2001-01-16,8.125000,8.238636,8.125000,8.238636,4.343111,10890
2001-01-17,8.238636,8.352273,8.238636,8.295455,4.373063,8030
2001-01-18,8.352273,8.352273,8.238636,8.352273,4.403015,19140
2001-01-19,8.352273,8.352273,8.238636,8.295455,4.373063,12870
2001-01-22,8.238636,8.295455,8.181818,8.238636,4.343111,20680
2001-01-23,8.295455,8.352273,8.238636,8.295455,4.373063,20350
2001-01-24,8.295455,8.352273,8.295455,8.295455,4.373063,13090
2001-01-25,8.295455,8.352273,8.238636,8.295455,4.373063,20680
2001-01-26,8.409091,8.409091,8.352273,8.352273,4.403015,15180
2001-01-29,8.336364,8.463636,8.336364,8.363636,4.409006,11770
2001-01-30,8.409091,8.409091,8.381818,8.381818,4.418590,3190
2001-01-31,8.409091,8.472727,8.409091,8.454545,4.456930,14740
2001-02-01,8.472727,8.472727,8.454545,8.454545,4.456930,3190
2001-02-02,8.472727,8.518182,8.454545,8.463636,4.461723,11000
2001-02-05,8.472727,8.509091,8.472727,8.481818,4.471306,18590
2001-02-06,8.481818,8.572727,8.481818,8.536364,4.500062,27170
2001-02-07,8.500000,8.545455,8.500000,8.545455,4.504854,4620
2001-02-08,8.518182,8.545455,8.490909,8.490909,4.476099,2970
2001-02-09,8.490909,8.518182,8.490909,8.518182,4.490477,880
2001-02-12,8.554545,8.554545,8.427273,8.454545,4.456930,15510
2001-02-13,8.363636,8.454545,8.363636,8.427273,4.442552,7040
2001-02-14,8.472727,8.518182,8.454545,8.500000,4.480893,4290
2001-02-15,8.500000,8.554545,8.500000,8.509091,4.485684,4840
2001-02-16,8.472727,8.500000,8.427273,8.500000,4.480893,6930
2001-02-20,8.500000,8.527273,8.500000,8.500000,4.480893,3300
2001-02-21,8.500000,8.554545,8.454545,8.554545,4.509646,8690
2001-02-22,8.454545,8.590909,8.372727,8.409091,4.432968,23760
2001-02-23,8.427273,8.427273,8.363636,8.363636,4.409006,3080
2001-02-26,8.409091,8.409091,8.363636,8.381818,4.418590,8690
2001-02-27,8.363636,8.363636,8.272727,8.318182,4.385044,10560
2001-02-28,8.254545,8.272727,8.181818,8.181818,4.313158,3080
2001-03-01,8.227273,8.227273,8.190909,8.200000,4.322743,1100
2001-03-02,8.209091,8.272727,8.190909,8.227273,4.337120,10890
2001-03-05,8.181818,8.263636,8.181818,8.236364,4.341912,21890
2001-03-06,8.245455,8.454545,8.245455,8.427273,4.442552,15950
2001-03-07,8.418182,8.418182,8.418182,8.418182,4.437761,3960
2001-03-08,8.409091,8.409091,8.390909,8.390909,4.423383,5610
2001-03-09,8.272727,8.381818,8.245455,8.327273,4.389836,7370
2001-03-12,8.381818,8.390909,8.327273,8.345455,4.399422,45210
2001-03-13,8.363636,8.363636,8.300000,8.318182,4.385044,9570
2001-03-14,8.281818,8.372727,8.245455,8.281818,4.365874,16280
2001-03-15,8.290909,8.290909,8.109091,8.109091,4.274819,20900
2001-03-16,8.118182,8.145455,8.100000,8.136364,4.289196,6380
2001-03-19,8.100000,8.100000,8.000000,8.000000,4.217310,10670
2001-03-20,8.090909,8.090909,8.045455,8.063636,4.250856,4290
2001-03-21,8.054545,8.100000,8.045455,8.045455,4.241271,3520
2001-03-22,8.018182,8.018182,7.909091,7.909091,4.169386,27830
2001-03-23,7.909091,7.918182,7.800000,7.909091,4.169386,10780
2001-03-26,7.954545,7.981818,7.954545,7.981818,4.207726,3300
2001-03-27,8.000000,8.018182,7.963636,7.963636,4.198140,3190
2001-03-28,7.954545,7.954545,7.909091,7.909091,4.169386,5610
2001-03-29,7.954545,8.000000,7.954545,7.954545,4.193348,5390
2001-03-30,7.963636,8.000000,7.954545,8.000000,4.217310,8250
2001-04-02,8.000000,8.090909,7.963636,8.000000,4.217310,10670
2001-04-03,8.009091,8.009091,7.963636,7.981818,4.207726,7480
2001-04-04,7.936364,8.027273,7.900000,7.900000,4.164594,10670
2001-04-05,7.954545,8.090909,7.954545,8.045455,4.241271,24090
2001-04-06,8.045455,8.045455,8.045455,8.045455,4.241271,1540
2001-04-09,8.063636,8.090909,8.027273,8.090909,4.265234,7810
2001-04-10,8.063636,8.181818,8.063636,8.163636,4.303573,10670
2001-04-11,8.090909,8.136364,8.090909,8.136364,4.289196,31020
2001-04-12,8.181818,8.181818,8.145455,8.145455,4.293989,1980
2001-04-16,8.181818,8.181818,8.045455,8.054545,4.246065,18260
2001-04-17,8.054545,8.136364,8.018182,8.090909,4.265234,27720
2001-04-18,8.136364,8.200000,8.136364,8.190909,4.317951,15510
2001-04-19,8.209091,8.254545,8.209091,8.254545,4.351498,11660
2001-04-20,8.218182,8.254545,8.218182,8.254545,4.351498,3080
2001-04-23,8.254545,8.254545,8.090909,8.090909,4.265234,16610
2001-04-24,8.163636,8.181818,8.090909,8.136364,4.289196,15730
2001-04-25,8.109091,8.136364,8.090909,8.090909,4.265234,7260
2001-04-26,8.100000,8.136364,8.090909,8.090909,4.265234,7590
2001-04-27,8.090909,8.145455,8.054545,8.127273,4.284404,9020
2001-04-30,8.272727,8.272727,8.236364,8.236364,4.341912,22990
2001-05-01,8.272727,8.318182,8.227273,8.290909,4.370666,17710
2001-05-02,8.290909,8.390909,8.290909,8.390909,4.423383,11880
2001-05-03,8.409091,8.500000,8.400000,8.427273,4.442552,14300
2001-05-04,8.409091,8.518182,8.390909,8.445455,4.452138,16610
2001-05-07,8.400000,8.400000,8.281818,8.318182,4.385044,14080
2001-05-08,8.300000,8.300000,8.272727,8.272727,4.361083,8910
2001-05-09,8.254545,8.272727,8.227273,8.236364,4.341912,17600
2001-05-10,8.145455,8.236364,8.145455,8.227273,4.337120,17380
2001-05-11,8.227273,8.409091,8.227273,8.409091,4.432968,3960
2001-05-14,8.363636,8.409091,8.318182,8.318182,4.385044,12870
2001-05-15,8.363636,8.390909,8.318182,8.318182,4.385044,6710
2001-05-16,8.363636,8.363636,8.345455,8.345455,4.399422,10010
2001-05-17,8.390909,8.390909,8.345455,8.390909,4.423383,15180
2001-05-18,8.390909,8.445455,8.381818,8.445455,4.452138,11990
2001-05-21,8.445455,8.518182,8.436364,8.518182,4.490477,9790
2001-05-22,8.518182,8.527273,8.518182,8.518182,4.490477,8360
2001-05-23,8.518182,8.581818,8.518182,8.554545,4.509646,16500
2001-05-24,8.554545,8.581818,8.554545,8.581818,4.524023,7040
2001-05-25,8.536364,8.536364,8.454545,8.454545,4.456930,9900
2001-05-29,8.454545,8.454545,8.454545,8.454545,4.456930,6820
2001-05-30,8.454545,8.454545,8.409091,8.454545,4.456930,10010
2001-05-31,8.409091,8.409091,8.381818,8.409091,4.432968,9460
2001-06-01,8.381818,8.381818,8.381818,8.381818,4.418590,550
2001-06-04,8.418182,8.418182,8.381818,8.381818,4.418590,5830
2001-06-05,8.390909,8.418182,8.390909,8.390909,4.423383,3740
2001-06-06,8.390909,8.409091,8.390909,8.409091,4.432968,880
2001-06-07,8.409091,8.545455,8.409091,8.500000,4.480893,6490
2001-06-08,8.454545,8.472727,8.409091,8.409091,4.432968,6930
2001-06-11,8.409091,8.409091,8.409091,8.409091,4.432968,6380
2001-06-12,8.400000,8.454545,8.390909,8.409091,4.432968,6490
2001-06-13,8.409091,8.409091,8.390909,8.390909,4.423383,4290
2001-06-14,8.390909,8.400000,8.363636,8.363636,4.409006,8800
2001-06-15,8.363636,8.409091,8.336364,8.336364,4.394629,11550
2001-06-18,8.363636,8.427273,8.363636,8.427273,4.442552,4950
2001-06-19,8.409091,8.409091,8.363636,8.409091,4.432968,3960
2001-06-20,8.409091,8.409091,8.363636,8.363636,4.409006,3740
2001-06-21,8.409091,8.454545,8.409091,8.418182,4.437761,8910
2001-06-22,8.454545,8.454545,8.445455,8.445455,4.452138,3080
2001-06-25,8.500000,8.545455,8.454545,8.454545,4.456930,7810
2001-06-26,8.454545,8.454545,8.454545,8.454545,4.456930,880
2001-06-27,8.454545,8.490909,8.454545,8.463636,4.461723,6820
2001-06-28,8.490909,8.545455,8.454545,8.454545,4.456930,3520
2001-06-29,8.454545,8.500000,8.454545,8.500000,4.480893,5500
2001-07-02,8.463636,8.463636,8.463636,8.463636,4.461723,990
2001-07-03,8.418182,8.418182,8.418182,8.418182,4.437761,4620
2001-07-05,8.454545,8.500000,8.418182,8.454545,4.456930,5060
2001-07-06,8.454545,8.454545,8.418182,8.418182,4.437761,3960
2001-07-09,8.454545,8.500000,8.454545,8.454545,4.456930,5390
2001-07-10,8.481818,8.490909,8.454545,8.490909,4.476099,3630
2001-07-11,8.481818,8.500000,8.418182,8.454545,4.456930,6270
2001-07-12,8.418182,8.500000,8.418182,8.500000,4.480893,5060
2001-07-13,8.527273,8.527273,8.418182,8.472727,4.466515,8250
2001-07-16,8.454545,8.454545,8.427273,8.427273,4.442552,2860
2001-07-17,8.409091,8.427273,8.409091,8.418182,4.437761,4950
2001-07-18,8.427273,8.427273,8.372727,8.372727,4.413798,7590
2001-07-19,8.372727,8.381818,8.363636,8.372727,4.413798,17820
2001-07-20,8.363636,8.409091,8.363636,8.372727,4.413798,9790
2001-07-23,8.372727,8.372727,8.372727,8.372727,4.413798,770
2001-07-24,8.372727,8.409091,8.372727,8.390909,4.423383,4950
2001-07-25,8.381818,8.409091,8.381818,8.409091,4.432968,8030
2001-07-26,8.409091,8.409091,8.409091,8.409091,4.432968,1760
2001-07-27,8.409091,8.409091,8.409091,8.409091,4.432968,550
2001-07-30,8.409091,8.409091,8.400000,8.400000,4.428175,2530
2001-07-31,8.409091,8.409091,8.400000,8.409091,4.432968,9130
2001-08-01,8.409091,8.427273,8.400000,8.427273,4.442552,16720
2001-08-02,8.418182,8.418182,8.418182,8.418182,4.437761,4620
2001-08-03,8.427273,8.427273,8.418182,8.418182,4.437761,3850
2001-08-06,8.409091,8.427273,8.409091,8.418182,4.437761,10120
2001-08-07,8.481818,8.481818,8.454545,8.454545,4.456930,8580
2001-08-08,8.454545,8.472727,8.454545,8.472727,4.466515,3960
2001-08-09,8.427273,8.427273,8.427273,8.427273,4.442552,550
2001-08-10,8.436364,8.436364,8.409091,8.409091,4.432968,9130
2001-08-13,8.381818,8.409091,8.363636,8.381818,4.418590,5060
2001-08-14,8.390909,8.390909,8.363636,8.390909,4.423383,5060
2001-08-15,8.372727,8.381818,8.372727,8.372727,4.413798,6710
2001-08-16,8.372727,8.381818,8.372727,8.381818,4.418590,4840
2001-08-17,8.372727,8.372727,8.372727,8.372727,4.413798,1870
2001-08-20,8.372727,8.372727,8.363636,8.363636,4.409006,3630
2001-08-21,8.363636,8.363636,8.345455,8.345455,4.399422,3410
2001-08-22,8.372727,8.372727,8.345455,8.345455,4.399422,770
2001-08-23,8.318182,8.318182,8.227273,8.236364,4.341912,14960
2001-08-24,8.227273,8.227273,8.227273,8.227273,4.337120,1430
2001-08-27,8.227273,8.236364,8.227273,8.236364,4.341912,2750
2001-08-28,8.227273,8.272727,8.227273,8.227273,4.337120,2970
2001-08-29,8.272727,8.272727,8.200000,8.200000,4.322743,10450
2001-08-30,8.200000,8.200000,8.181818,8.181818,4.313158,10340
2001-08-31,8.136364,8.136364,8.136364,8.136364,4.289196,2750
2001-09-04,8.109091,8.181818,8.109091,8.145455,4.293989,9350
2001-09-05,8.127273,8.136364,8.127273,8.127273,4.284404,2860
2001-09-06,8.136364,8.136364,8.072727,8.109091,4.274819,19800
2001-09-07,8.109091,8.109091,8.045455,8.045455,4.241271,9680
2001-09-10,8.000000,8.000000,7.954545,7.990909,4.212518,6050
2001-09-17,7.990909,7.990909,7.863636,7.936364,4.183764,14850
2001-09-18,7.881818,7.881818,7.881818,7.881818,4.155009,7040
2001-09-19,7.881818,7.881818,7.727273,7.727273,4.073538,10560
2001-09-20,7.727273,7.727273,7.645455,7.645455,4.030406,12320
2001-09-21,7.645455,7.681818,7.409091,7.472727,3.939351,12100
2001-09-24,7.545455,7.809091,7.545455,7.736364,4.078331,29920
2001-09-25,7.709091,7.772727,7.709091,7.772727,4.097499,11110
2001-09-26,7.709091,7.727273,7.709091,7.727273,4.073538,15840
2001-09-27,7.736364,7.736364,7.727273,7.727273,4.073538,1540
2001-09-28,7.772727,7.772727,7.709091,7.709091,4.063953,13750
2001-10-01,7.690909,7.727273,7.690909,7.709091,4.063953,2200
2001-10-02,7.700000,7.727273,7.681818,7.700000,4.059161,10010
2001-10-03,7.700000,7.727273,7.700000,7.709091,4.063953,4840
2001-10-04,7.709091,7.709091,7.709091,7.709091,4.063953,0
2001-10-05,7.709091,7.727273,7.709091,7.727273,4.073538,2860
2001-10-08,7.754545,7.754545,7.690909,7.690909,4.054368,1430
2001-10-09,7.690909,7.718182,7.690909,7.718182,4.068746,6050
2001-10-10,7.690909,7.727273,7.681818,7.727273,4.073538,4950
2001-10-11,7.772727,7.809091,7.736364,7.809091,4.116670,4730
2001-10-12,7.727273,7.809091,7.727273,7.809091,4.116670,5390
2001-10-15,7.727273,7.727273,7.718182,7.718182,4.068746,6160
2001-10-16,7.718182,7.718182,7.690909,7.690909,4.054368,6490
2001-10-17,7.781818,7.781818,7.736364,7.736364,4.078331,5830
2001-10-18,7.700000,7.709091,7.700000,7.709091,4.063953,2310
2001-10-19,7.700000,7.727273,7.654545,7.727273,4.073538,22660
2001-10-22,7.681818,7.681818,7.590909,7.636364,4.025614,22990
2001-10-23,7.609091,7.645455,7.590909,7.645455,4.030406,5610
2001-10-24,7.636364,7.636364,7.609091,7.618182,4.016030,5390
2001-10-25,7.618182,7.627273,7.618182,7.627273,4.020822,990
2001-10-26,7.627273,7.636364,7.627273,7.636364,4.025614,4070
2001-10-29,7.681818,7.727273,7.681818,7.681818,4.049576,4950
2001-10-30,7.681818,7.727273,7.681818,7.727273,4.073538,1320
2001-10-31,7.645455,7.681818,7.636364,7.654545,4.035199,8470
2001-11-01,7.654545,7.681818,7.654545,7.663636,4.039991,8250
2001-11-02,7.654545,7.672727,7.654545,7.672727,4.044784,1430
2001-11-05,7.654545,7.681818,7.654545,7.672727,4.044784,5940
2001-11-06,7.672727,7.690909,7.672727,7.681818,4.049576,8360
2001-11-07,7.654545,7.690909,7.645455,7.681818,4.049576,5720
2001-11-08,7.709091,7.718182,7.681818,7.700000,4.059161,9130
2001-11-09,7.709091,7.709091,7.663636,7.700000,4.059161,880
2001-11-12,7.709091,7.709091,7.681818,7.681818,4.049576,14410
2001-11-13,7.718182,7.727273,7.681818,7.690909,4.054368,11440
2001-11-14,7.690909,7.727273,7.690909,7.727273,4.073538,770
2001-11-15,7.681818,7.681818,7.636364,7.636364,4.025614,7810
2001-11-16,7.654545,7.672727,7.636364,7.636364,4.025614,9900
2001-11-19,7.663636,7.700000,7.636364,7.681818,4.049576,6930
2001-11-20,7.663636,7.718182,7.663636,7.681818,4.049576,14850
2001-11-21,7.700000,7.718182,7.636364,7.636364,4.025614,27940
2001-11-23,7.627273,7.627273,7.618182,7.627273,4.020822,12100
2001-11-26,7.618182,7.627273,7.609091,7.609091,4.011237,10450
2001-11-27,7.609091,7.636364,7.609091,7.636364,4.025614,15290
2001-11-28,7.600000,7.627273,7.590909,7.590909,4.001652,26730
2001-11-29,7.550000,7.760000,7.550000,7.740000,4.080247,12100
2001-11-30,7.720000,7.720000,7.520000,7.520000,3.964272,16700
2001-12-03,7.540000,7.570000,7.500000,7.500000,3.953728,7500
2001-12-04,7.510000,7.520000,7.510000,7.510000,3.959000,9200
2001-12-05,7.510000,7.510000,7.480000,7.480000,3.943185,12300
2001-12-06,7.520000,7.520000,7.450000,7.470000,3.937913,10300
2001-12-07,7.510000,7.510000,7.450000,7.450000,3.927370,10700
2001-12-10,7.470000,7.470000,7.350000,7.350000,3.874654,21800
2001-12-11,7.310000,7.320000,7.300000,7.320000,3.858839,18500
2001-12-12,7.300000,7.350000,7.290000,7.300000,3.848295,17900
2001-12-13,7.280000,7.330000,7.280000,7.280000,3.837752,9900
2001-12-14,7.280000,7.410000,7.280000,7.390000,3.895740,14500
2001-12-17,7.350000,7.400000,7.330000,7.330000,3.864110,11900
2001-12-18,7.320000,7.540000,7.320000,7.500000,3.953728,58900
2001-12-19,7.450000,7.480000,7.410000,7.460000,3.932641,15900
2001-12-20,7.440000,7.490000,7.410000,7.470000,3.937913,11300
2001-12-21,7.470000,7.550000,7.470000,7.540000,3.974815,10100
2001-12-24,7.550000,7.570000,7.530000,7.560000,3.985358,8600
2001-12-26,7.550000,7.720000,7.550000,7.710000,4.064432,21800
2001-12-27,7.750000,7.880000,7.750000,7.830000,4.127692,10300
2001-12-28,7.850000,7.860000,7.760000,7.810000,4.117149,4800
2001-12-31,7.900000,7.950000,7.700000,7.790000,4.106606,36500
2002-01-02,7.850000,7.850000,7.730000,7.770000,4.096063,10300
2002-01-03,7.770000,7.820000,7.770000,7.810000,4.117149,4400
2002-01-04,7.830000,7.840000,7.800000,7.820000,4.122421,2300
2002-01-07,7.830000,7.850000,7.810000,7.830000,4.127692,7200
2002-01-08,7.820000,7.880000,7.820000,7.860000,4.143507,1600
2002-01-09,7.860000,7.900000,7.860000,7.900000,4.164594,1400
2002-01-10,7.880000,7.940000,7.880000,7.930000,4.180408,1500
2002-01-11,7.900000,7.900000,7.900000,7.900000,4.164594,1300
2002-01-14,7.880000,7.900000,7.850000,7.850000,4.138236,3900
2002-01-15,7.850000,7.850000,7.850000,7.850000,4.138236,100
2002-01-16,7.850000,7.850000,7.840000,7.840000,4.132964,2500
2002-01-17,7.820000,7.820000,7.770000,7.770000,4.096063,1200
2002-01-18,7.810000,7.810000,7.700000,7.700000,4.059161,2300
2002-01-22,8.100000,8.100000,7.900000,7.900000,4.164594,21700
2002-01-23,7.870000,7.900000,7.850000,7.900000,4.164594,1200
2002-01-24,7.850000,7.850000,7.810000,7.810000,4.117149,3300
2002-01-25,7.810000,7.810000,7.800000,7.800000,4.111877,1600
2002-01-28,7.800000,7.800000,7.750000,7.760000,4.090790,2900
2002-01-29,7.750000,7.850000,7.750000,7.850000,4.138236,6700
2002-01-30,7.830000,7.830000,7.830000,7.830000,4.127692,1600
2002-01-31,7.800000,7.950000,7.800000,7.850000,4.138236,9800
2002-02-01,7.850000,7.860000,7.840000,7.860000,4.143507,1300
2002-02-04,7.900000,7.900000,7.880000,7.900000,4.164594,1500
2002-02-05,7.930000,7.930000,7.770000,7.820000,4.122421,2400
2002-02-06,7.850000,7.940000,7.850000,7.870000,4.148778,5000
2002-02-07,7.900000,7.920000,7.880000,7.880000,4.154050,18300
2002-02-08,7.850000,7.900000,7.840000,7.900000,4.164594,2700
2002-02-11,7.910000,7.910000,7.870000,7.870000,4.148778,500
2002-02-12,7.910000,7.910000,7.870000,7.880000,4.154050,2500
2002-02-13,7.910000,7.910000,7.900000,7.900000,4.164594,900
2002-02-14,7.880000,7.900000,7.880000,7.900000,4.164594,2400
2002-02-15,7.880000,7.930000,7.880000,7.900000,4.164594,2000
2002-02-19,7.900000,7.900000,7.820000,7.850000,4.138236,12600
2002-02-20,7.810000,7.900000,7.780000,7.780000,4.101334,16700
2002-02-21,7.780000,7.780000,7.780000,7.780000,4.101334,2500
2002-02-22,7.770000,7.770000,7.600000,7.600000,4.006444,27200
2002-02-25,7.620000,7.670000,7.620000,7.640000,4.027531,4100
2002-02-26,7.640000,7.700000,7.640000,7.700000,4.059161,2800
2002-02-27,7.710000,7.870000,7.710000,7.850000,4.138236,5500
2002-02-28,7.830000,7.830000,7.800000,7.800000,4.111877,300
2002-03-01,7.800000,7.800000,7.800000,7.800000,4.111877,3000
2002-03-04,7.830000,7.880000,7.780000,7.810000,4.117149,8100
2002-03-05,7.750000,7.780000,7.690000,7.690000,4.053890,14500
2002-03-06,7.750000,7.750000,7.670000,7.700000,4.059161,4400
2002-03-07,7.700000,7.700000,7.680000,7.680000,4.048617,3900
2002-03-08,7.680000,7.750000,7.660000,7.720000,4.069705,2400
2002-03-11,7.730000,7.800000,7.730000,7.750000,4.085519,3500
2002-03-12,7.750000,7.780000,7.730000,7.780000,4.101334,1700
2002-03-13,7.820000,7.820000,7.690000,7.700000,4.059161,9300
2002-03-14,7.680000,7.700000,7.660000,7.700000,4.059161,1900
2002-03-15,7.700000,7.700000,7.700000,7.700000,4.059161,2500
2002-03-18,7.680000,7.750000,7.680000,7.720000,4.069705,2500
2002-03-19,7.720000,7.750000,7.720000,7.750000,4.085519,6200
2002-03-20,7.750000,7.810000,7.750000,7.780000,4.101334,2000
2002-03-21,7.730000,7.760000,7.700000,7.760000,4.090790,2700
2002-03-22,7.690000,7.730000,7.660000,7.720000,4.069705,23300
2002-03-25,7.750000,7.750000,7.700000,7.750000,4.085519,4300
2002-03-26,7.720000,7.730000,7.720000,7.730000,4.074975,2600
2002-03-27,7.750000,7.800000,7.750000,7.750000,4.085519,4400
2002-03-28,7.800000,7.820000,7.710000,7.820000,4.122421,2900
2002-04-01,7.800000,7.800000,7.700000,7.700000,4.059161,2400
2002-04-02,7.750000,7.750000,7.700000,7.720000,4.069705,5000
2002-04-03,7.680000,7.780000,7.680000,7.700000,4.059161,8600
2002-04-04,7.700000,7.750000,7.680000,7.710000,4.064432,8000
2002-04-05,7.680000,7.740000,7.680000,7.720000,4.069705,3600
2002-04-08,7.720000,7.740000,7.720000,7.740000,4.080247,2400
2002-04-09,7.750000,7.810000,7.750000,7.770000,4.096063,7800
2002-04-10,7.770000,7.770000,7.760000,7.760000,4.090790,3100
2002-04-11,7.790000,7.820000,7.790000,7.820000,4.122421,7000
2002-04-12,7.800000,7.800000,7.730000,7.750000,4.085519,6100
2002-04-15,7.800000,7.800000,7.800000,7.800000,4.111877,1700
2002-04-16,7.780000,7.780000,7.740000,7.740000,4.080247,13900
2002-04-17,7.750000,7.750000,7.750000,7.750000,4.085519,500
2002-04-18,7.750000,7.780000,7.720000,7.720000,4.069705,1300
2002-04-19,7.670000,7.720000,7.660000,7.660000,4.038074,4200
2002-04-22,7.720000,7.750000,7.680000,7.750000,4.085519,3400
2002-04-23,7.760000,7.780000,7.750000,7.780000,4.101334,16100
2002-04-24,7.770000,7.830000,7.760000,7.830000,4.127692,9800
2002-04-25,7.800000,7.800000,7.770000,7.770000,4.096063,1300
2002-04-26,7.790000,7.790000,7.770000,7.770000,4.096063,300
2002-04-29,7.770000,7.770000,7.710000,7.750000,4.085519,6300
2002-04-30,7.730000,7.730000,7.730000,7.730000,4.074975,1200
2002-05-01,7.760000,7.780000,7.750000,7.750000,4.085519,9100
2002-05-02,7.760000,7.800000,7.760000,7.800000,4.111877,500
2002-05-03,7.800000,7.800000,7.800000,7.800000,4.111877,0
2002-05-06,7.800000,7.800000,7.750000,7.750000,4.085519,500
2002-05-07,7.750000,7.800000,7.750000,7.800000,4.111877,5100
2002-05-08,7.730000,7.800000,7.730000,7.800000,4.111877,7300
2002-05-09,7.750000,7.760000,7.750000,7.750000,4.085519,1300
2002-05-10,7.750000,7.770000,7.750000,7.770000,4.096063,1400
2002-05-13,7.770000,7.800000,7.770000,7.800000,4.111877,12000
2002-05-14,7.800000,7.820000,7.770000,7.820000,4.122421,3800
2002-05-15,7.810000,7.820000,7.810000,7.820000,4.122421,1000
2002-05-16,7.790000,7.800000,7.770000,7.800000,4.111877,2800
2002-05-17,7.810000,7.850000,7.790000,7.800000,4.111877,3000
2002-05-20,7.800000,7.830000,7.800000,7.830000,4.127692,1700
2002-05-21,7.810000,7.810000,7.810000,7.810000,4.117149,1400
2002-05-22,7.810000,7.810000,7.760000,7.770000,4.096063,1900
2002-05-23,7.800000,7.800000,7.760000,7.760000,4.090790,700
2002-05-24,7.750000,7.760000,7.730000,7.760000,4.090790,14000
2002-05-28,7.730000,7.760000,7.730000,7.760000,4.090790,1300
2002-05-29,7.740000,7.810000,7.720000,7.810000,4.117149,3900
2002-05-30,7.800000,7.800000,7.730000,7.730000,4.074975,1100
2002-05-31,7.730000,7.750000,7.730000,7.750000,4.085519,1400
2002-06-03,7.800000,7.830000,7.800000,7.830000,4.127692,1700
2002-06-04,7.780000,7.780000,7.750000,7.750000,4.085519,2000
2002-06-05,7.750000,7.810000,7.740000,7.740000,4.080247,2200
2002-06-06,7.740000,7.810000,7.730000,7.800000,4.111877,2600
2002-06-07,7.750000,7.800000,7.720000,7.800000,4.111877,7100
2002-06-10,7.750000,7.820000,7.710000,7.720000,4.069705,6600
2002-06-11,7.710000,7.710000,7.640000,7.640000,4.027531,3100
2002-06-12,7.640000,7.660000,7.600000,7.650000,4.032803,7800
2002-06-13,7.600000,7.600000,7.550000,7.550000,3.980086,500
2002-06-14,7.600000,7.650000,7.470000,7.510000,3.959000,3800
2002-06-17,7.610000,7.610000,7.580000,7.580000,3.995901,3700
2002-06-18,7.550000,7.550000,7.500000,7.500000,3.953728,300
2002-06-19,7.500000,7.600000,7.500000,7.600000,4.006444,3700
2002-06-20,7.550000,7.560000,7.550000,7.550000,3.980086,1600
2002-06-21,7.520000,7.520000,7.510000,7.510000,3.959000,2700
2002-06-24,7.500000,7.550000,7.500000,7.550000,3.980086,3900
2002-06-25,7.530000,7.530000,7.510000,7.510000,3.959000,700
2002-06-26,7.510000,7.510000,7.340000,7.400000,3.901012,13800
2002-06-27,7.400000,7.470000,7.330000,7.420000,3.911555,9000
2002-06-28,7.450000,7.500000,7.390000,7.420000,3.911555,4600
2002-07-01,7.450000,7.450000,7.390000,7.390000,3.895740,6700
2002-07-02,7.420000,7.480000,7.400000,7.400000,3.901012,5500
2002-07-03,7.400000,7.450000,7.400000,7.400000,3.901012,4200
2002-07-05,7.410000,7.460000,7.410000,7.430000,3.916827,1500
2002-07-08,7.450000,7.480000,7.440000,7.440000,3.922098,1600
2002-07-09,7.440000,7.460000,7.440000,7.460000,3.932641,1100
2002-07-10,7.420000,7.420000,7.400000,7.400000,3.901012,1800
2002-07-11,7.380000,7.380000,7.290000,7.320000,3.858839,5900
2002-07-12,7.250000,7.250000,7.180000,7.180000,3.785036,2700
2002-07-15,7.200000,7.200000,6.920000,6.920000,3.647973,10100
2002-07-16,6.920000,6.970000,6.780000,6.780000,3.574170,7400
2002-07-17,6.840000,6.840000,6.760000,6.760000,3.563627,2800
2002-07-18,6.760000,6.760000,6.670000,6.670000,3.516182,1600
2002-07-19,6.630000,6.720000,6.610000,6.690000,3.526726,9900
2002-07-22,6.760000,6.780000,6.700000,6.720000,3.542541,8700
2002-07-23,6.770000,6.770000,6.570000,6.600000,3.479281,12400
2002-07-24,6.500000,6.530000,6.480000,6.500000,3.426564,4700
2002-07-25,6.550000,6.590000,6.500000,6.500000,3.426564,2900
2002-07-26,6.510000,6.520000,6.420000,6.470000,3.410750,3100
2002-07-29,6.520000,6.800000,6.520000,6.800000,3.584713,7100
2002-07-30,6.750000,6.780000,6.690000,6.780000,3.574170,4700
2002-07-31,6.800000,6.800000,6.770000,6.770000,3.568899,500
2002-08-01,6.740000,6.740000,6.720000,6.720000,3.542541,1600
2002-08-02,6.730000,6.750000,6.720000,6.750000,3.558356,1000
2002-08-05,6.720000,6.750000,6.710000,6.710000,3.537268,5600
2002-08-06,6.720000,6.770000,6.720000,6.730000,3.547812,1700
2002-08-07,6.770000,6.800000,6.760000,6.800000,3.584713,600
2002-08-08,6.800000,6.810000,6.800000,6.810000,3.589985,2700
2002-08-09,6.820000,6.850000,6.820000,6.840000,3.605800,2900
2002-08-12,6.840000,6.840000,6.840000,6.840000,3.605800,0
2002-08-13,6.830000,6.880000,6.830000,6.880000,3.626887,800
2002-08-14,6.890000,6.890000,6.800000,6.800000,3.584713,5000
2002-08-15,6.800000,6.800000,6.750000,6.760000,3.563627,5300
2002-08-16,6.800000,6.800000,6.750000,6.800000,3.584713,1400
2002-08-19,6.850000,6.850000,6.800000,6.800000,3.584713,1300
2002-08-20,6.750000,6.790000,6.620000,6.790000,3.579442,29600
2002-08-21,6.760000,6.760000,6.760000,6.760000,3.563627,400
2002-08-22,6.760000,6.820000,6.760000,6.810000,3.589985,3100
2002-08-23,6.810000,6.810000,6.800000,6.800000,3.584713,4700
2002-08-26,6.800000,6.800000,6.800000,6.800000,3.584713,0
2002-08-27,6.900000,6.900000,6.780000,6.780000,3.574170,6500
2002-08-28,6.780000,6.830000,6.750000,6.830000,3.600529,6800
2002-08-29,6.830000,6.870000,6.830000,6.870000,3.621615,1500
2002-08-30,6.770000,6.850000,6.760000,6.850000,3.611072,7000
2002-09-03,6.790000,6.790000,6.680000,6.680000,3.521454,1900
2002-09-04,6.650000,6.650000,6.580000,6.580000,3.468737,4400
2002-09-05,6.620000,6.620000,6.530000,6.530000,3.442379,2200
2002-09-06,6.530000,6.700000,6.500000,6.650000,3.505639,3700
2002-09-09,6.700000,6.800000,6.700000,6.750000,3.558356,4900
2002-09-10,6.800000,6.800000,6.750000,6.750000,3.558356,1500
2002-09-11,6.800000,6.800000,6.800000,6.800000,3.584713,600
2002-09-12,6.750000,6.750000,6.750000,6.750000,3.558356,200
2002-09-13,6.780000,6.810000,6.650000,6.700000,3.531997,7600
2002-09-16,6.650000,6.750000,6.650000,6.700000,3.531997,1800
2002-09-17,6.700000,6.700000,6.700000,6.700000,3.531997,0
2002-09-18,6.720000,6.730000,6.720000,6.720000,3.542541,1900
2002-09-19,6.720000,6.720000,6.720000,6.720000,3.542541,100
2002-09-20,6.720000,6.720000,6.650000,6.670000,3.516182,2500
2002-09-23,6.660000,6.660000,6.650000,6.650000,3.505639,1400
2002-09-24,6.650000,6.650000,6.480000,6.500000,3.426564,8100
2002-09-25,6.520000,6.540000,6.460000,6.490000,3.421292,700
2002-09-26,6.460000,6.510000,6.450000,6.450000,3.400206,2900
2002-09-27,6.460000,6.470000,6.460000,6.470000,3.410750,6200
2002-09-30,6.360000,6.440000,6.360000,6.440000,3.394934,10400
2002-10-01,6.450000,6.490000,6.450000,6.470000,3.410750,9100
2002-10-02,6.470000,6.670000,6.470000,6.620000,3.489824,8200
2002-10-03,6.660000,6.670000,6.640000,6.670000,3.516182,12400
2002-10-04,6.670000,6.690000,6.670000,6.690000,3.526726,13500
2002-10-07,6.620000,6.620000,6.580000,6.590000,3.474010,3300
2002-10-08,6.580000,6.580000,6.570000,6.570000,3.463466,3000
2002-10-09,6.580000,6.580000,6.550000,6.560000,3.458194,6800
2002-10-10,6.520000,6.520000,6.500000,6.500000,3.426564,4900
2002-10-11,6.500000,6.510000,6.500000,6.500000,3.426564,7500
2002-10-14,6.590000,6.590000,6.500000,6.520000,3.437108,17000
2002-10-15,6.570000,6.710000,6.570000,6.690000,3.526726,6500
2002-10-16,6.690000,6.730000,6.680000,6.700000,3.531997,1700
2002-10-17,6.740000,6.740000,6.740000,6.740000,3.553083,300
2002-10-18,6.750000,6.750000,6.680000,6.680000,3.521454,5500
2002-10-21,6.700000,6.710000,6.700000,6.710000,3.537268,800
2002-10-22,6.720000,6.760000,6.720000,6.750000,3.558356,2400
2002-10-23,6.780000,6.780000,6.700000,6.720000,3.542541,3400
2002-10-24,6.720000,6.720000,6.720000,6.720000,3.542541,0
2002-10-25,6.710000,6.710000,6.700000,6.700000,3.531997,2900
2002-10-28,6.710000,6.750000,6.710000,6.750000,3.558356,400
2002-10-29,6.770000,6.770000,6.770000,6.770000,3.568899,300
2002-10-30,6.730000,6.740000,6.730000,6.730000,3.547812,3900
2002-10-31,6.720000,6.720000,6.720000,6.720000,3.542541,2200
2002-11-01,6.710000,6.710000,6.700000,6.700000,3.531997,1600
2002-11-04,6.740000,6.770000,6.710000,6.770000,3.568899,2800
2002-11-05,6.760000,6.760000,6.680000,6.680000,3.521454,2600
2002-11-06,6.710000,6.710000,6.680000,6.690000,3.526726,3100
2002-11-07,6.690000,6.690000,6.570000,6.650000,3.505639,4600
2002-11-08,6.600000,6.600000,6.600000,6.600000,3.479281,500
2002-11-11,6.600000,6.660000,6.580000,6.660000,3.510910,2600
2002-11-12,6.680000,6.700000,6.680000,6.700000,3.531997,1600
2002-11-13,6.700000,6.700000,6.650000,6.650000,3.505639,1000
2002-11-14,6.650000,6.650000,6.520000,6.580000,3.468737,3700
2002-11-15,6.580000,6.600000,6.580000,6.580000,3.468737,2900
2002-11-18,6.550000,6.550000,6.500000,6.510000,3.431836,5800
2002-11-19,6.510000,6.530000,6.510000,6.520000,3.437108,16300
2002-11-20,6.500000,6.540000,6.500000,6.530000,3.442379,3200
2002-11-21,6.510000,6.650000,6.510000,6.650000,3.505639,9500
2002-11-22,6.610000,6.650000,6.530000,6.650000,3.505639,3300
2002-11-25,6.620000,6.690000,6.610000,6.680000,3.521454,3500
2002-11-26,6.660000,6.740000,6.660000,6.700000,3.531997,3100
2002-11-27,6.690000,6.750000,6.680000,6.750000,3.558356,2200
2002-11-29,6.750000,6.800000,6.740000,6.740000,3.553083,3800
2002-12-02,6.750000,6.760000,6.600000,6.720000,3.542541,8600
2002-12-03,6.750000,6.820000,6.750000,6.780000,3.574170,3400
2002-12-04,6.820000,6.830000,6.820000,6.830000,3.600529,800
2002-12-05,6.800000,6.850000,6.800000,6.840000,3.605800,2100
2002-12-06,6.830000,6.830000,6.730000,6.730000,3.547812,3000
2002-12-09,6.700000,6.700000,6.620000,6.620000,3.489824,2300
2002-12-10,6.580000,6.620000,6.580000,6.600000,3.479281,2000
2002-12-11,6.600000,6.620000,6.600000,6.600000,3.479281,5100
2002-12-12,6.610000,6.650000,6.610000,6.650000,3.505639,400
2002-12-13,6.620000,6.640000,6.620000,6.640000,3.500367,800
2002-12-16,6.630000,6.630000,6.580000,6.580000,3.468737,3300
2002-12-17,6.570000,6.580000,6.510000,6.510000,3.431836,12600
2002-12-18,6.500000,6.530000,6.500000,6.530000,3.442379,2500
2002-12-19,6.510000,6.530000,6.510000,6.520000,3.437108,7600
2002-12-20,6.520000,6.570000,6.510000,6.560000,3.458194,7800
2002-12-23,6.550000,6.570000,6.540000,6.560000,3.458194,4100
2002-12-24,6.560000,6.560000,6.520000,6.560000,3.458194,20600
2002-12-26,6.560000,6.560000,6.560000,6.560000,3.458194,0
2002-12-27,6.550000,6.700000,6.540000,6.650000,3.505639,11400
2002-12-30,6.600000,6.600000,6.500000,6.500000,3.426564,20000
2002-12-31,6.500000,6.640000,6.470000,6.640000,3.500367,20700
2003-01-02,6.650000,6.700000,6.650000,6.700000,3.531997,8300
2003-01-03,6.720000,6.720000,6.720000,6.720000,3.542541,1000
2003-01-06,6.700000,6.770000,6.700000,6.700000,3.531997,2600
2003-01-07,6.720000,6.780000,6.720000,6.780000,3.574170,2300
2003-01-08,6.760000,6.760000,6.730000,6.730000,3.547812,500
2003-01-09,6.710000,6.740000,6.710000,6.730000,3.547812,1300
2003-01-10,6.700000,6.780000,6.700000,6.700000,3.531997,6700
2003-01-13,6.670000,6.750000,6.660000,6.750000,3.558356,6200
2003-01-14,6.720000,6.780000,6.720000,6.760000,3.563627,1900
2003-01-15,6.750000,6.750000,6.720000,6.750000,3.558356,2900
2003-01-16,6.760000,6.840000,6.760000,6.840000,3.605800,4700
2003-01-17,6.850000,6.880000,6.850000,6.850000,3.611072,1100
2003-01-21,6.900000,6.900000,6.850000,6.870000,3.621615,1700
2003-01-22,6.860000,6.950000,6.850000,6.950000,3.663788,2900
2003-01-23,7.000000,7.000000,6.900000,6.920000,3.647973,2600
2003-01-24,6.960000,6.960000,6.850000,6.890000,3.632159,3700
2003-01-27,6.860000,6.860000,6.860000,6.860000,3.616343,600
2003-01-28,6.860000,6.860000,6.860000,6.860000,3.616343,0
2003-01-29,6.860000,6.860000,6.850000,6.850000,3.611072,800
2003-01-30,6.880000,6.940000,6.860000,6.940000,3.658517,2500
2003-01-31,6.920000,6.920000,6.880000,6.880000,3.626887,1100
2003-02-03,6.880000,6.880000,6.850000,6.850000,3.611072,1400
2003-02-04,6.840000,6.840000,6.790000,6.790000,3.579442,9800
2003-02-05,6.800000,6.810000,6.740000,6.740000,3.553083,2500
2003-02-06,6.740000,6.740000,6.710000,6.710000,3.537268,1500
2003-02-07,6.710000,6.710000,6.680000,6.680000,3.521454,900
2003-02-10,6.700000,6.700000,6.500000,6.500000,3.426564,12800
2003-02-11,6.500000,6.540000,6.500000,6.540000,3.447651,9100
2003-02-12,6.600000,6.610000,6.600000,6.600000,3.479281,3300
2003-02-13,6.650000,6.650000,6.590000,6.600000,3.479281,3200
2003-02-14,6.600000,6.610000,6.600000,6.610000,3.484552,600
2003-02-18,6.640000,6.720000,6.640000,6.720000,3.542541,3700
2003-02-19,6.710000,6.810000,6.710000,6.800000,3.584713,2300
2003-02-20,6.780000,6.780000,6.770000,6.770000,3.568899,8400
2003-02-21,6.780000,6.810000,6.780000,6.810000,3.589985,3000
2003-02-24,6.800000,6.800000,6.760000,6.760000,3.563627,5000
2003-02-25,6.750000,6.750000,6.710000,6.710000,3.537268,1700
2003-02-26,6.720000,6.730000,6.720000,6.720000,3.542541,1600
2003-02-27,6.720000,6.720000,6.720000,6.720000,3.542541,500
2003-02-28,6.720000,6.760000,6.720000,6.760000,3.563627,1100
2003-03-03,6.790000,6.840000,6.790000,6.820000,3.595257,1000
2003-03-04,6.820000,6.820000,6.720000,6.720000,3.542541,3700
2003-03-05,6.730000,6.760000,6.730000,6.750000,3.558356,1300
2003-03-06,6.750000,6.770000,6.750000,6.770000,3.568899,1200
2003-03-07,6.770000,6.770000,6.730000,6.750000,3.558356,13700
2003-03-10,6.790000,6.790000,6.720000,6.770000,3.568899,12600
2003-03-11,6.750000,6.760000,6.750000,6.750000,3.558356,2000
2003-03-12,6.750000,6.750000,6.750000,6.750000,3.558356,200
2003-03-13,6.760000,6.760000,6.750000,6.760000,3.563627,2500
2003-03-14,6.750000,6.770000,6.740000,6.770000,3.568899,1100
2003-03-17,6.770000,6.790000,6.750000,6.780000,3.574170,2400
2003-03-18,6.770000,6.770000,6.770000,6.770000,3.568899,500
2003-03-19,6.770000,6.770000,6.770000,6.770000,3.568899,400
2003-03-20,6.780000,6.800000,6.780000,6.800000,3.584713,1600
2003-03-21,6.780000,6.780000,6.780000,6.780000,3.574170,1200
2003-03-24,6.820000,6.820000,6.780000,6.780000,3.574170,8300
2003-03-25,6.790000,6.790000,6.780000,6.780000,3.574170,200
2003-03-26,6.810000,6.830000,6.810000,6.830000,3.600529,2200
2003-03-27,6.820000,6.930000,6.820000,6.930000,3.653245,7800
2003-03-28,6.950000,7.000000,6.920000,7.000000,3.690146,7400
2003-03-31,6.970000,6.970000,6.850000,6.910000,3.642701,12500
2003-04-01,6.880000,6.900000,6.870000,6.870000,3.621615,5100
2003-04-02,6.870000,6.900000,6.870000,6.890000,3.632159,700
2003-04-03,6.890000,6.890000,6.870000,6.870000,3.621615,1200
2003-04-04,6.880000,6.890000,6.880000,6.890000,3.632159,200
2003-04-07,6.910000,6.960000,6.900000,6.960000,3.669059,2900
2003-04-08,6.940000,6.940000,6.900000,6.930000,3.653245,3200
2003-04-09,6.900000,7.090000,6.900000,7.090000,3.737591,8900
2003-04-10,7.070000,7.070000,6.960000,6.960000,3.669059,1900
2003-04-11,6.930000,6.940000,6.900000,6.940000,3.658517,5100
2003-04-14,6.930000,6.970000,6.930000,6.970000,3.674331,2600
2003-04-15,6.930000,6.980000,6.900000,6.980000,3.679603,3600
2003-04-16,6.970000,6.970000,6.960000,6.960000,3.669059,600
2003-04-17,6.980000,6.990000,6.980000,6.980000,3.679603,500
2003-04-21,6.980000,7.020000,6.930000,6.930000,3.653245,2400
2003-04-22,6.930000,7.000000,6.930000,7.000000,3.690146,1400
2003-04-23,7.050000,7.130000,7.020000,7.130000,3.758677,4800
2003-04-24,7.130000,7.130000,7.130000,7.130000,3.758677,1300
2003-04-25,7.080000,7.080000,7.040000,7.040000,3.711233,1600
2003-04-28,7.050000,7.140000,7.050000,7.140000,3.763949,3900
2003-04-29,7.150000,7.210000,7.150000,7.210000,3.800851,1500
2003-04-30,7.170000,7.260000,7.170000,7.250000,3.821937,3400
2003-05-01,7.200000,7.230000,7.160000,7.230000,3.811394,2700
2003-05-02,7.210000,7.320000,7.210000,7.270000,3.832480,6800
2003-05-05,7.310000,7.400000,7.310000,7.330000,3.864110,5600
2003-05-06,7.370000,7.380000,7.320000,7.380000,3.890468,5500
2003-05-07,7.390000,7.400000,7.360000,7.370000,3.885197,3500
2003-05-08,7.360000,7.430000,7.360000,7.400000,3.901012,5600
2003-05-09,7.400000,7.400000,7.360000,7.370000,3.885197,5000
2003-05-12,7.350000,7.440000,7.330000,7.430000,3.916827,7600
2003-05-13,7.460000,7.480000,7.430000,7.430000,3.916827,2000
2003-05-14,7.420000,7.420000,7.380000,7.380000,3.890468,1300
2003-05-15,7.430000,7.430000,7.400000,7.420000,3.911555,2400
2003-05-16,7.390000,7.420000,7.390000,7.400000,3.901012,700
2003-05-19,7.430000,7.440000,7.340000,7.380000,3.890468,7100
2003-05-20,7.370000,7.450000,7.370000,7.440000,3.922098,5400
2003-05-21,7.430000,7.440000,7.430000,7.440000,3.922098,1500
2003-05-22,7.440000,7.500000,7.440000,7.500000,3.953728,5300
2003-05-23,7.530000,7.530000,7.460000,7.530000,3.969543,7700
2003-05-27,7.530000,7.750000,7.530000,7.700000,4.059161,13600
2003-05-28,7.750000,7.970000,7.750000,7.970000,4.201495,13100
2003-05-29,7.970000,8.000000,7.970000,8.000000,4.217310,4100
2003-05-30,7.980000,7.980000,7.940000,7.980000,4.206767,1800
2003-06-02,7.970000,8.000000,7.970000,7.990000,4.212039,9200
2003-06-03,8.000000,8.010000,7.990000,7.990000,4.212039,3200
2003-06-04,7.970000,8.040000,7.940000,8.040000,4.238397,2900
2003-06-05,8.050000,8.180000,8.050000,8.180000,4.312200,4400
2003-06-06,8.230000,8.840000,8.230000,8.840000,4.660128,15000
2003-06-09,8.640000,8.670000,8.630000,8.640000,4.554695,8700
2003-06-10,8.620000,8.620000,8.430000,8.430000,4.443991,4700
2003-06-11,8.440000,8.480000,8.420000,8.430000,4.443991,3900
2003-06-12,8.350000,8.390000,8.100000,8.150000,4.296384,16300
2003-06-13,8.150000,8.210000,8.150000,8.200000,4.322743,3800
2003-06-16,8.120000,8.250000,8.120000,8.150000,4.296384,11000
2003-06-17,8.160000,8.300000,8.160000,8.300000,4.375460,8600
2003-06-18,8.300000,8.300000,7.950000,8.100000,4.270027,20700
2003-06-19,8.110000,8.110000,8.010000,8.060000,4.248940,3900
2003-06-20,8.050000,8.060000,8.000000,8.000000,4.217310,1300
2003-06-23,8.000000,8.020000,8.000000,8.000000,4.217310,1800
2003-06-24,8.020000,8.050000,8.000000,8.050000,4.243668,1800
2003-06-25,8.010000,8.010000,7.990000,7.990000,4.212039,700
2003-06-26,8.000000,8.000000,7.960000,7.990000,4.212039,3900
2003-06-27,7.960000,7.980000,7.960000,7.980000,4.206767,1400
2003-06-30,8.020000,8.060000,7.960000,7.960000,4.196223,1800
2003-07-01,7.960000,7.960000,7.960000,7.960000,4.196223,300
2003-07-02,7.950000,8.050000,7.950000,8.050000,4.243668,2700
2003-07-03,8.000000,8.000000,8.000000,8.000000,4.217310,1100
2003-07-07,8.040000,8.200000,8.000000,8.150000,4.296384,4300
2003-07-08,8.230000,8.300000,8.100000,8.300000,4.375460,12300
2003-07-09,8.290000,8.350000,8.200000,8.200000,4.322743,9000
2003-07-10,8.200000,8.200000,8.100000,8.140000,4.291113,4000
2003-07-11,8.050000,8.150000,8.050000,8.150000,4.296384,4800
2003-07-14,8.150000,8.160000,8.020000,8.060000,4.248940,8500
2003-07-15,8.080000,8.080000,8.000000,8.020000,4.227853,2600
2003-07-16,8.010000,8.020000,8.010000,8.020000,4.227853,200
2003-07-17,8.000000,8.200000,7.950000,8.180000,4.312200,5500
2003-07-18,8.130000,8.130000,8.100000,8.100000,4.270027,1700
2003-07-21,8.110000,8.110000,8.110000,8.110000,4.275298,100
2003-07-22,8.100000,8.140000,8.100000,8.140000,4.291113,1200
2003-07-23,8.180000,8.180000,8.180000,8.180000,4.312200,2000
2003-07-24,8.200000,8.200000,8.200000,8.200000,4.322743,200
2003-07-25,8.180000,8.260000,8.180000,8.250000,4.349101,1700
2003-07-28,8.390000,8.500000,8.390000,8.460000,4.459805,15400
2003-07-29,8.460000,8.520000,8.430000,8.520000,4.491435,13200
2003-07-30,8.520000,8.540000,8.440000,8.490000,4.475621,3200
2003-07-31,8.500000,8.580000,8.500000,8.580000,4.523065,3300
2003-08-01,8.540000,8.560000,8.530000,8.560000,4.512523,1900
2003-08-04,8.700000,8.700000,8.610000,8.630000,4.549423,5700
2003-08-05,8.680000,8.700000,8.620000,8.660000,4.565238,3500
2003-08-06,8.660000,8.750000,8.660000,8.710000,4.591597,7900
2003-08-07,8.680000,8.720000,8.660000,8.660000,4.565238,6200
2003-08-08,8.610000,8.650000,8.570000,8.570000,4.517793,1800
2003-08-11,8.610000,8.610000,8.400000,8.550000,4.507250,7300
2003-08-12,8.510000,8.510000,8.380000,8.380000,4.417632,3300
2003-08-13,8.330000,8.380000,8.330000,8.380000,4.417632,1000
2003-08-14,8.360000,8.370000,8.360000,8.370000,4.412360,1100
2003-08-15,8.370000,8.600000,8.370000,8.600000,4.533609,4600
2003-08-18,8.570000,8.570000,8.480000,8.550000,4.507250,1400
2003-08-19,8.500000,8.630000,8.490000,8.630000,4.549423,4600
2003-08-20,8.650000,8.650000,8.380000,8.380000,4.417632,7000
2003-08-21,8.400000,8.490000,8.400000,8.490000,4.475621,5500
2003-08-22,8.470000,8.500000,8.450000,8.500000,4.480893,2300
2003-08-25,8.520000,8.570000,8.520000,8.550000,4.507250,1400
2003-08-26,8.560000,8.600000,8.550000,8.570000,4.517793,3000
2003-08-27,8.600000,8.690000,8.600000,8.690000,4.581053,10800
2003-08-28,8.690000,8.740000,8.680000,8.730000,4.602139,10600
2003-08-29,8.730000,8.780000,8.730000,8.780000,4.628498,13600
2003-09-02,8.800000,8.900000,8.800000,8.870000,4.675942,2500
2003-09-03,8.900000,8.970000,8.900000,8.920000,4.702301,10100
2003-09-04,8.820000,8.960000,8.820000,8.940000,4.712843,11200
2003-09-05,8.940000,8.940000,8.850000,8.850000,4.665400,12100
2003-09-08,8.830000,8.830000,8.700000,8.750000,4.612682,9600
2003-09-09,8.790000,8.830000,8.690000,8.700000,4.586324,15200
2003-09-10,8.690000,8.700000,8.540000,8.550000,4.507250,4900
2003-09-11,8.500000,8.600000,8.490000,8.540000,4.501978,20500
2003-09-12,8.540000,8.540000,8.480000,8.480000,4.470348,3100
2003-09-15,8.520000,8.520000,8.490000,8.520000,4.491435,1400
2003-09-16,8.530000,8.570000,8.530000,8.560000,4.512523,1500
2003-09-17,8.550000,8.680000,8.550000,8.670000,4.570509,2900
2003-09-18,8.720000,8.850000,8.720000,8.850000,4.665400,8600
2003-09-19,8.870000,8.870000,8.770000,8.840000,4.660128,4100
2003-09-22,8.830000,8.920000,8.810000,8.860000,4.670671,6700
2003-09-23,8.870000,8.940000,8.830000,8.920000,4.702301,6500
2003-09-24,8.910000,8.920000,8.850000,8.860000,4.670671,1300
2003-09-25,8.840000,8.840000,8.790000,8.790000,4.633770,6000
2003-09-26,8.790000,8.790000,8.650000,8.650000,4.559966,9900
2003-09-29,8.610000,8.650000,8.600000,8.600000,4.533609,4400
2003-09-30,8.600000,8.600000,8.600000,8.600000,4.533609,1000
2003-10-01,8.630000,8.630000,8.580000,8.590000,4.528337,4900
2003-10-02,8.610000,8.610000,8.580000,8.600000,4.533609,2500
2003-10-03,8.600000,8.600000,8.580000,8.600000,4.533609,8000
2003-10-06,8.550000,8.550000,8.450000,8.550000,4.507250,6400
2003-10-07,8.520000,8.600000,8.510000,8.550000,4.507250,6800
2003-10-08,8.560000,8.560000,8.550000,8.550000,4.507250,1800
2003-10-09,8.580000,8.580000,8.500000,8.550000,4.507250,7100
2003-10-10,8.580000,8.580000,8.540000,8.550000,4.507250,2600
2003-10-13,8.600000,8.610000,8.550000,8.570000,4.517793,20400
2003-10-14,8.520000,8.520000,8.260000,8.260000,4.354373,41000
2003-10-15,8.260000,8.280000,8.250000,8.280000,4.364916,8300
2003-10-16,8.260000,8.260000,8.250000,8.250000,4.349101,3100
2003-10-17,8.100000,8.170000,8.100000,8.170000,4.306928,10000
2003-10-20,8.180000,8.200000,8.180000,8.200000,4.322743,4500
2003-10-21,8.210000,8.260000,8.200000,8.200000,4.322743,4500
2003-10-22,8.200000,8.200000,8.100000,8.100000,4.270027,6900
2003-10-23,8.100000,8.160000,8.080000,8.090000,4.264755,2900
2003-10-24,8.090000,8.180000,8.090000,8.170000,4.306928,2400
2003-10-27,8.150000,8.160000,8.050000,8.070000,4.254211,7200
2003-10-28,8.080000,8.210000,8.080000,8.210000,4.328015,3600
2003-10-29,8.260000,8.270000,8.210000,8.210000,4.328015,1800
2003-10-30,8.160000,8.220000,8.150000,8.160000,4.301656,2400
2003-10-31,8.210000,8.340000,8.210000,8.340000,4.396546,2000
2003-11-03,8.360000,8.410000,8.360000,8.370000,4.412360,4400
2003-11-04,8.450000,8.490000,8.450000,8.490000,4.475621,1400
2003-11-05,8.490000,8.600000,8.490000,8.550000,4.507250,12200
2003-11-06,8.580000,8.580000,8.480000,8.490000,4.475621,6000
2003-11-07,8.540000,8.540000,8.510000,8.530000,4.496706,2100
2003-11-10,8.480000,8.600000,8.480000,8.560000,4.512523,8200
2003-11-11,8.520000,8.520000,8.510000,8.520000,4.491435,2500
2003-11-12,8.500000,8.600000,8.500000,8.600000,4.533609,10900
2003-11-13,8.550000,8.550000,8.540000,8.540000,4.501978,2600
2003-11-14,8.540000,8.790000,8.540000,8.600000,4.533609,50500
2003-11-17,8.650000,8.850000,8.600000,8.600000,4.533609,22100
2003-11-18,8.600000,8.610000,8.590000,8.590000,4.528337,11500
2003-11-19,8.550000,8.800000,8.550000,8.650000,4.559966,19900
2003-11-20,8.680000,8.700000,8.620000,8.650000,4.559966,23000
2003-11-21,8.650000,8.650000,8.600000,8.610000,4.538880,9000
2003-11-24,8.650000,8.680000,8.450000,8.550000,4.507250,42700
2003-11-25,7.810000,8.350000,7.810000,8.120000,4.674185,40500
2003-11-26,8.110000,8.150000,8.110000,8.130000,4.679942,11500
2003-11-28,8.150000,8.180000,8.150000,8.180000,4.708724,2800
2003-12-01,8.200000,8.200000,8.130000,8.150000,4.691455,4100
2003-12-02,8.140000,8.140000,8.110000,8.120000,4.674185,9000
2003-12-03,8.070000,8.070000,7.970000,7.970000,4.587839,9200
2003-12-04,8.000000,8.000000,7.970000,7.980000,4.593596,1000
2003-12-05,7.970000,7.970000,7.760000,7.790000,4.484225,18100
2003-12-08,7.840000,7.870000,7.800000,7.800000,4.489981,8200
2003-12-09,7.750000,7.800000,7.750000,7.800000,4.489981,3700
2003-12-10,7.750000,7.810000,7.750000,7.810000,4.495738,2600
2003-12-11,7.840000,7.840000,7.790000,7.800000,4.489981,5800
2003-12-12,7.800000,7.820000,7.760000,7.790000,4.484225,4400
2003-12-15,7.890000,7.890000,7.780000,7.820000,4.501494,6700
2003-12-16,7.820000,7.820000,7.800000,7.810000,4.495738,1600
2003-12-17,7.850000,7.850000,7.820000,7.820000,4.501494,14000
2003-12-18,7.870000,7.980000,7.870000,7.910000,4.553301,7400
2003-12-19,7.930000,8.000000,7.930000,7.960000,4.582083,3500
2003-12-22,7.950000,7.990000,7.890000,7.890000,4.541788,6000
2003-12-23,7.840000,7.840000,7.810000,7.810000,4.495738,3000
2003-12-24,7.820000,7.860000,7.820000,7.850000,4.518764,5800
2003-12-26,7.870000,7.900000,7.870000,7.890000,4.541788,7400
2003-12-29,7.900000,8.200000,7.890000,8.150000,4.691455,38800
2003-12-30,8.100000,8.140000,8.050000,8.100000,4.662673,22900
2003-12-31,8.090000,8.090000,8.010000,8.050000,4.633891,3900
2004-01-02,8.050000,8.080000,8.050000,8.070000,4.645404,1400
2004-01-05,8.050000,8.250000,8.030000,8.240000,4.743262,19200
2004-01-06,8.290000,8.290000,8.130000,8.200000,4.720237,17400
2004-01-07,8.150000,8.340000,8.150000,8.300000,4.777801,16300
2004-01-08,8.250000,8.490000,8.210000,8.400000,4.835364,22500
2004-01-09,8.350000,8.350000,8.170000,8.170000,4.702967,6600
2004-01-12,8.120000,8.170000,8.020000,8.110000,4.668428,6300
2004-01-13,8.150000,8.300000,8.150000,8.270000,4.760531,5800
2004-01-14,8.280000,8.280000,8.240000,8.250000,4.749018,4600
2004-01-15,8.250000,8.250000,8.230000,8.230000,4.737506,3500
2004-01-16,8.180000,8.180000,8.110000,8.110000,4.668428,3500
2004-01-20,8.070000,8.250000,8.050000,8.250000,4.749018,15900
2004-01-21,8.250000,8.250000,8.100000,8.110000,4.668428,14400
2004-01-22,8.160000,8.160000,8.110000,8.140000,4.685699,7700
2004-01-23,8.140000,8.220000,8.140000,8.200000,4.720237,10000
2004-01-26,8.130000,8.280000,8.110000,8.190000,4.714480,21700
2004-01-27,8.200000,8.260000,8.180000,8.200000,4.720237,9600
2004-01-28,8.250000,8.250000,8.200000,8.200000,4.720237,12100
2004-01-29,8.200000,8.200000,8.140000,8.140000,4.685699,12100
2004-01-30,8.140000,8.150000,8.110000,8.150000,4.691455,3400
2004-02-02,8.230000,8.480000,8.180000,8.480000,4.881416,48700
2004-02-03,8.500000,8.710000,8.500000,8.510000,4.898684,22100
2004-02-04,8.420000,8.420000,8.260000,8.350000,4.806582,3900
2004-02-05,8.360000,8.360000,8.190000,8.190000,4.714480,5100
2004-02-06,8.190000,8.190000,8.150000,8.160000,4.697211,2500
2004-02-09,8.140000,8.250000,8.010000,8.040000,4.628134,12900
2004-02-10,8.000000,8.030000,7.960000,8.000000,4.605109,14000
2004-02-11,8.020000,8.030000,8.000000,8.020000,4.616621,1700
2004-02-12,8.000000,8.030000,7.930000,8.030000,4.622377,9500
2004-02-13,8.050000,8.060000,8.010000,8.010000,4.610865,1800
2004-02-17,8.000000,8.060000,7.950000,8.020000,4.616621,67200
2004-02-18,8.020000,8.200000,8.020000,8.200000,4.720237,25800
2004-02-19,8.200000,8.200000,8.120000,8.120000,4.674185,2100
2004-02-20,8.070000,8.120000,7.930000,8.120000,4.674185,9400
2004-02-23,8.130000,8.130000,8.000000,8.000000,4.605109,2700
2004-02-24,8.000000,8.050000,7.950000,7.950000,4.576326,8800
2004-02-25,7.950000,8.080000,7.950000,8.060000,4.639647,4300
2004-02-26,8.010000,8.010000,8.010000,8.010000,4.610865,500
2004-02-27,8.000000,8.000000,7.940000,7.940000,4.570571,15000
2004-03-01,7.980000,8.000000,7.960000,8.000000,4.605109,2800
2004-03-02,8.000000,8.000000,7.980000,7.980000,4.593596,1700
2004-03-03,7.970000,8.020000,7.970000,8.000000,4.605109,2500
2004-03-04,7.990000,7.990000,7.950000,7.980000,4.593596,4400
2004-03-05,7.950000,7.960000,7.850000,7.960000,4.582083,13900
2004-03-08,7.940000,7.940000,7.860000,7.860000,4.524519,8100
2004-03-09,7.810000,7.860000,7.810000,7.850000,4.518764,18200
2004-03-10,7.870000,7.940000,7.870000,7.940000,4.570571,13600
2004-03-11,7.910000,8.010000,7.910000,7.950000,4.576326,11300
2004-03-12,8.020000,8.110000,7.970000,8.110000,4.668428,34500
2004-03-15,8.060000,8.080000,8.050000,8.050000,4.633891,6100
2004-03-16,8.050000,8.120000,8.050000,8.120000,4.674185,6200
2004-03-17,8.120000,8.120000,7.940000,7.940000,4.570571,9700
2004-03-18,7.940000,7.940000,7.940000,7.940000,4.570571,600
2004-03-19,7.900000,7.940000,7.860000,7.940000,4.570571,2700
2004-03-22,7.930000,7.930000,7.910000,7.910000,4.553301,2800
2004-03-23,7.910000,7.920000,7.910000,7.920000,4.559058,2100
2004-03-24,7.870000,7.890000,7.870000,7.890000,4.541788,3700
2004-03-25,7.910000,7.950000,7.910000,7.910000,4.553301,3800
2004-03-26,7.920000,7.920000,7.890000,7.900000,4.547545,2400
2004-03-29,7.900000,7.940000,7.890000,7.940000,4.570571,18500
2004-03-30,7.910000,7.990000,7.880000,7.960000,4.582083,5600
2004-03-31,7.960000,7.960000,7.790000,7.790000,4.484225,55700
2004-04-01,7.790000,7.800000,7.770000,7.770000,4.472712,15000
2004-04-02,7.760000,7.820000,7.760000,7.770000,4.472712,6500
2004-04-05,7.750000,7.760000,7.670000,7.730000,4.449686,27700
2004-04-06,7.700000,7.700000,7.650000,7.700000,4.432416,3100
2004-04-07,7.610000,7.720000,7.610000,7.720000,4.443930,15300
2004-04-08,7.720000,7.770000,7.720000,7.760000,4.466955,3200
2004-04-12,7.700000,7.700000,7.650000,7.650000,4.403636,5100
2004-04-13,7.690000,7.900000,7.640000,7.890000,4.541788,16800
2004-04-14,7.910000,7.910000,7.680000,7.800000,4.489981,13000
2004-04-15,7.760000,7.820000,7.760000,7.820000,4.501494,3100
2004-04-16,7.860000,7.900000,7.810000,7.900000,4.547545,6900
2004-04-19,7.920000,7.920000,7.860000,7.860000,4.524519,2400
2004-04-20,7.860000,7.860000,7.690000,7.820000,4.501494,5900
2004-04-21,7.810000,7.810000,7.750000,7.780000,4.478468,5800
2004-04-22,7.690000,7.690000,7.630000,7.630000,4.392122,7100
2004-04-23,7.600000,7.640000,7.600000,7.610000,4.380610,6100
2004-04-26,7.600000,7.600000,7.600000,7.600000,4.374853,2800
2004-04-27,7.630000,7.630000,7.610000,7.610000,4.380610,2300
2004-04-28,7.630000,7.630000,7.600000,7.600000,4.374853,5700
2004-04-29,7.600000,7.640000,7.600000,7.600000,4.374853,1300
2004-04-30,7.600000,7.610000,7.600000,7.600000,4.374853,3900
2004-05-03,7.560000,7.600000,7.560000,7.600000,4.374853,900
2004-05-04,7.590000,7.620000,7.590000,7.620000,4.386366,1200
2004-05-05,7.590000,7.680000,7.590000,7.680000,4.420904,8700
2004-05-06,7.650000,7.650000,7.600000,7.610000,4.380610,2400
2004-05-07,7.590000,7.720000,7.590000,7.720000,4.443930,3600
2004-05-10,7.680000,7.680000,7.430000,7.650000,4.403636,9900
2004-05-11,7.650000,7.680000,7.650000,7.680000,4.420904,3600
2004-05-12,7.670000,7.670000,7.500000,7.510000,4.323046,6300
2004-05-13,7.560000,7.560000,7.500000,7.500000,4.317289,2900
2004-05-14,7.520000,7.520000,7.250000,7.300000,4.202161,9800
2004-05-17,7.350000,7.360000,7.250000,7.290000,4.196405,8300
2004-05-18,7.290000,7.300000,7.290000,7.300000,4.202161,1400
2004-05-19,7.300000,7.310000,7.300000,7.310000,4.207918,400
2004-05-20,7.320000,7.430000,7.320000,7.420000,4.271238,5200
2004-05-21,7.450000,7.600000,7.440000,7.490000,4.311533,9600
2004-05-24,7.590000,7.770000,7.590000,7.640000,4.397879,17000
2004-05-25,7.650000,7.730000,7.590000,7.590000,4.369097,13600
2004-05-26,7.600000,7.670000,7.480000,7.480000,4.305777,28000
2004-05-27,7.490000,7.700000,7.470000,7.550000,4.346072,8600
2004-05-28,7.580000,7.640000,7.570000,7.640000,4.397879,4000
2004-06-01,7.650000,7.680000,7.620000,7.680000,4.420904,4100
2004-06-02,7.670000,7.740000,7.660000,7.660000,4.409391,15000
2004-06-03,7.660000,7.680000,7.660000,7.660000,4.409391,1200
2004-06-04,7.660000,7.660000,7.660000,7.660000,4.409391,2400
2004-06-07,7.710000,7.720000,7.670000,7.670000,4.415148,2900
2004-06-08,7.720000,7.740000,7.710000,7.740000,4.455442,1400
2004-06-09,7.750000,7.750000,7.740000,7.750000,4.461199,3600
2004-06-10,7.710000,7.760000,7.710000,7.760000,4.466955,5100
2004-06-14,7.760000,7.760000,7.710000,7.710000,4.438173,3100
2004-06-15,7.710000,7.750000,7.700000,7.700000,4.432416,3300
2004-06-16,7.700000,7.710000,7.700000,7.710000,4.438173,2000
2004-06-17,7.760000,7.760000,7.710000,7.720000,4.443930,4200
2004-06-18,7.760000,7.760000,7.710000,7.710000,4.438173,52700
2004-06-21,7.700000,7.710000,7.670000,7.700000,4.432416,6100
2004-06-22,7.700000,7.700000,7.690000,7.690000,4.426661,2200
2004-06-23,7.690000,7.700000,7.690000,7.700000,4.432416,2900
2004-06-24,7.700000,7.700000,7.700000,7.700000,4.432416,3700
2004-06-25,7.700000,7.700000,7.690000,7.690000,4.426661,3300
2004-06-28,7.650000,7.680000,7.650000,7.680000,4.420904,700
2004-06-29,7.660000,7.690000,7.660000,7.690000,4.426661,200
2004-06-30,7.680000,7.720000,7.680000,7.720000,4.443930,2900
2004-07-01,7.700000,7.730000,7.690000,7.690000,4.426661,2200
2004-07-02,7.740000,7.760000,7.690000,7.760000,4.466955,77100
2004-07-06,7.700000,7.770000,7.700000,7.720000,4.443930,2400
2004-07-07,7.700000,7.760000,7.670000,7.760000,4.466955,55900
2004-07-08,7.740000,7.740000,7.640000,7.720000,4.443930,1100
2004-07-09,7.710000,7.710000,7.650000,7.650000,4.403636,1000
2004-07-12,7.680000,7.680000,7.590000,7.600000,4.374853,4500
2004-07-13,7.610000,7.690000,7.600000,7.690000,4.426661,6200
2004-07-14,7.660000,7.670000,7.660000,7.670000,4.415148,4100
2004-07-15,7.670000,7.690000,7.670000,7.670000,4.415148,2000
2004-07-16,7.670000,7.680000,7.590000,7.640000,4.397879,2300
2004-07-19,7.580000,7.640000,7.500000,7.580000,4.363340,5400
2004-07-20,7.580000,7.580000,7.580000,7.580000,4.363340,100
2004-07-21,7.520000,7.520000,7.490000,7.500000,4.317289,7500
2004-07-22,7.490000,7.550000,7.490000,7.500000,4.317289,13500
2004-07-23,7.500000,7.500000,7.490000,7.500000,4.317289,3700
2004-07-26,7.490000,7.650000,7.480000,7.540000,4.340314,56700
2004-07-27,7.440000,7.650000,7.440000,7.560000,4.351828,2600
2004-07-28,7.500000,7.520000,7.450000,7.470000,4.300020,2600
2004-07-29,7.480000,7.480000,7.470000,7.480000,4.305777,2700
2004-07-30,7.500000,7.510000,7.500000,7.500000,4.317289,1600
2004-08-02,7.470000,7.600000,7.460000,7.600000,4.374853,2800
2004-08-03,7.520000,7.520000,7.500000,7.500000,4.317289,700
2004-08-04,7.510000,7.570000,7.480000,7.480000,4.305777,8400
2004-08-05,7.540000,7.540000,7.540000,7.540000,4.340314,200
2004-08-06,7.470000,7.490000,7.450000,7.460000,4.294264,1300
2004-08-09,7.350000,7.350000,7.320000,7.350000,4.230943,2600
2004-08-10,7.360000,7.420000,7.360000,7.420000,4.271238,1800
2004-08-11,7.430000,7.450000,7.420000,7.430000,4.276994,5100
2004-08-12,7.430000,7.430000,7.430000,7.430000,4.276994,100
2004-08-13,7.430000,7.450000,7.430000,7.450000,4.288507,2600
2004-08-16,7.420000,7.480000,7.420000,7.420000,4.271238,2900
2004-08-17,7.460000,7.500000,7.460000,7.500000,4.317289,5100
2004-08-18,7.510000,7.510000,7.510000,7.510000,4.323046,3600
2004-08-19,7.510000,7.510000,7.330000,7.400000,4.259726,7500
2004-08-20,7.450000,7.450000,7.450000,7.450000,4.288507,300
2004-08-23,7.440000,7.440000,7.320000,7.320000,4.213675,9400
2004-08-24,7.350000,7.520000,7.350000,7.460000,4.294264,2400
2004-08-25,7.520000,7.530000,7.460000,7.480000,4.305777,2000
2004-08-26,7.490000,7.600000,7.490000,7.600000,4.374853,2600
2004-08-27,7.550000,7.600000,7.490000,7.510000,4.323046,3500
2004-08-30,7.550000,7.580000,7.510000,7.510000,4.323046,11800
2004-08-31,7.530000,7.630000,7.530000,7.550000,4.346072,9800
2004-09-01,7.520000,7.530000,7.520000,7.530000,4.334559,2700
2004-09-02,7.530000,7.560000,7.530000,7.550000,4.346072,1000
2004-09-03,7.540000,7.670000,7.530000,7.650000,4.403636,10100
2004-09-07,7.550000,7.670000,7.550000,7.670000,4.415148,18800
2004-09-08,7.670000,7.670000,7.550000,7.570000,4.357584,2600
2004-09-09,7.570000,7.570000,7.570000,7.570000,4.357584,400
2004-09-10,7.550000,7.550000,7.500000,7.510000,4.323046,26500
2004-09-13,7.500000,7.600000,7.500000,7.600000,4.374853,4500
2004-09-14,7.520000,7.650000,7.520000,7.620000,4.386366,2900
2004-09-15,7.650000,7.860000,7.650000,7.750000,4.461199,92000
2004-09-16,7.700000,7.800000,7.700000,7.800000,4.489981,800
2004-09-17,7.800000,7.800000,7.800000,7.800000,4.489981,0
2004-09-20,7.810000,7.880000,7.750000,7.750000,4.461199,7300
2004-09-21,7.720000,7.810000,7.720000,7.800000,4.489981,6200
2004-09-22,7.750000,7.780000,7.730000,7.730000,4.449686,2900
2004-09-23,7.780000,7.960000,7.730000,7.960000,4.582083,10300
2004-09-24,7.900000,7.950000,7.900000,7.950000,4.576326,2300
2004-09-27,7.970000,7.970000,7.890000,7.900000,4.547545,69400
2004-09-28,7.800000,7.930000,7.800000,7.930000,4.564814,3300
2004-09-29,7.930000,8.090000,7.930000,8.050000,4.633891,62000
2004-09-30,7.950000,8.200000,7.940000,8.190000,4.714480,19600
2004-10-01,8.100000,8.100000,8.000000,8.090000,4.656917,4800
2004-10-04,8.080000,8.080000,8.000000,8.060000,4.639647,8100
2004-10-05,8.060000,8.060000,8.000000,8.000000,4.605109,3300
2004-10-06,8.070000,8.220000,8.050000,8.050000,4.633891,4900
2004-10-07,8.060000,8.150000,8.060000,8.150000,4.691455,2600
2004-10-08,8.200000,8.200000,7.940000,8.000000,4.605109,7500
2004-10-11,8.000000,8.160000,7.950000,8.020000,4.616621,10400
2004-10-12,8.000000,8.010000,8.000000,8.000000,4.605109,7800
2004-10-13,8.000000,8.020000,8.000000,8.020000,4.616621,3400
2004-10-14,8.100000,8.120000,8.060000,8.120000,4.674185,1600
2004-10-15,8.120000,8.120000,8.000000,8.050000,4.633891,9900
2004-10-18,8.010000,8.070000,8.000000,8.070000,4.645404,3900
2004-10-19,8.120000,8.120000,8.020000,8.020000,4.616621,4800
2004-10-20,8.020000,8.130000,8.020000,8.090000,4.656917,6500
2004-10-21,8.120000,8.140000,8.080000,8.080000,4.651159,5400
2004-10-22,8.020000,8.080000,8.020000,8.080000,4.651159,6400
2004-10-25,7.980000,8.150000,7.980000,8.020000,4.616621,14600
2004-10-26,8.010000,8.060000,8.000000,8.010000,4.610865,5300
2004-10-27,8.040000,8.040000,8.000000,8.000000,4.605109,6700
2004-10-28,8.010000,8.010000,8.010000,8.010000,4.610865,1800
2004-10-29,8.010000,8.140000,8.010000,8.140000,4.685699,17000
2004-11-01,8.140000,8.230000,8.010000,8.100000,4.662673,28800
2004-11-02,8.030000,8.350000,8.030000,8.330000,4.795070,24800
2004-11-03,8.300000,8.450000,8.250000,8.450000,4.864146,7500
2004-11-04,8.450000,8.450000,8.220000,8.220000,4.731749,5600
2004-11-05,8.200000,8.220000,8.000000,8.100000,4.662673,12300
2004-11-08,8.080000,8.170000,8.020000,8.140000,4.685699,4900
2004-11-09,8.040000,8.190000,8.040000,8.190000,4.714480,2600
2004-11-10,8.090000,8.200000,8.090000,8.110000,4.668428,8100
2004-11-11,8.100000,8.170000,8.100000,8.130000,4.679942,10600
2004-11-12,8.130000,8.150000,8.090000,8.120000,4.674185,3500
2004-11-15,8.150000,8.230000,8.150000,8.190000,4.714480,16900
2004-11-16,8.260000,8.260000,8.250000,8.250000,4.749018,3300
2004-11-17,8.260000,8.290000,8.200000,8.200000,4.720237,8300
2004-11-18,8.200000,8.260000,8.110000,8.110000,4.668428,3300
2004-11-19,8.270000,8.330000,8.210000,8.210000,4.725993,700
2004-11-22,8.150000,8.360000,8.150000,8.360000,4.812338,24100
2004-11-23,8.360000,8.360000,8.270000,8.290000,4.772043,1900
2004-11-24,8.320000,8.350000,8.240000,8.280000,4.766288,13100
2004-11-26,8.220000,8.290000,8.200000,8.290000,4.772043,3900
2004-11-29,8.270000,8.320000,8.100000,8.150000,4.691455,17700
2004-11-30,8.150000,8.200000,8.150000,8.200000,4.720237,2000
2004-12-01,8.160000,8.280000,8.150000,8.280000,4.766288,10600
2004-12-02,8.280000,8.340000,8.230000,8.340000,4.800826,7000
2004-12-03,8.330000,8.350000,8.280000,8.280000,4.766288,9100
2004-12-06,7.610000,8.080000,7.610000,7.830000,4.840470,25700
2004-12-07,7.880000,7.990000,7.880000,7.950000,4.914654,15800
2004-12-08,7.900000,7.900000,7.710000,7.760000,4.797197,12400
2004-12-09,7.700000,7.710000,7.590000,7.660000,4.735377,24700
2004-12-10,7.630000,7.630000,7.580000,7.600000,4.698286,7400
2004-12-13,7.700000,7.700000,7.560000,7.570000,4.679740,4200
2004-12-14,7.540000,7.540000,7.430000,7.480000,4.624103,9600
2004-12-15,7.490000,7.500000,7.430000,7.430000,4.593193,19900
2004-12-16,7.450000,7.500000,7.450000,7.500000,4.636466,7100
2004-12-17,7.550000,7.580000,7.490000,7.570000,4.679740,9400
2004-12-20,7.540000,7.580000,7.450000,7.520000,4.648830,44900
2004-12-21,7.520000,7.570000,7.490000,7.490000,4.630284,71800
2004-12-22,7.510000,7.540000,7.500000,7.500000,4.636466,10100
2004-12-23,7.530000,7.600000,7.520000,7.570000,4.679740,10700
2004-12-27,7.560000,7.570000,7.550000,7.560000,4.673558,5600
2004-12-28,7.600000,7.620000,7.560000,7.560000,4.673558,7400
2004-12-29,7.590000,7.640000,7.580000,7.630000,4.716831,5700
2004-12-30,7.610000,7.750000,7.600000,7.700000,4.760105,7400
2004-12-31,7.750000,7.860000,7.710000,7.710000,4.766287,8600
2005-01-03,7.730000,7.730000,7.610000,7.660000,4.735377,1900
2005-01-04,7.720000,7.720000,7.690000,7.690000,4.753924,1200
2005-01-05,7.730000,7.730000,7.630000,7.690000,4.753924,2300
2005-01-06,7.680000,7.680000,7.640000,7.670000,4.741559,3200
2005-01-07,7.670000,7.670000,7.600000,7.600000,4.698286,4300
2005-01-10,7.700000,7.700000,7.620000,7.620000,4.710650,1800
2005-01-11,7.680000,7.680000,7.620000,7.620000,4.710650,800
2005-01-12,7.620000,7.690000,7.620000,7.650000,4.729196,3500
2005-01-13,7.650000,7.650000,7.610000,7.610000,4.704468,12500
2005-01-14,7.620000,7.630000,7.620000,7.620000,4.710650,1800
2005-01-18,7.690000,7.690000,7.610000,7.630000,4.716831,7200
2005-01-19,7.610000,7.690000,7.610000,7.690000,4.753924,14300
2005-01-20,7.690000,7.720000,7.640000,7.640000,4.723013,2200
2005-01-21,7.640000,7.670000,7.620000,7.670000,4.741559,3400
2005-01-24,7.690000,7.750000,7.660000,7.670000,4.741559,13500
2005-01-25,7.670000,7.670000,7.670000,7.670000,4.741559,8500
2005-01-26,7.670000,7.690000,7.660000,7.670000,4.741559,6200
2005-01-27,7.650000,7.680000,7.510000,7.550000,4.667376,51200
2005-01-28,7.550000,7.590000,7.550000,7.570000,4.679740,1800
2005-01-31,7.570000,7.700000,7.570000,7.700000,4.760105,25000
2005-02-01,7.750000,7.790000,7.700000,7.790000,4.815743,17000
2005-02-02,7.810000,7.900000,7.730000,7.900000,4.883745,8400
2005-02-03,7.900000,7.930000,7.800000,7.910000,4.889927,6900
2005-02-04,7.970000,8.040000,7.910000,7.960000,4.920836,15600
2005-02-07,7.930000,8.030000,7.930000,8.000000,4.945564,8300
2005-02-08,8.030000,8.050000,8.030000,8.030000,4.964110,15800
2005-02-09,8.000000,8.100000,8.000000,8.040000,4.970292,6700
2005-02-10,8.040000,8.120000,8.010000,8.120000,5.019748,14300
2005-02-11,8.130000,8.130000,8.070000,8.070000,4.988838,2400
2005-02-14,7.970000,8.100000,7.970000,8.020000,4.957928,15300
2005-02-15,8.010000,8.050000,8.000000,8.010000,4.951746,11300
2005-02-16,8.040000,8.040000,7.960000,7.960000,4.920836,7500
2005-02-17,8.030000,8.070000,7.960000,8.030000,4.964110,11500
2005-02-18,8.040000,8.050000,8.020000,8.050000,4.976474,2900
2005-02-22,8.000000,8.060000,7.990000,8.050000,4.976474,9400
2005-02-23,8.010000,8.040000,7.990000,8.010000,4.951746,12700
2005-02-24,8.020000,8.090000,8.020000,8.050000,4.976474,8300
2005-02-25,8.030000,8.090000,8.030000,8.090000,5.001202,7000
2005-02-28,8.080000,8.090000,8.020000,8.040000,4.970292,5800
2005-03-01,8.080000,8.090000,8.030000,8.030000,4.964110,5000
2005-03-02,8.090000,8.100000,8.080000,8.080000,4.995019,5500
2005-03-03,8.050000,8.090000,8.020000,8.060000,4.982656,13400
2005-03-04,8.120000,8.130000,8.060000,8.120000,5.019748,20400
2005-03-07,8.120000,8.120000,8.050000,8.080000,4.995019,5700
2005-03-08,8.110000,8.140000,8.110000,8.140000,5.032112,8600
2005-03-09,8.140000,8.180000,8.140000,8.150000,5.038294,5400
2005-03-10,8.180000,8.230000,8.180000,8.230000,5.087749,4300
2005-03-11,8.200000,8.200000,8.160000,8.170000,5.050657,1500
2005-03-14,8.100000,8.110000,8.060000,8.110000,5.013566,9300
2005-03-15,8.090000,8.130000,7.950000,8.010000,4.951746,61000
2005-03-16,7.980000,8.030000,7.980000,8.000000,4.945564,3200
2005-03-17,8.030000,8.100000,8.020000,8.050000,4.976474,13600
2005-03-18,8.050000,8.110000,8.050000,8.110000,5.013566,10500
2005-03-21,8.070000,8.130000,8.050000,8.050000,4.976474,7000
2005-03-22,8.060000,8.140000,8.050000,8.050000,4.976474,21100
2005-03-23,8.020000,8.110000,8.000000,8.110000,5.013566,5500
2005-03-24,8.020000,8.070000,8.000000,8.070000,4.988838,5300
2005-03-28,8.060000,8.250000,8.050000,8.140000,5.032112,15100
2005-03-29,8.110000,8.170000,8.060000,8.150000,5.038294,8400
2005-03-30,8.100000,8.150000,8.080000,8.080000,4.995019,4400
2005-03-31,8.050000,8.090000,8.040000,8.090000,5.001202,10600
2005-04-01,8.010000,8.050000,8.000000,8.000000,4.945564,9200
2005-04-04,8.000000,8.060000,7.960000,8.060000,4.982656,6200
2005-04-05,8.080000,8.080000,8.000000,8.000000,4.945564,5500
2005-04-06,8.000000,8.060000,7.980000,8.020000,4.957928,14900
2005-04-07,7.960000,8.070000,7.960000,8.020000,4.957928,5600
2005-04-08,8.030000,8.070000,8.000000,8.070000,4.988838,10400
2005-04-11,8.150000,8.150000,7.960000,7.980000,4.933200,9700
2005-04-12,7.980000,7.980000,7.850000,7.950000,4.914654,11400
2005-04-13,7.900000,7.900000,7.860000,7.860000,4.859016,600
2005-04-14,7.920000,7.920000,7.780000,7.820000,4.834289,6200
2005-04-15,7.850000,7.850000,7.800000,7.800000,4.821925,4800
2005-04-18,7.800000,7.810000,7.800000,7.810000,4.828107,1300
2005-04-19,7.910000,7.910000,7.800000,7.820000,4.834289,8500
2005-04-20,7.710000,7.720000,7.630000,7.650000,4.729196,5900
2005-04-21,7.660000,7.750000,7.660000,7.750000,4.791015,2500
2005-04-22,7.670000,7.670000,7.650000,7.650000,4.729196,5100
2005-04-25,7.630000,7.660000,7.630000,7.660000,4.735377,2300
2005-04-26,7.660000,7.660000,7.620000,7.620000,4.710650,3800
2005-04-27,7.720000,7.780000,7.700000,7.710000,4.766287,7800
2005-04-28,7.660000,7.670000,7.660000,7.670000,4.741559,3000
2005-04-29,7.670000,7.670000,7.660000,7.660000,4.735377,2400
2005-05-02,7.640000,7.690000,7.630000,7.690000,4.753924,3200
2005-05-03,7.690000,7.750000,7.670000,7.690000,4.753924,20000
2005-05-04,7.720000,7.750000,7.680000,7.750000,4.791015,14800
2005-05-05,7.750000,7.760000,7.750000,7.750000,4.791015,2500
2005-05-06,7.720000,7.720000,7.660000,7.700000,4.760105,8600
2005-05-09,7.680000,7.710000,7.680000,7.710000,4.766287,500
2005-05-10,7.700000,7.740000,7.620000,7.690000,4.753924,2500
2005-05-11,7.710000,7.780000,7.620000,7.700000,4.760105,21600
2005-05-12,7.690000,7.690000,7.510000,7.580000,4.685921,10600
2005-05-13,7.540000,7.560000,7.500000,7.560000,4.673558,5900
2005-05-16,7.480000,7.650000,7.480000,7.650000,4.729196,5400
2005-05-17,7.670000,7.670000,7.540000,7.550000,4.667376,7100
2005-05-18,7.600000,7.600000,7.600000,7.600000,4.698286,300
2005-05-19,7.610000,7.770000,7.610000,7.700000,4.760105,3600
2005-05-20,7.710000,7.830000,7.710000,7.750000,4.791015,10400
2005-05-23,7.760000,7.940000,7.760000,7.940000,4.908473,13100
2005-05-24,7.940000,7.950000,7.940000,7.950000,4.914654,2800
2005-05-25,7.940000,7.940000,7.940000,7.940000,4.908473,2600
2005-05-26,7.990000,8.040000,7.990000,8.040000,4.970292,6900
2005-05-27,8.050000,8.080000,8.000000,8.070000,4.988838,7300
2005-05-31,8.070000,8.130000,8.060000,8.120000,5.019748,19500
2005-06-01,8.080000,8.190000,8.080000,8.170000,5.050657,14700
2005-06-02,8.190000,8.440000,8.190000,8.310000,5.137205,17000
2005-06-03,8.310000,8.390000,8.160000,8.250000,5.100112,12900
2005-06-06,8.250000,8.380000,8.250000,8.340000,5.155750,9200
2005-06-07,8.380000,8.380000,8.300000,8.340000,5.155750,7100
2005-06-08,8.300000,8.390000,8.300000,8.320000,5.143386,18700
2005-06-09,8.340000,8.420000,8.250000,8.250000,5.100112,11000
2005-06-10,8.270000,8.380000,8.270000,8.370000,5.174296,4800
2005-06-13,8.380000,8.390000,8.380000,8.390000,5.186661,5900
2005-06-14,8.350000,8.380000,8.350000,8.380000,5.180478,6900
2005-06-15,8.440000,8.440000,8.350000,8.400000,5.192842,24700
2005-06-16,8.350000,8.390000,8.340000,8.350000,5.161933,14200
2005-06-17,8.400000,8.500000,8.350000,8.500000,5.254662,29100
2005-06-20,8.400000,8.480000,8.340000,8.400000,5.192842,13700
2005-06-21,8.440000,8.450000,8.350000,8.450000,5.223752,14900
2005-06-22,8.430000,8.450000,8.360000,8.450000,5.223752,4900
2005-06-23,8.440000,8.450000,8.440000,8.450000,5.223752,2900
2005-06-24,8.440000,8.440000,8.380000,8.380000,5.180478,5400
2005-06-27,8.380000,8.430000,8.380000,8.380000,5.180478,8700
2005-06-28,8.380000,8.390000,8.350000,8.350000,5.161933,19500
2005-06-29,8.300000,8.340000,8.190000,8.240000,5.093931,27900
2005-06-30,8.260000,8.300000,8.190000,8.250000,5.100112,27600
2005-07-01,8.280000,8.300000,8.180000,8.220000,5.081567,7000
2005-07-05,8.150000,8.290000,8.150000,8.290000,5.124840,8600
2005-07-06,8.300000,8.390000,8.290000,8.290000,5.124840,19200
2005-07-07,8.240000,8.290000,8.200000,8.290000,5.124840,3200
2005-07-08,8.320000,8.350000,8.270000,8.300000,5.131023,13100
2005-07-11,8.180000,8.340000,8.180000,8.290000,5.124840,16400
2005-07-12,8.330000,8.340000,8.230000,8.340000,5.155750,15500
2005-07-13,8.260000,8.340000,8.200000,8.340000,5.155750,13000
2005-07-14,8.420000,8.450000,8.290000,8.290000,5.124840,9300
2005-07-15,8.390000,8.390000,8.210000,8.270000,5.112477,12400
2005-07-18,8.260000,8.260000,8.170000,8.190000,5.063021,4000
2005-07-19,8.290000,8.290000,8.240000,8.280000,5.118659,11800
2005-07-20,8.290000,8.370000,8.210000,8.210000,5.075385,15200
2005-07-21,8.210000,8.300000,8.210000,8.230000,5.087749,7700
2005-07-22,8.230000,8.320000,8.230000,8.250000,5.100112,8700
2005-07-25,8.180000,8.220000,8.180000,8.210000,5.075385,3500
2005-07-26,8.250000,8.440000,8.190000,8.390000,5.186661,12800
2005-07-27,8.370000,8.370000,8.300000,8.350000,5.161933,4800
2005-07-28,8.360000,8.400000,8.350000,8.380000,5.180478,4000
2005-07-29,8.370000,8.380000,8.300000,8.380000,5.180478,4000
2005-08-01,8.310000,8.400000,8.220000,8.390000,5.186661,8000
2005-08-02,8.390000,8.390000,8.330000,8.330000,5.149569,2300
2005-08-03,8.380000,8.380000,8.330000,8.330000,5.149569,1400
2005-08-04,8.360000,8.360000,8.310000,8.350000,5.161933,3100
2005-08-05,8.350000,8.380000,8.330000,8.380000,5.180478,9800
2005-08-08,8.370000,8.370000,8.310000,8.320000,5.143386,4500
2005-08-09,8.330000,8.340000,8.320000,8.320000,5.143386,4000
2005-08-10,8.330000,8.360000,8.250000,8.280000,5.118659,8100
2005-08-11,8.280000,8.350000,8.280000,8.340000,5.155750,28900
2005-08-12,8.330000,8.360000,8.300000,8.330000,5.149569,10800
2005-08-15,8.350000,8.510000,8.350000,8.450000,5.223752,49000
2005-08-16,8.400000,8.460000,8.360000,8.430000,5.211389,17200
2005-08-17,8.440000,8.600000,8.440000,8.550000,5.285572,28200
2005-08-18,8.540000,8.550000,8.380000,8.530000,5.273209,15400
2005-08-19,8.520000,8.620000,8.520000,8.610000,5.322663,12300
2005-08-22,8.540000,8.700000,8.540000,8.680000,5.365938,22300
2005-08-23,8.670000,8.700000,8.640000,8.660000,5.353573,24100
2005-08-24,8.600000,8.800000,8.600000,8.800000,5.440121,8400
2005-08-25,8.700000,8.800000,8.500000,8.800000,5.440121,14500
2005-08-26,8.800000,8.800000,8.480000,8.670000,5.359755,7100
2005-08-29,8.600000,8.630000,8.550000,8.630000,5.335028,1500
2005-08-30,8.620000,8.640000,8.590000,8.640000,5.341209,3200
2005-08-31,8.650000,8.650000,8.590000,8.650000,5.347391,5400
2005-09-01,8.600000,8.650000,8.500000,8.560000,5.291754,4300
2005-09-02,8.560000,8.670000,8.560000,8.670000,5.359755,9300
2005-09-06,8.610000,8.650000,8.500000,8.650000,5.347391,7000
2005-09-07,8.600000,8.640000,8.580000,8.600000,5.316482,5100
2005-09-08,8.620000,8.760000,8.620000,8.670000,5.359755,6900
2005-09-09,8.670000,8.750000,8.610000,8.700000,5.378300,14000
2005-09-12,8.740000,8.770000,8.720000,8.770000,5.421574,14900
2005-09-13,8.750000,8.770000,8.680000,8.680000,5.365938,5300
2005-09-14,8.650000,8.770000,8.650000,8.740000,5.403028,7500
2005-09-15,8.640000,8.670000,8.550000,8.650000,5.347391,7700
2005-09-16,8.650000,8.650000,8.560000,8.570000,5.297935,13000
2005-09-19,8.600000,8.610000,8.550000,8.600000,5.316482,5800
2005-09-20,8.600000,8.610000,8.580000,8.580000,5.304118,4100
2005-09-21,8.550000,8.600000,8.530000,8.600000,5.316482,14900
2005-09-22,8.600000,8.600000,8.560000,8.590000,5.310300,12100
2005-09-23,8.560000,8.610000,8.550000,8.560000,5.291754,7300
2005-09-26,8.520000,8.560000,8.520000,8.560000,5.291754,4800
2005-09-27,8.570000,8.580000,8.530000,8.530000,5.273209,3600
2005-09-28,8.510000,8.570000,8.510000,8.570000,5.297935,2600
2005-09-29,8.560000,8.560000,8.510000,8.520000,5.267025,4800
2005-09-30,8.620000,8.630000,8.610000,8.610000,5.322663,10500
2005-10-03,8.670000,8.670000,8.520000,8.560000,5.291754,6400
2005-10-04,8.540000,8.580000,8.520000,8.560000,5.291754,5100
2005-10-05,8.520000,8.540000,8.510000,8.530000,5.273209,3800
2005-10-06,8.540000,8.550000,8.530000,8.550000,5.285572,4300
2005-10-07,8.550000,8.560000,8.550000,8.560000,5.291754,4800
2005-10-10,8.530000,8.590000,8.530000,8.560000,5.291754,1800
2005-10-11,8.530000,8.690000,8.530000,8.560000,5.291754,10500
2005-10-12,8.560000,8.660000,8.560000,8.610000,5.322663,3200
2005-10-13,8.650000,8.650000,8.580000,8.580000,5.304118,700
2005-10-14,8.580000,8.670000,8.580000,8.630000,5.335028,2500
2005-10-17,8.580000,8.610000,8.580000,8.610000,5.322663,4600
2005-10-18,8.710000,8.740000,8.690000,8.730000,5.396846,8100
2005-10-19,8.730000,8.730000,8.650000,8.650000,5.347391,3100
2005-10-20,8.730000,8.730000,8.670000,8.700000,5.378300,5100
2005-10-21,8.700000,8.750000,8.700000,8.750000,5.409211,4200
2005-10-24,8.690000,8.720000,8.690000,8.720000,5.390665,1900
2005-10-25,8.640000,8.640000,8.610000,8.610000,5.322663,1300
2005-10-26,8.610000,8.740000,8.580000,8.740000,5.403028,7000
2005-10-27,8.600000,8.670000,8.600000,8.640000,5.341209,3600
2005-10-28,8.640000,8.640000,8.640000,8.640000,5.341209,0
2005-10-31,8.710000,8.760000,8.620000,8.760000,5.415392,7400
2005-11-01,8.720000,8.850000,8.710000,8.820000,5.452484,6400
2005-11-02,8.900000,8.900000,8.820000,8.860000,5.477212,3600
2005-11-03,8.850000,8.920000,8.840000,8.850000,5.471031,10200
2005-11-04,8.800000,8.900000,8.790000,8.900000,5.501939,5700
2005-11-07,8.860000,8.860000,8.840000,8.840000,5.464849,5000
2005-11-08,8.840000,8.900000,8.840000,8.850000,5.471031,3100
2005-11-09,8.900000,8.920000,8.800000,8.920000,5.514304,13300
2005-11-10,9.020000,9.130000,8.960000,9.050000,5.594669,12500
2005-11-11,8.970000,9.250000,8.960000,9.250000,5.718308,25800
2005-11-14,9.150000,9.300000,9.150000,9.190000,5.681216,17000
2005-11-15,9.260000,9.280000,9.200000,9.280000,5.736854,20800
2005-11-16,9.270000,9.280000,9.160000,9.170000,5.668854,17200
2005-11-17,9.270000,9.270000,9.240000,9.270000,5.730671,5400
2005-11-18,9.270000,9.270000,9.240000,9.250000,5.718308,1700
2005-11-21,9.220000,9.280000,9.220000,9.280000,5.736854,5900
2005-11-22,9.120000,9.290000,9.120000,9.260000,5.724491,12100
2005-11-23,9.280000,9.350000,9.280000,9.340000,5.773946,6400
2005-11-25,9.250000,9.290000,9.250000,9.290000,5.743037,3200
2005-11-28,9.260000,9.350000,9.260000,9.320000,5.761582,5700
2005-11-29,9.310000,9.370000,9.310000,9.360000,5.786310,15100
2005-11-30,9.320000,9.380000,9.300000,9.340000,5.773946,17200
2005-12-01,9.310000,9.390000,9.300000,9.300000,5.749218,9100
2005-12-02,9.350000,9.350000,9.260000,9.260000,5.724491,8500
2005-12-05,9.250000,9.300000,9.200000,9.210000,5.693581,16000
2005-12-06,9.180000,9.180000,9.130000,9.130000,5.644125,1700
2005-12-07,9.120000,9.140000,9.120000,9.130000,5.644125,12300
2005-12-08,9.070000,9.120000,9.070000,9.100000,5.625579,4400
2005-12-09,9.100000,9.100000,9.080000,9.090000,5.619397,1700
2005-12-12,9.060000,9.150000,9.050000,9.140000,5.650307,5700
2005-12-13,9.140000,9.140000,8.960000,9.120000,5.637943,18500
2005-12-14,9.110000,9.110000,8.990000,8.990000,5.557578,16500
2005-12-15,8.910000,9.050000,8.910000,9.050000,5.594669,7700
2005-12-16,9.050000,9.050000,8.910000,8.910000,5.508122,3400
2005-12-19,8.900000,9.200000,8.900000,9.200000,5.687398,31000
2005-12-20,9.200000,9.210000,9.200000,9.210000,5.693581,20500
2005-12-21,9.180000,9.180000,9.000000,9.080000,5.613215,11700
2005-12-22,9.100000,9.100000,9.000000,9.000000,5.563759,13000
2005-12-23,8.920000,8.950000,8.920000,8.950000,5.532849,3100
2005-12-27,8.900000,8.980000,8.730000,8.730000,5.396846,10500
2005-12-28,8.730000,8.930000,8.730000,8.830000,5.458666,5800
2005-12-29,8.780000,8.900000,8.770000,8.900000,5.501939,7400
2005-12-30,8.820000,8.970000,8.820000,8.930000,5.520486,2300
2006-01-03,8.920000,9.000000,8.900000,9.000000,5.563759,7100
2006-01-04,8.930000,9.000000,8.910000,9.000000,5.563759,5700
2006-01-05,9.050000,9.050000,8.920000,8.950000,5.532849,13300
2006-01-06,8.950000,9.050000,8.950000,9.020000,5.576123,39300
2006-01-09,8.980000,9.070000,8.980000,9.030000,5.582306,43700
2006-01-10,9.080000,9.080000,9.030000,9.040000,5.588487,11700
2006-01-11,9.040000,9.050000,9.010000,9.040000,5.588487,11300
2006-01-12,9.030000,9.060000,8.980000,9.060000,5.600851,8600
2006-01-13,9.000000,9.040000,8.920000,9.040000,5.588487,11800
2006-01-17,9.040000,9.060000,8.980000,9.060000,5.600851,400
2006-01-18,9.000000,9.100000,8.950000,9.100000,5.625579,7000
2006-01-19,9.100000,9.100000,9.010000,9.080000,5.613215,7600
2006-01-20,9.130000,9.130000,8.990000,8.990000,5.557578,8900
2006-01-23,8.980000,9.030000,8.980000,9.020000,5.576123,11100
2006-01-24,9.020000,9.020000,8.940000,9.010000,5.569942,12400
2006-01-25,9.000000,9.750000,8.970000,9.750000,6.027406,50600
2006-01-26,9.740000,10.050000,9.500000,9.500000,5.872857,42400
2006-01-27,9.510000,9.680000,9.500000,9.680000,5.984133,20600
2006-01-30,9.680000,9.690000,9.600000,9.650000,5.965586,17400
2006-01-31,9.680000,9.690000,9.410000,9.480000,5.860494,53900
2006-02-01,9.570000,9.570000,9.430000,9.490000,5.866675,1500
2006-02-02,9.460000,9.540000,9.410000,9.510000,5.879039,7600
2006-02-03,9.760000,10.490000,9.750000,10.240000,6.330322,136600
2006-02-06,10.250000,10.350000,10.240000,10.310000,6.373596,58900
2006-02-07,10.350000,10.350000,10.220000,10.230000,6.324140,44300
2006-02-08,10.250000,10.540000,10.250000,10.460000,6.466325,119000
2006-02-09,7.960000,8.380000,7.700000,8.050000,6.539437,89700
2006-02-10,8.050000,8.050000,7.820000,7.850000,6.376967,34500
2006-02-13,7.750000,7.820000,7.450000,7.500000,6.092642,48800
2006-02-14,7.500000,7.560000,7.450000,7.500000,6.092642,31600
2006-02-15,7.490000,7.600000,7.370000,7.520000,6.108890,42000
2006-02-16,7.620000,7.620000,7.500000,7.530000,6.117014,38300
2006-02-17,7.300000,7.450000,7.300000,7.450000,6.052025,40900
2006-02-21,7.500000,7.500000,7.400000,7.480000,6.076396,12100
2006-02-22,7.470000,7.490000,7.360000,7.470000,6.068273,10200
2006-02-23,7.480000,7.480000,7.350000,7.430000,6.035778,3900
2006-02-24,7.380000,7.490000,7.330000,7.460000,6.060149,17400
2006-02-27,7.430000,7.440000,7.300000,7.420000,6.027655,17700
2006-02-28,7.470000,7.470000,7.420000,7.430000,6.035778,13600
2006-03-01,7.450000,7.480000,7.430000,7.480000,6.076396,10600
2006-03-02,7.480000,7.490000,7.440000,7.490000,6.084519,9900
2006-03-03,7.480000,7.480000,7.460000,7.470000,6.068273,12000
2006-03-06,7.470000,7.480000,7.350000,7.450000,6.052025,14500
2006-03-07,7.400000,7.450000,7.380000,7.440000,6.043901,3300
2006-03-08,7.440000,7.450000,7.360000,7.420000,6.027655,5200
2006-03-09,7.430000,7.430000,7.350000,7.420000,6.027655,9900
2006-03-10,7.430000,7.470000,7.390000,7.440000,6.043901,13600
2006-03-13,7.480000,7.930000,7.360000,7.850000,6.376967,101900
2006-03-14,7.850000,7.850000,7.630000,7.700000,6.255113,59300
2006-03-15,7.600000,7.750000,7.560000,7.600000,6.173878,33100
2006-03-16,7.570000,7.790000,7.570000,7.710000,6.263237,25800
2006-03-17,7.760000,7.770000,7.630000,7.700000,6.255113,22600
2006-03-20,7.690000,7.690000,7.560000,7.600000,6.173878,40700
2006-03-21,7.600000,7.640000,7.550000,7.640000,6.206372,12000
2006-03-22,7.680000,7.680000,7.380000,7.540000,6.125137,44300
2006-03-23,7.440000,7.570000,7.430000,7.500000,6.092642,29700
2006-03-24,7.500000,7.580000,7.460000,7.490000,6.084519,37900
2006-03-27,7.530000,7.580000,7.480000,7.580000,6.157630,13300
2006-03-28,7.560000,7.560000,7.490000,7.490000,6.084519,9400
2006-03-29,7.490000,7.530000,7.470000,7.480000,6.076396,19900
2006-03-30,7.530000,7.770000,7.470000,7.730000,6.279483,78400
2006-03-31,7.700000,7.800000,7.650000,7.750000,6.295731,15500
2006-04-03,7.750000,7.860000,7.660000,7.730000,6.279483,24400
2006-04-04,7.800000,7.800000,7.650000,7.660000,6.222619,27400
2006-04-05,7.720000,7.850000,7.700000,7.740000,6.287607,13400
2006-04-06,7.840000,7.840000,7.790000,7.790000,6.328226,13800
2006-04-07,7.820000,7.980000,7.780000,7.790000,6.328226,25700
2006-04-10,7.880000,8.000000,7.770000,7.980000,6.482572,16700
2006-04-11,7.970000,8.000000,7.880000,7.880000,6.401337,22200
2006-04-12,7.940000,7.970000,7.810000,7.910000,6.425708,3700
2006-04-13,7.960000,7.970000,7.900000,7.900000,6.417584,5100
2006-04-17,7.900000,7.900000,7.810000,7.820000,6.352596,4200
2006-04-18,7.870000,7.890000,7.780000,7.880000,6.401337,26700
2006-04-19,7.880000,7.900000,7.750000,7.770000,6.311978,30700
2006-04-20,7.770000,7.790000,7.710000,7.750000,6.295731,31500
2006-04-21,7.850000,7.860000,7.650000,7.710000,6.263237,31200
2006-04-24,7.720000,7.800000,7.720000,7.770000,6.311978,50700
2006-04-25,7.850000,7.850000,7.660000,7.670000,6.230742,30400
2006-04-26,7.710000,7.750000,7.650000,7.650000,6.214496,7900
2006-04-27,7.650000,7.650000,7.410000,7.530000,6.117014,44300
2006-04-28,7.530000,7.610000,7.500000,7.570000,6.149508,38700
2006-05-01,7.570000,7.580000,7.450000,7.560000,6.141384,26600
2006-05-02,7.580000,7.580000,7.470000,7.550000,6.133261,13400
2006-05-03,7.500000,7.510000,7.440000,7.470000,6.068273,13800
2006-05-04,7.450000,7.470000,7.350000,7.390000,6.003284,15600
2006-05-05,7.420000,7.450000,7.360000,7.420000,6.027655,33300
2006-05-08,7.520000,7.690000,7.420000,7.540000,6.125137,53200
2006-05-09,7.630000,7.650000,7.500000,7.530000,6.117014,19100
2006-05-10,7.600000,7.640000,7.580000,7.630000,6.198248,19700
2006-05-11,7.630000,7.630000,7.540000,7.540000,6.125137,1500
2006-05-12,7.630000,7.630000,7.520000,7.570000,6.149508,11400
2006-05-15,7.550000,7.550000,7.400000,7.500000,6.092642,20000
2006-05-16,7.510000,7.550000,7.400000,7.500000,6.092642,39300
2006-05-17,7.600000,7.600000,7.400000,7.430000,6.035778,17400
2006-05-18,7.430000,7.530000,7.400000,7.420000,6.027655,11400
2006-05-19,7.460000,7.460000,7.330000,7.330000,5.954544,15900
2006-05-22,7.380000,7.380000,7.220000,7.290000,5.922049,16300
2006-05-23,7.350000,7.440000,7.280000,7.380000,5.995161,11200
2006-05-24,7.380000,7.380000,7.300000,7.370000,5.987037,4300
2006-05-25,7.380000,7.400000,7.360000,7.400000,6.011408,5600
2006-05-26,7.380000,7.450000,7.360000,7.430000,6.035778,22000
2006-05-30,7.430000,7.430000,7.290000,7.290000,5.922049,7700
2006-05-31,7.300000,7.330000,7.270000,7.330000,5.954544,9800
2006-06-01,7.330000,7.430000,7.270000,7.420000,6.027655,8800
2006-06-02,7.450000,7.450000,7.430000,7.430000,6.035778,4300
2006-06-05,7.400000,7.450000,7.360000,7.450000,6.052025,11500
2006-06-06,7.490000,7.500000,7.290000,7.380000,5.995161,9200
2006-06-07,7.380000,7.420000,7.370000,7.380000,5.995161,11500
2006-06-08,7.380000,7.450000,7.380000,7.450000,6.052025,6600
2006-06-09,7.430000,7.440000,7.420000,7.420000,6.027655,4000
2006-06-12,7.400000,7.420000,7.370000,7.400000,6.011408,20300
2006-06-13,7.380000,7.400000,7.310000,7.370000,5.987037,3600
2006-06-14,7.300000,7.300000,7.210000,7.250000,5.889554,19900
2006-06-15,7.300000,7.390000,7.220000,7.340000,5.962667,7400
2006-06-16,7.370000,7.380000,7.250000,7.380000,5.995161,1200
2006-06-19,7.380000,7.380000,7.320000,7.320000,5.946420,5500
2006-06-20,7.260000,7.280000,7.180000,7.180000,5.832690,16400
2006-06-21,7.200000,7.330000,7.200000,7.290000,5.922049,11600
2006-06-22,7.210000,7.230000,7.160000,7.160000,5.816443,12200
2006-06-23,7.200000,7.210000,7.000000,7.170000,5.824567,36600
2006-06-26,7.200000,7.300000,7.200000,7.290000,5.922049,13800
2006-06-27,7.260000,7.260000,7.200000,7.200000,5.848937,3700
2006-06-28,7.200000,7.200000,7.020000,7.020000,5.702714,21500
2006-06-29,7.010000,7.090000,7.010000,7.010000,5.694590,8300
2006-06-30,7.020000,7.180000,7.020000,7.180000,5.832690,5300
2006-07-03,7.130000,7.190000,7.130000,7.150000,5.808321,6600
2006-07-05,7.180000,7.190000,7.140000,7.150000,5.808321,4400
2006-07-06,7.180000,7.200000,7.160000,7.200000,5.848937,7700
2006-07-07,7.160000,7.220000,7.160000,7.220000,5.865183,12500
2006-07-10,7.190000,7.230000,7.170000,7.200000,5.848937,3400
2006-07-11,7.150000,7.230000,7.150000,7.160000,5.816443,3500
2006-07-12,7.200000,7.200000,7.110000,7.110000,5.775826,3700
2006-07-13,7.070000,7.080000,7.000000,7.000000,5.686466,2100
2006-07-14,7.070000,7.070000,6.910000,6.990000,5.678343,4300
2006-07-17,6.990000,6.990000,6.940000,6.940000,5.637725,4100
2006-07-18,6.930000,7.020000,6.910000,7.020000,5.702714,10700
2006-07-19,7.010000,7.100000,7.010000,7.100000,5.767702,12700
2006-07-20,7.080000,7.190000,7.060000,7.080000,5.751456,19900
2006-07-21,7.110000,7.110000,7.010000,7.080000,5.751456,2200
2006-07-24,7.050000,7.150000,6.950000,7.140000,5.800196,24300
2006-07-25,7.160000,7.160000,7.030000,7.030000,5.710837,2100
2006-07-26,7.010000,7.080000,7.010000,7.030000,5.710837,5100
2006-07-27,6.960000,7.080000,6.960000,7.030000,5.710837,9500
2006-07-28,7.040000,7.120000,7.010000,7.020000,5.702714,4400
2006-07-31,7.050000,7.050000,7.020000,7.020000,5.702714,2200
2006-08-01,7.100000,7.110000,7.000000,7.000000,5.686466,4600
2006-08-02,7.000000,7.010000,7.000000,7.000000,5.686466,2600
2006-08-03,7.000000,7.050000,6.950000,7.020000,5.702714,7700
2006-08-04,7.040000,7.090000,7.040000,7.090000,5.759578,5000
2006-08-07,7.010000,7.050000,7.010000,7.050000,5.727085,4800
2006-08-08,7.070000,7.090000,7.060000,7.060000,5.735207,1400
2006-08-09,7.090000,7.090000,7.060000,7.080000,5.751456,1500
2006-08-10,7.010000,7.080000,7.010000,7.080000,5.751456,7400
2006-08-11,7.040000,7.070000,6.950000,6.970000,5.662096,7300
2006-08-14,7.060000,7.100000,7.060000,7.080000,5.751456,9900
2006-08-15,7.060000,7.170000,7.060000,7.150000,5.808321,8800
2006-08-16,7.150000,7.190000,7.150000,7.190000,5.840814,9800
2006-08-17,7.190000,7.200000,7.150000,7.190000,5.840814,7900
2006-08-18,7.160000,7.200000,7.150000,7.190000,5.840814,7600
2006-08-21,7.140000,7.210000,7.140000,7.210000,5.857061,5700
2006-08-22,7.210000,7.230000,7.200000,7.230000,5.873309,13300
2006-08-23,7.220000,7.240000,7.210000,7.220000,5.865183,9100
2006-08-24,7.190000,7.250000,7.180000,7.250000,5.889554,14200
2006-08-25,7.240000,7.290000,7.230000,7.290000,5.922049,22800
2006-08-28,7.250000,7.280000,7.250000,7.280000,5.913926,11700
2006-08-29,7.230000,7.290000,7.220000,7.280000,5.913926,10600
2006-08-30,7.270000,7.290000,7.270000,7.280000,5.913926,8400
2006-08-31,7.290000,7.300000,7.260000,7.290000,5.922049,7300
2006-09-01,7.270000,7.320000,7.260000,7.310000,5.938296,24900
2006-09-05,7.300000,7.380000,7.300000,7.380000,5.995161,11400
2006-09-06,7.350000,7.350000,7.350000,7.350000,5.970790,400
2006-09-07,7.370000,7.390000,7.300000,7.380000,5.995161,25600
2006-09-08,7.320000,7.390000,7.320000,7.390000,6.003284,7900
2006-09-11,7.360000,7.390000,7.360000,7.390000,6.003284,4200
2006-09-12,7.390000,7.400000,7.340000,7.390000,6.003284,11900
2006-09-13,7.360000,7.400000,7.340000,7.400000,6.011408,13500
2006-09-14,7.390000,7.400000,7.350000,7.400000,6.011408,6000
2006-09-15,7.370000,7.420000,7.370000,7.420000,6.027655,11700
2006-09-18,7.400000,7.490000,7.400000,7.490000,6.084519,4000
2006-09-19,7.410000,7.470000,7.410000,7.450000,6.052025,4100
2006-09-20,7.500000,7.670000,7.500000,7.670000,6.230742,22400
2006-09-21,7.630000,7.650000,7.500000,7.600000,6.173878,8100
2006-09-22,7.560000,7.620000,7.520000,7.520000,6.108890,5300
2006-09-25,7.520000,7.520000,7.410000,7.520000,6.108890,8100
2006-09-26,7.470000,7.540000,7.420000,7.520000,6.108890,6100
2006-09-27,7.520000,7.550000,7.520000,7.550000,6.133261,12600
2006-09-28,7.530000,7.540000,7.510000,7.510000,6.100767,4200
2006-09-29,7.530000,7.570000,7.530000,7.560000,6.141384,9800
2006-10-02,7.560000,7.560000,7.510000,7.560000,6.141384,2900
2006-10-03,7.560000,7.590000,7.550000,7.560000,6.141384,9500
2006-10-04,7.590000,7.590000,7.550000,7.590000,6.165755,6200
2006-10-05,7.510000,7.550000,7.490000,7.510000,6.100767,9600
2006-10-06,7.520000,7.520000,7.370000,7.500000,6.092642,17700
2006-10-09,7.520000,7.550000,7.500000,7.550000,6.133261,9700
2006-10-10,7.550000,7.550000,7.500000,7.540000,6.125137,6100
2006-10-11,7.540000,7.540000,7.510000,7.510000,6.100767,4500
2006-10-12,7.510000,7.600000,7.510000,7.600000,6.173878,8500
2006-10-13,7.540000,7.640000,7.540000,7.640000,6.206372,19200
2006-10-16,7.650000,7.650000,7.600000,7.650000,6.214496,15800
2006-10-17,7.640000,7.650000,7.570000,7.650000,6.214496,16400
2006-10-18,7.620000,7.620000,7.580000,7.610000,6.182002,15900
2006-10-19,7.600000,7.600000,7.580000,7.580000,6.157630,11100
2006-10-20,7.590000,7.650000,7.590000,7.610000,6.182002,4100
2006-10-23,7.670000,7.940000,7.670000,7.920000,6.433831,57200
2006-10-24,8.660000,8.660000,7.870000,7.900000,6.417584,39400
2006-10-25,7.900000,7.910000,7.820000,7.910000,6.425708,40700
2006-10-26,7.900000,8.040000,7.900000,8.040000,6.531313,25700
2006-10-27,8.050000,8.070000,7.970000,8.000000,6.498819,34100
2006-10-30,8.000000,8.130000,7.950000,8.130000,6.604425,36300
2006-10-31,8.130000,8.160000,8.110000,8.110000,6.588178,13600
2006-11-01,8.060000,8.120000,8.030000,8.080000,6.563807,23900
2006-11-02,8.100000,8.110000,8.060000,8.100000,6.580054,4400
2006-11-03,7.970000,8.010000,7.970000,8.000000,6.600682,9600
2006-11-06,8.080000,8.080000,8.000000,8.040000,6.633686,27300
2006-11-07,8.030000,8.040000,8.010000,8.010000,6.608932,7200
2006-11-08,8.050000,8.090000,7.950000,8.010000,6.608932,15700
2006-11-09,8.000000,8.000000,7.900000,7.940000,6.551177,28000
2006-11-10,7.970000,7.980000,7.870000,7.980000,6.584180,54300
2006-11-13,7.950000,8.010000,7.940000,8.000000,6.600682,52600
2006-11-14,8.010000,8.010000,8.000000,8.000000,6.600682,7100
2006-11-15,8.200000,8.580000,8.060000,8.140000,6.716194,400000
2006-11-16,8.150000,8.150000,8.010000,8.130000,6.707942,148400
2006-11-17,8.090000,8.110000,7.940000,8.050000,6.641936,109500
2006-11-20,8.020000,8.070000,7.990000,8.010000,6.608932,71700
2006-11-21,7.960000,8.180000,7.950000,8.180000,6.749198,36200
2006-11-22,8.160000,8.160000,7.950000,8.100000,6.683191,75200
2006-11-24,8.090000,8.200000,8.090000,8.110000,6.691440,3100
2006-11-27,8.120000,8.140000,8.030000,8.070000,6.658437,23800
2006-11-28,8.020000,8.070000,7.970000,8.020000,6.617184,16900
2006-11-29,8.020000,8.030000,7.980000,8.010000,6.608932,23600
2006-11-30,8.030000,8.110000,8.010000,8.060000,6.650187,18200
2006-12-01,8.060000,8.070000,7.970000,8.030000,6.625434,14800
2006-12-04,8.050000,8.090000,8.030000,8.070000,6.658437,13400
2006-12-05,8.090000,8.130000,8.040000,8.110000,6.691440,26600
2006-12-06,8.060000,8.110000,8.040000,8.100000,6.683191,22100
2006-12-07,8.060000,8.150000,8.030000,8.150000,6.724443,35900
2006-12-08,8.140000,8.250000,8.140000,8.230000,6.790452,34900
2006-12-11,8.220000,8.240000,8.190000,8.240000,6.798702,26400
2006-12-12,8.190000,8.440000,8.190000,8.440000,6.963718,34100
2006-12-13,8.400000,8.470000,8.350000,8.470000,6.988472,25100
2006-12-14,8.420000,8.530000,8.380000,8.530000,7.037977,40600
2006-12-15,8.440000,8.520000,8.410000,8.460000,6.980220,21100
2006-12-18,8.470000,8.500000,8.400000,8.470000,6.988472,17300
2006-12-19,8.500000,8.550000,8.400000,8.450000,6.971970,33200
2006-12-20,8.420000,8.460000,8.400000,8.460000,6.980220,28400
2006-12-21,8.380000,8.550000,8.310000,8.430000,6.955469,51000
2006-12-22,8.450000,8.450000,8.380000,8.450000,6.971970,14500
2006-12-26,8.420000,8.460000,8.410000,8.460000,6.980220,12500
2006-12-27,8.400000,8.450000,8.400000,8.440000,6.963718,10400
2006-12-28,8.440000,8.500000,8.440000,8.450000,6.971970,1900
2006-12-29,9.140000,9.140000,8.380000,8.540000,7.046227,25300
2007-01-03,8.540000,8.540000,8.400000,8.500000,7.013225,24700
2007-01-04,8.470000,8.500000,8.400000,8.410000,6.938967,22400
2007-01-05,8.440000,8.460000,8.380000,8.380000,6.914214,25200
2007-01-08,8.380000,8.460000,8.360000,8.450000,6.971970,18700
2007-01-09,8.440000,8.460000,8.360000,8.440000,6.963718,7600
2007-01-10,8.380000,8.460000,8.360000,8.450000,6.971970,10900
2007-01-11,8.400000,8.480000,8.400000,8.450000,6.971970,7900
2007-01-12,8.440000,8.450000,8.360000,8.370000,6.905963,35200
2007-01-16,8.360000,8.490000,8.360000,8.410000,6.938967,28800
2007-01-17,8.420000,8.460000,8.360000,8.370000,6.905963,21800
2007-01-18,8.370000,8.400000,8.340000,8.400000,6.930716,27400
2007-01-19,8.330000,8.430000,8.320000,8.350000,6.889462,15600
2007-01-22,8.430000,8.430000,8.330000,8.350000,6.889462,34900
2007-01-23,8.370000,8.390000,8.340000,8.370000,6.905963,21600
2007-01-24,8.360000,8.370000,8.200000,8.350000,6.889462,69300
2007-01-25,8.350000,8.350000,8.260000,8.290000,6.839956,34600
2007-01-26,8.310000,8.310000,8.260000,8.300000,6.848208,26400
2007-01-29,8.280000,8.350000,8.270000,8.300000,6.848208,24000
2007-01-30,8.330000,8.350000,8.300000,8.310000,6.856458,22300
2007-01-31,8.290000,8.350000,8.290000,8.310000,6.856458,6700
2007-02-01,8.310000,8.370000,8.290000,8.350000,6.889462,10400
2007-02-02,8.360000,8.490000,8.350000,8.460000,6.980220,20400
2007-02-05,8.470000,8.540000,8.460000,8.490000,7.004973,7900
2007-02-06,8.500000,8.650000,8.300000,8.550000,7.054479,18000
2007-02-07,8.550000,8.740000,8.550000,8.710000,7.186492,13700
2007-02-08,8.700000,8.800000,8.660000,8.800000,7.260750,17700
2007-02-09,8.850000,8.850000,8.740000,8.740000,7.211245,11200
2007-02-12,8.790000,8.850000,8.760000,8.810000,7.269001,27800
2007-02-13,8.850000,8.850000,8.610000,8.660000,7.145237,26200
2007-02-14,8.690000,8.740000,8.600000,8.690000,7.169989,10200
2007-02-15,8.660000,8.740000,8.660000,8.700000,7.178242,26700
2007-02-16,8.690000,8.760000,8.650000,8.670000,7.153488,12600
2007-02-20,8.700000,8.700000,8.610000,8.660000,7.145237,26800
2007-02-21,8.590000,8.620000,8.490000,8.600000,7.095733,33400
2007-02-22,8.470000,8.560000,8.400000,8.560000,7.166900,25400
2007-02-23,8.510000,8.620000,8.400000,8.550000,7.158527,26700
2007-02-26,8.540000,8.580000,8.400000,8.580000,7.183644,28000
2007-02-27,8.480000,8.480000,8.390000,8.420000,7.049683,19400
2007-02-28,8.350000,8.540000,8.350000,8.500000,7.116664,20900
2007-03-01,8.460000,8.530000,8.450000,8.500000,7.116664,3900
2007-03-02,8.500000,8.510000,8.470000,8.510000,7.125036,10000
2007-03-05,8.440000,8.550000,8.390000,8.490000,7.108292,17300
2007-03-06,8.480000,8.550000,8.460000,8.550000,7.158527,9100
2007-03-07,8.510000,8.570000,8.510000,8.530000,7.141782,8900
2007-03-08,8.570000,8.570000,8.480000,8.510000,7.125036,4500
2007-03-09,8.520000,8.580000,8.510000,8.530000,7.141782,13300
2007-03-12,8.530000,8.790000,8.530000,8.790000,7.359468,9100
2007-03-13,8.750000,8.760000,8.650000,8.690000,7.275742,13600
2007-03-14,8.740000,8.740000,8.470000,8.580000,7.183644,26300
2007-03-15,8.520000,8.550000,8.420000,8.440000,7.066428,19700
2007-03-16,8.430000,8.530000,8.430000,8.500000,7.116664,12600
2007-03-19,8.510000,8.790000,8.510000,8.750000,7.325978,11200
2007-03-20,8.720000,8.730000,8.650000,8.670000,7.258997,8000
2007-03-21,8.720000,8.780000,8.650000,8.680000,7.267370,16100
2007-03-22,8.680000,8.700000,8.670000,8.700000,7.284115,13600
2007-03-23,8.720000,8.720000,8.470000,8.640000,7.233881,17200
2007-03-26,8.580000,8.660000,8.550000,8.610000,7.208762,8700
2007-03-27,8.720000,8.740000,8.660000,8.720000,7.300860,14100
2007-03-28,8.700000,8.700000,8.650000,8.700000,7.284115,1300
2007-03-29,8.700000,8.850000,8.670000,8.700000,7.284115,13000
2007-03-30,8.700000,8.750000,8.670000,8.750000,7.325978,12800
2007-04-02,8.680000,8.880000,8.680000,8.880000,7.434821,17900
2007-04-03,8.900000,8.970000,8.890000,8.970000,7.510174,27500
2007-04-04,8.990000,9.090000,8.980000,9.080000,7.602272,21000
2007-04-05,9.100000,9.110000,9.000000,9.100000,7.619017,13900
2007-04-09,9.100000,9.100000,9.000000,9.100000,7.619017,18400
2007-04-10,9.060000,9.150000,9.030000,9.070000,7.593899,15500
2007-04-11,9.100000,9.300000,9.080000,9.140000,7.652507,11700
2007-04-12,9.200000,9.230000,9.070000,9.150000,7.660879,8600
2007-04-13,9.190000,9.240000,9.120000,9.180000,7.685997,6900
2007-04-16,9.250000,9.320000,9.190000,9.300000,7.786469,38900
2007-04-17,9.350000,9.350000,9.030000,9.150000,7.660879,10700
2007-04-18,9.060000,9.160000,9.020000,9.160000,7.669251,8100
2007-04-19,9.150000,9.190000,9.120000,9.150000,7.660879,6300
2007-04-20,9.160000,9.180000,9.050000,9.100000,7.619017,18000
2007-04-23,9.100000,9.110000,9.050000,9.100000,7.619017,14700
2007-04-24,9.070000,9.100000,9.050000,9.100000,7.619017,5600
2007-04-25,9.110000,9.150000,9.060000,9.120000,7.635762,9900
2007-04-26,9.100000,9.110000,9.020000,9.020000,7.552036,12600
2007-04-27,9.050000,9.080000,9.050000,9.080000,7.602272,2400
2007-04-30,9.080000,9.080000,9.000000,9.060000,7.585526,6600
2007-05-01,9.060000,9.090000,9.000000,9.090000,7.610646,14300
2007-05-02,9.100000,9.130000,9.070000,9.130000,7.644135,13000
2007-05-03,9.080000,9.200000,9.070000,9.200000,7.702743,14900
2007-05-04,9.180000,9.210000,9.160000,9.170000,7.677624,8600
2007-05-07,9.190000,9.190000,9.040000,9.120000,7.635762,26800
2007-05-08,9.040000,9.100000,9.020000,9.030000,7.560409,22300
2007-05-09,9.000000,9.050000,9.000000,9.050000,7.577156,12600
2007-05-10,8.970000,9.010000,8.900000,8.920000,7.468311,7800
2007-05-11,8.940000,8.990000,8.940000,8.980000,7.518546,5700
2007-05-14,8.990000,9.070000,8.980000,9.010000,7.543664,8600
2007-05-15,9.030000,9.090000,9.030000,9.050000,7.577156,7100
2007-05-16,9.040000,9.120000,9.010000,9.120000,7.635762,22400
2007-05-17,9.050000,9.050000,8.890000,9.000000,7.640006,13900
2007-05-18,8.950000,9.000000,8.930000,9.000000,7.640006,6000
2007-05-21,8.970000,8.970000,8.720000,8.920000,7.572095,42800
2007-05-22,8.900000,8.900000,8.780000,8.820000,7.487206,18400
2007-05-23,8.820000,8.900000,8.720000,8.850000,7.512673,19300
2007-05-24,8.890000,8.890000,8.370000,8.720000,7.402318,22100
2007-05-25,8.750000,8.770000,8.620000,8.650000,7.342895,23700
2007-05-29,8.600000,8.660000,8.520000,8.660000,7.351384,34300
2007-05-30,8.650000,8.690000,8.570000,8.630000,7.325918,12100
2007-05-31,8.690000,8.800000,8.640000,8.800000,7.470229,9700
2007-06-01,8.850000,8.900000,8.850000,8.880000,7.538140,2800
2007-06-04,8.890000,8.920000,8.830000,8.920000,7.572095,6300
2007-06-05,8.920000,9.000000,8.850000,8.950000,7.597562,14800
2007-06-06,8.850000,8.900000,8.800000,8.850000,7.512673,8200
2007-06-07,8.910000,8.940000,8.700000,8.700000,7.385340,6800
2007-06-08,8.650000,8.780000,8.650000,8.750000,7.427784,11200
2007-06-11,8.700000,8.840000,8.700000,8.840000,7.504184,8200
2007-06-12,8.740000,8.750000,8.640000,8.690000,7.376850,6900
2007-06-13,8.690000,8.820000,8.500000,8.820000,7.487206,15700
2007-06-14,8.820000,8.990000,8.820000,8.890000,7.546629,12400
2007-06-15,8.950000,8.990000,8.790000,8.790000,7.461740,17700
2007-06-18,8.800000,8.850000,8.770000,8.850000,7.512673,1200
2007-06-19,8.750000,8.830000,8.600000,8.830000,7.495696,10600
2007-06-20,8.900000,8.910000,8.800000,8.800000,7.470229,7900
2007-06-21,8.800000,8.800000,8.600000,8.650000,7.342895,2000
2007-06-22,8.700000,8.740000,8.540000,8.590000,7.291962,22900
2007-06-25,8.600000,8.610000,8.520000,8.600000,7.300451,15100
2007-06-26,8.550000,8.550000,8.450000,8.490000,7.207073,18800
2007-06-27,8.500000,8.550000,7.970000,8.510000,7.224051,11800
2007-06-28,8.560000,8.640000,8.470000,8.610000,7.308939,3600
2007-06-29,8.660000,8.950000,8.620000,8.950000,7.597562,11400
2007-07-02,8.700000,8.790000,8.650000,8.720000,7.402318,16700
2007-07-03,8.880000,8.880000,8.770000,8.770000,7.444762,9600
2007-07-05,8.830000,8.830000,8.720000,8.830000,7.495696,6000
2007-07-06,8.800000,8.850000,8.800000,8.810000,7.478718,3700
2007-07-09,8.820000,8.850000,8.780000,8.850000,7.512673,9200
2007-07-10,8.750000,8.840000,8.700000,8.750000,7.427784,5500
2007-07-11,8.750000,8.750000,8.710000,8.730000,7.410806,6600
2007-07-12,8.700000,8.790000,8.600000,8.790000,7.461740,19100
2007-07-13,8.630000,8.790000,8.550000,8.740000,7.419296,19800
2007-07-16,8.750000,8.750000,8.640000,8.660000,7.351384,6400
2007-07-17,8.600000,8.690000,8.590000,8.690000,7.376850,8200
2007-07-18,8.690000,8.690000,8.580000,8.580000,7.283473,4800
2007-07-19,8.520000,8.800000,8.520000,8.720000,7.402318,15700
2007-07-20,8.600000,8.800000,8.560000,8.670000,7.359873,11300
2007-07-23,8.600000,8.700000,8.580000,8.620000,7.317427,8600
2007-07-24,8.620000,8.740000,8.530000,8.540000,7.249516,10500
2007-07-25,8.600000,8.640000,8.510000,8.580000,7.283473,14200
2007-07-26,8.530000,8.530000,8.150000,8.270000,7.020317,26000
2007-07-27,8.220000,8.240000,8.180000,8.240000,6.994851,800
2007-07-30,8.100000,8.600000,8.060000,8.240000,6.994851,13400
2007-07-31,8.240000,8.440000,8.100000,8.380000,7.113695,7500
2007-08-01,8.290000,8.700000,8.100000,8.700000,7.385340,17100
2007-08-02,8.600000,8.670000,8.420000,8.670000,7.359873,21900
2007-08-03,8.500000,8.590000,8.220000,8.450000,7.173117,14800
2007-08-06,8.010000,8.270000,8.010000,8.270000,7.020317,16600
2007-08-07,8.150000,8.350000,8.110000,8.350000,7.088229,15400
2007-08-08,8.400000,8.400000,8.060000,8.310000,7.054273,13800
2007-08-09,8.290000,8.440000,8.260000,8.440000,7.164628,8000
2007-08-10,8.420000,8.430000,8.200000,8.290000,7.037295,8100
2007-08-13,8.200000,8.300000,8.160000,8.300000,7.045784,17800
2007-08-14,8.160000,8.270000,8.010000,8.190000,6.952405,14900
2007-08-15,7.750000,7.750000,7.290000,7.500000,6.366672,82600
2007-08-16,7.600000,7.600000,6.790000,7.000000,5.942228,65200
2007-08-17,7.200000,7.320000,7.130000,7.130000,6.162630,11800
2007-08-20,7.200000,7.580000,7.100000,7.360000,6.361424,18300
2007-08-21,7.170000,7.350000,7.170000,7.350000,6.352781,13100
2007-08-22,7.300000,7.700000,7.300000,7.700000,6.655294,18500
2007-08-23,7.640000,7.640000,7.500000,7.590000,6.560219,10900
2007-08-24,7.650000,7.860000,7.540000,7.580000,6.551575,9100
2007-08-27,7.580000,7.580000,7.500000,7.500000,6.482430,14400
2007-08-28,7.500000,7.520000,7.410000,7.500000,6.482430,6200
2007-08-29,7.610000,7.900000,7.400000,7.900000,6.828159,7800
2007-08-30,7.950000,7.980000,7.750000,7.950000,6.871376,5900
2007-08-31,7.900000,8.090000,7.900000,8.090000,6.992381,10800
2007-09-04,8.000000,8.150000,7.940000,8.020000,6.931879,21500
2007-09-05,7.950000,7.990000,7.840000,7.870000,6.802230,7200
2007-09-06,7.960000,8.100000,7.870000,8.030000,6.940521,8700
2007-09-07,7.900000,7.900000,7.600000,7.790000,6.733084,6200
2007-09-10,7.860000,7.870000,7.500000,7.790000,6.733084,8800
2007-09-11,7.830000,7.830000,7.750000,7.770000,6.715797,700
2007-09-12,7.630000,7.920000,7.550000,7.920000,6.845446,12200
2007-09-13,7.830000,7.980000,7.830000,7.980000,6.897305,9700
2007-09-14,7.910000,7.940000,7.600000,7.750000,6.698510,13400
2007-09-17,7.680000,7.700000,7.550000,7.640000,6.603435,9600
2007-09-18,7.650000,7.820000,7.610000,7.760000,6.707154,9500
2007-09-19,7.800000,7.890000,7.540000,7.690000,6.646652,8300
2007-09-20,7.590000,7.770000,7.570000,7.580000,6.551575,10600
2007-09-21,7.660000,7.800000,7.580000,7.640000,6.603435,12300
2007-09-24,7.640000,7.800000,7.640000,7.660000,6.620721,3200
2007-09-25,7.720000,7.800000,7.600000,7.740000,6.689867,15300
2007-09-26,7.870000,7.870000,7.600000,7.600000,6.568862,19300
2007-09-27,7.620000,7.690000,7.570000,7.580000,6.551575,45200
2007-09-28,7.670000,7.670000,7.500000,7.630000,6.594792,11800
2007-10-01,7.610000,7.670000,7.600000,7.670000,6.629364,6000
2007-10-02,7.680000,7.720000,7.670000,7.720000,6.672581,4600
2007-10-03,7.670000,7.750000,7.670000,7.710000,6.663938,4400
2007-10-04,7.740000,7.750000,7.600000,7.610000,6.577506,13700
2007-10-05,7.550000,7.600000,7.530000,7.600000,6.568862,7000
2007-10-08,7.650000,7.650000,7.350000,7.500000,6.482430,39100
2007-10-09,7.450000,7.540000,7.250000,7.450000,6.439214,10600
2007-10-10,7.590000,7.590000,7.370000,7.370000,6.370068,7700
2007-10-11,7.450000,7.560000,7.440000,7.490000,6.473787,11300
2007-10-12,7.420000,7.590000,7.400000,7.500000,6.482430,5600
2007-10-15,7.310000,7.400000,7.310000,7.390000,6.387354,15500
2007-10-16,7.300000,7.300000,7.200000,7.290000,6.300922,11800
2007-10-17,7.250000,7.290000,7.200000,7.250000,6.266349,6000
2007-10-18,7.270000,7.450000,7.100000,7.150000,6.179916,15600
2007-10-19,7.100000,7.220000,7.000000,7.110000,6.145343,18300
2007-10-22,7.030000,7.140000,6.980000,6.980000,6.032981,30200
2007-10-23,7.150000,7.180000,6.980000,7.050000,6.093484,21800
2007-10-24,6.980000,7.000000,6.980000,6.990000,6.041625,3300
2007-10-25,6.980000,7.010000,6.950000,6.950000,6.007051,23500
2007-10-26,6.950000,6.980000,6.840000,6.840000,5.911976,23600
2007-10-29,6.800000,6.800000,6.690000,6.690000,5.782328,29100
2007-10-30,6.690000,6.780000,6.600000,6.600000,5.704538,26400
2007-10-31,6.670000,6.850000,6.650000,6.730000,5.816900,8400
2007-11-01,6.800000,6.870000,6.660000,6.830000,5.903333,9400
2007-11-02,6.800000,6.890000,6.760000,6.880000,5.946549,5700
2007-11-05,6.750000,6.800000,6.750000,6.750000,5.834187,8100
2007-11-06,6.780000,6.840000,6.750000,6.840000,5.911976,5500
2007-11-07,6.750000,6.750000,6.600000,6.650000,5.747755,9900
2007-11-08,6.620000,6.660000,6.360000,6.530000,5.644035,33500
2007-11-09,6.290000,6.630000,6.290000,6.530000,5.644035,7700
2007-11-12,6.530000,6.600000,6.210000,6.420000,5.548960,14600
2007-11-13,6.030000,6.630000,6.030000,6.630000,5.730468,12800
2007-11-14,6.640000,6.800000,6.370000,6.400000,5.531674,13000
2007-11-15,6.370000,6.370000,6.210000,6.210000,5.474373,7800
2007-11-16,6.210000,6.290000,6.210000,6.290000,5.544896,6300
2007-11-19,6.200000,6.300000,6.140000,6.160000,5.430296,9900
2007-11-20,6.290000,6.300000,6.150000,6.160000,5.430296,6800
2007-11-21,5.990000,6.210000,5.990000,6.200000,5.465558,5200
2007-11-23,6.150000,6.290000,6.000000,6.000000,5.289249,8300
2007-11-26,6.000000,6.160000,5.990000,6.100000,5.377403,15600
2007-11-27,6.050000,6.130000,6.000000,6.040000,5.324511,21000
2007-11-28,6.040000,6.590000,6.040000,6.240000,5.500819,53800
2007-11-29,6.160000,6.290000,6.160000,6.250000,5.509634,8800
2007-11-30,6.280000,6.380000,6.260000,6.350000,5.597789,17400
2007-12-03,6.330000,6.330000,6.210000,6.260000,5.518451,15100
2007-12-04,6.300000,6.300000,6.160000,6.270000,5.527266,9800
2007-12-05,6.220000,6.310000,6.160000,6.170000,5.439112,21400
2007-12-06,6.160000,6.160000,6.080000,6.090000,5.368588,24700
2007-12-07,6.090000,6.130000,6.080000,6.110000,5.386219,10400
2007-12-10,6.110000,6.250000,6.080000,6.170000,5.439112,27400
2007-12-11,6.090000,6.090000,6.010000,6.050000,5.333327,54100
2007-12-12,6.010000,6.070000,6.000000,6.000000,5.289249,17800
2007-12-13,6.000000,6.100000,5.930000,6.020000,5.306880,30900
2007-12-14,5.990000,6.070000,5.990000,6.020000,5.306880,10300
2007-12-17,6.020000,6.020000,5.940000,5.970000,5.262803,26700
2007-12-18,6.020000,6.050000,5.930000,5.930000,5.227541,23000
2007-12-19,5.940000,6.110000,5.910000,6.030000,5.315696,24400
2007-12-20,6.030000,6.300000,5.910000,6.150000,5.421481,37500
2007-12-21,6.090000,6.150000,5.840000,6.150000,5.421481,22100
2007-12-24,6.010000,6.200000,6.010000,6.160000,5.430296,28700
2007-12-26,6.200000,6.350000,6.080000,6.190000,5.456743,16200
2007-12-27,6.120000,6.180000,5.990000,6.180000,5.447927,40000
2007-12-28,6.170000,6.250000,6.150000,6.190000,5.456743,9000
2007-12-31,6.170000,6.420000,6.170000,6.310000,5.562528,24100
2008-01-02,6.410000,6.450000,6.320000,6.450000,5.685943,15600
2008-01-03,6.360000,6.670000,6.360000,6.640000,5.853436,6900
2008-01-04,6.590000,6.660000,6.240000,6.590000,5.809359,28800
2008-01-07,6.690000,6.740000,6.640000,6.690000,5.897513,9000
2008-01-08,6.680000,6.690000,6.210000,6.600000,5.818174,9700
2008-01-09,6.550000,6.570000,6.260000,6.340000,5.588974,12900
2008-01-10,6.300000,6.300000,6.200000,6.210000,5.474373,9700
2008-01-11,6.200000,6.270000,6.200000,6.260000,5.518451,7200
2008-01-14,6.250000,6.260000,6.200000,6.250000,5.509634,12000
2008-01-15,6.250000,6.250000,6.190000,6.190000,5.456743,6800
2008-01-16,6.160000,6.230000,6.150000,6.200000,5.465558,22600
2008-01-17,6.170000,6.170000,6.150000,6.150000,5.421481,28700
2008-01-18,6.150000,6.250000,6.150000,6.150000,5.421481,8900
2008-01-22,5.920000,6.020000,5.700000,5.830000,5.139387,28300
2008-01-23,5.820000,5.860000,5.610000,5.710000,5.033602,5900
2008-01-24,5.770000,5.990000,5.750000,5.880000,5.183465,3100
2008-01-25,5.950000,5.990000,5.610000,5.870000,5.174649,5000
2008-01-28,5.800000,5.840000,5.770000,5.820000,5.130572,11100
2008-01-29,5.880000,5.920000,5.880000,5.900000,5.201096,3100
2008-01-30,5.900000,5.900000,5.750000,5.790000,5.104125,8400
2008-01-31,5.750000,6.190000,5.750000,6.060000,5.342142,18900
2008-02-01,6.000000,6.230000,5.950000,5.960000,5.253988,9300
2008-02-04,6.010000,6.080000,5.940000,6.020000,5.306880,10500
2008-02-05,5.960000,6.040000,5.940000,5.970000,5.262803,3800
2008-02-06,5.970000,6.170000,5.950000,6.150000,5.421481,9000
2008-02-07,6.150000,6.220000,6.120000,6.150000,5.421481,3300
2008-02-08,6.190000,6.310000,6.140000,6.140000,5.412665,4300
2008-02-11,6.140000,6.250000,6.080000,6.200000,5.465558,19100
2008-02-12,6.250000,6.310000,6.150000,6.150000,5.421481,11800
2008-02-13,6.130000,6.150000,6.030000,6.140000,5.412665,10900
2008-02-14,6.150000,6.900000,6.140000,6.550000,5.774098,132000
2008-02-15,6.600000,6.950000,6.600000,6.930000,6.109083,54500
2008-02-19,6.950000,7.050000,6.750000,6.750000,5.950406,25000
2008-02-20,7.020000,7.220000,6.830000,7.130000,6.285392,53100
2008-02-21,7.150000,7.190000,7.020000,7.020000,6.188421,9600
2008-02-22,7.000000,7.010000,6.820000,7.000000,6.170791,8500
2008-02-25,6.990000,7.030000,6.990000,7.010000,6.179606,2800
2008-02-26,7.670000,7.670000,7.000000,7.000000,6.170791,14500
2008-02-27,6.750000,6.890000,6.750000,6.890000,6.214083,4300
2008-02-28,6.900000,6.960000,6.900000,6.940000,6.259177,8400
2008-02-29,6.840000,6.980000,6.740000,6.750000,6.087817,17500
2008-03-03,6.760000,6.800000,6.760000,6.800000,6.132912,5300
2008-03-04,6.900000,6.950000,6.800000,6.850000,6.178006,7200
2008-03-05,6.850000,6.950000,6.780000,6.940000,6.259177,5200
2008-03-06,6.840000,6.900000,6.840000,6.900000,6.223101,2300
2008-03-07,6.760000,6.940000,6.750000,6.770000,6.105855,2600
2008-03-10,6.810000,6.810000,6.720000,6.720000,6.060760,10000
2008-03-11,6.800000,6.900000,6.800000,6.880000,6.205063,6100
2008-03-12,6.920000,6.980000,6.830000,6.870000,6.196044,4200
2008-03-13,6.840000,6.850000,6.720000,6.850000,6.178006,15300
2008-03-14,6.940000,6.960000,6.820000,6.870000,6.196044,11300
2008-03-17,6.630000,6.690000,6.510000,6.520000,5.880379,23700
2008-03-18,6.520000,6.600000,6.510000,6.540000,5.898417,3900
2008-03-19,6.560000,6.600000,6.530000,6.530000,5.889400,3700
2008-03-20,6.540000,6.670000,6.350000,6.570000,5.925475,6200
2008-03-24,6.680000,6.830000,6.380000,6.740000,6.078797,21100
2008-03-25,6.700000,6.870000,6.700000,6.720000,6.060760,10300
2008-03-26,6.730000,6.750000,6.600000,6.710000,6.051741,9500
2008-03-27,6.800000,6.800000,6.510000,6.510000,5.871361,3300
2008-03-28,6.610000,6.630000,6.510000,6.510000,5.871361,11500
2008-03-31,6.540000,6.780000,6.540000,6.750000,6.087817,28000
2008-04-01,6.850000,6.850000,6.650000,6.750000,6.087817,9600
2008-04-02,6.830000,6.830000,6.750000,6.750000,6.087817,7600
2008-04-03,6.740000,6.760000,6.710000,6.750000,6.087817,8000
2008-04-04,6.860000,6.940000,6.750000,6.920000,6.241139,11600
2008-04-07,6.980000,7.000000,6.840000,7.000000,6.313292,15300
2008-04-08,7.000000,7.050000,6.920000,6.980000,6.295254,11100
2008-04-09,6.970000,7.050000,6.950000,6.960000,6.277215,3200
2008-04-10,6.960000,7.000000,6.950000,6.950000,6.268196,3000
2008-04-11,6.950000,7.100000,6.900000,6.950000,6.268196,9300
2008-04-14,7.030000,7.050000,6.360000,6.820000,6.150949,11100
2008-04-15,6.950000,7.090000,6.760000,6.970000,6.286234,28300
2008-04-16,7.040000,7.040000,6.880000,6.930000,6.250158,14600
2008-04-17,6.930000,6.990000,6.930000,6.980000,6.295254,2700
2008-04-18,7.000000,7.000000,6.930000,6.930000,6.250158,5900
2008-04-21,6.840000,6.940000,6.840000,6.880000,6.205063,8300
2008-04-22,6.900000,6.900000,6.690000,6.800000,6.132912,11000
2008-04-23,6.760000,6.880000,6.730000,6.880000,6.205063,13200
2008-04-24,6.830000,7.070000,6.730000,6.960000,6.277215,17500
2008-04-25,6.910000,6.960000,6.890000,6.920000,6.241139,3500
2008-04-28,6.950000,7.000000,6.800000,6.910000,6.232120,13300
2008-04-29,6.930000,6.970000,6.870000,6.870000,6.196044,6600
2008-04-30,6.940000,6.970000,6.850000,6.880000,6.205063,2100
2008-05-01,6.920000,6.970000,6.920000,6.930000,6.250158,2100
2008-05-02,7.030000,7.050000,6.910000,6.910000,6.232120,4900
2008-05-05,6.900000,7.030000,6.900000,6.920000,6.241139,5200
2008-05-06,6.910000,6.940000,6.850000,6.890000,6.214083,6900
2008-05-07,6.850000,6.950000,6.600000,6.780000,6.114873,17600
2008-05-08,6.800000,6.870000,6.800000,6.860000,6.187026,4500
2008-05-09,6.860000,6.860000,6.800000,6.830000,6.159968,11000
2008-05-12,6.800000,6.860000,6.750000,6.840000,6.168987,19800
2008-05-13,6.910000,7.150000,6.790000,6.980000,6.295254,24600
2008-05-14,7.000000,7.120000,6.850000,7.100000,6.403481,21500
2008-05-15,7.100000,7.200000,7.100000,7.200000,6.493670,11200
2008-05-16,7.250000,7.420000,7.240000,7.320000,6.601899,15400
2008-05-19,7.270000,7.410000,7.040000,7.310000,6.592880,10000
2008-05-20,7.210000,7.250000,7.180000,7.250000,6.538765,3400
2008-05-21,7.210000,7.250000,7.050000,7.110000,6.412500,30300
2008-05-22,7.080000,7.330000,6.870000,7.240000,6.678150,79600
2008-05-23,7.170000,7.310000,7.000000,7.180000,6.622807,92800
2008-05-27,7.170000,7.250000,6.880000,7.110000,6.558239,65300
2008-05-28,7.100000,7.100000,6.860000,6.970000,6.429103,33300
2008-05-29,6.890000,7.000000,6.890000,6.950000,6.410655,4800
2008-05-30,6.930000,7.110000,6.870000,7.110000,6.558239,34700
2008-06-02,7.060000,7.110000,7.060000,7.110000,6.558239,4800
2008-06-03,7.110000,7.200000,7.040000,7.140000,6.585910,8100
2008-06-04,7.090000,7.090000,6.930000,7.000000,6.456775,12700
2008-06-05,6.990000,7.000000,6.860000,6.870000,6.336864,16900
2008-06-06,6.850000,7.090000,6.670000,6.880000,6.346087,40200
2008-06-09,6.840000,7.090000,6.720000,6.800000,6.272296,4600
2008-06-10,6.790000,7.270000,6.790000,6.910000,6.373759,3900
2008-06-11,6.900000,7.200000,6.900000,7.090000,6.539791,24700
2008-06-12,7.090000,7.200000,7.010000,7.200000,6.641254,5000
2008-06-13,7.160000,7.160000,7.100000,7.100000,6.549014,2600
2008-06-16,7.170000,7.200000,7.010000,7.010000,6.465999,5400
2008-06-17,7.000000,7.080000,6.980000,6.980000,6.438327,10900
2008-06-18,7.000000,7.080000,6.950000,7.070000,6.521343,19100
2008-06-19,7.030000,7.030000,7.000000,7.000000,6.456775,5400
2008-06-20,7.030000,7.210000,7.000000,7.010000,6.465999,24600
2008-06-23,7.080000,7.160000,7.000000,7.000000,6.456775,19800
2008-06-24,7.020000,7.160000,7.000000,7.000000,6.456775,12600
2008-06-25,7.020000,7.090000,7.020000,7.090000,6.539791,3700
2008-06-26,7.130000,7.150000,7.050000,7.050000,6.502895,5100
2008-06-27,7.060000,7.180000,7.060000,7.060000,6.512118,21300
2008-06-30,7.020000,7.090000,7.010000,7.010000,6.465999,13000
2008-07-01,7.010000,7.150000,6.960000,6.960000,6.419879,18600
2008-07-02,7.030000,7.090000,6.950000,6.950000,6.410655,9600
2008-07-03,6.950000,7.000000,6.900000,7.000000,6.456775,4600
2008-07-07,6.960000,7.050000,6.890000,6.930000,6.392207,17800
2008-07-08,6.930000,6.930000,6.700000,6.770000,6.244624,13800
2008-07-09,6.720000,7.070000,6.630000,7.070000,6.521343,29300
2008-07-10,7.070000,7.200000,6.510000,7.140000,6.585910,17300
2008-07-11,7.000000,7.390000,6.750000,6.830000,6.299967,29800
2008-07-14,7.090000,7.340000,6.800000,7.070000,6.521343,30200
2008-07-15,6.910000,7.030000,6.450000,7.030000,6.484447,14800
2008-07-16,7.000000,7.000000,6.430000,6.800000,6.272296,22600
2008-07-17,6.730000,6.900000,6.700000,6.790000,6.263072,5500
2008-07-18,6.850000,6.850000,6.650000,6.810000,6.281519,5000
2008-07-21,6.710000,6.730000,6.440000,6.730000,6.207728,5200
2008-07-22,6.740000,6.900000,6.740000,6.820000,6.290744,4900
2008-07-23,6.940000,6.970000,6.850000,6.850000,6.318415,4900
2008-07-24,6.840000,6.990000,6.840000,6.900000,6.364536,6300
2008-07-25,6.850000,7.080000,6.820000,6.900000,6.364536,40400
2008-07-28,7.020000,7.340000,7.020000,7.150000,6.595135,18200
2008-07-29,7.170000,7.170000,6.890000,7.020000,6.475223,66200
2008-07-30,7.080000,7.130000,6.920000,6.990000,6.447551,19400
2008-07-31,7.100000,7.200000,6.950000,7.010000,6.465999,63800
2008-08-01,7.040000,7.120000,7.040000,7.110000,6.558239,4400
2008-08-04,7.290000,7.290000,7.050000,7.120000,6.567463,19300
2008-08-05,7.130000,7.240000,7.130000,7.190000,6.632030,13900
2008-08-06,7.190000,7.330000,7.060000,7.150000,6.595135,24100
2008-08-07,7.200000,7.200000,7.060000,7.100000,6.549014,13700
2008-08-08,6.820000,7.220000,6.810000,7.190000,6.632030,18000
2008-08-11,7.240000,7.400000,7.040000,7.340000,6.770390,61900
2008-08-12,7.420000,7.420000,7.240000,7.310000,6.742718,21600
2008-08-13,7.400000,7.440000,7.000000,7.000000,6.456775,31500
2008-08-14,7.340000,7.340000,7.230000,7.230000,6.668926,200
2008-08-15,7.230000,7.230000,7.050000,7.050000,6.502895,22400
2008-08-18,7.300000,7.490000,7.100000,7.250000,6.687374,28200
2008-08-19,7.030000,7.350000,7.030000,7.150000,6.595135,22400
2008-08-20,7.120000,7.160000,7.110000,7.160000,6.604359,1000
2008-08-21,7.060000,7.200000,6.840000,7.110000,6.706226,10700
2008-08-22,7.190000,7.320000,6.900000,7.320000,6.904300,18000
2008-08-25,7.480000,7.480000,7.200000,7.250000,6.838274,4200
2008-08-26,7.220000,7.230000,7.160000,7.170000,6.762818,4500
2008-08-27,7.260000,7.300000,7.200000,7.280000,6.866571,9900
2008-08-28,7.250000,7.350000,7.150000,7.280000,6.866571,3100
2008-08-29,7.400000,7.420000,7.290000,7.300000,6.885436,12100
2008-09-02,7.320000,7.470000,7.240000,7.270000,6.857139,9400
2008-09-03,7.320000,7.540000,7.230000,7.230000,6.819411,9200
2008-09-04,7.380000,7.380000,7.210000,7.340000,6.923164,8700
2008-09-05,7.230000,7.300000,7.160000,7.300000,6.885436,6800
2008-09-08,7.320000,7.320000,7.050000,7.230000,6.819411,21300
2008-09-09,7.320000,7.320000,6.940000,6.950000,6.555312,22900
2008-09-10,6.950000,7.100000,6.900000,6.950000,6.555312,19900
2008-09-11,7.000000,7.060000,6.930000,7.000000,6.602472,16200
2008-09-12,7.030000,7.060000,6.990000,6.990000,6.593040,5700
2008-09-15,7.010000,7.020000,6.810000,6.820000,6.432695,26500
2008-09-16,6.800000,6.800000,6.280000,6.410000,6.045978,25500
2008-09-17,6.600000,6.600000,6.160000,6.290000,5.932793,29300
2008-09-18,6.160000,6.240000,5.700000,6.100000,5.753583,20400
2008-09-19,7.310000,7.310000,6.300000,6.380000,6.017682,21800
2008-09-22,6.490000,6.490000,6.280000,6.280000,5.923361,4300
2008-09-23,6.230000,6.250000,6.080000,6.250000,5.895064,13400
2008-09-24,6.360000,6.700000,6.260000,6.420000,6.055410,14800
2008-09-25,6.500000,6.500000,6.050000,6.330000,5.970521,20900
2008-09-26,6.260000,6.260000,5.900000,6.020000,5.678126,10800
2008-09-29,6.240000,6.340000,5.900000,6.340000,5.979953,24600
2008-09-30,6.240000,6.400000,6.100000,6.200000,5.847904,20600
2008-10-01,6.080000,6.500000,6.080000,6.170000,5.819608,25500
2008-10-02,6.140000,6.140000,5.900000,5.900000,5.564941,7900
2008-10-03,6.000000,6.200000,5.740000,6.000000,5.659262,6100
2008-10-06,5.890000,5.890000,5.600000,5.750000,5.423460,25600
2008-10-07,6.000000,6.000000,5.750000,5.800000,5.470620,14300
2008-10-08,5.800000,5.800000,5.000000,5.060000,4.772644,28400
2008-10-09,5.010000,5.070000,4.400000,4.410000,4.159557,77200
2008-10-10,4.010000,4.200000,4.000000,4.170000,3.933187,41100
2008-10-13,4.350000,4.700000,4.350000,4.700000,4.433088,4700
2008-10-14,5.080000,5.720000,5.080000,5.350000,5.046175,13400
2008-10-15,5.450000,5.600000,5.100000,5.100000,4.810372,16000
2008-10-16,5.250000,5.250000,4.530000,4.750000,4.480249,38400
2008-10-17,4.850000,5.350000,4.850000,4.950000,4.668891,10900
2008-10-20,5.100000,5.850000,5.100000,5.540000,5.225385,13500
2008-10-21,5.850000,5.910000,5.550000,5.910000,5.574373,17200
2008-10-22,5.700000,5.700000,5.100000,5.180000,4.885829,16700
2008-10-23,5.290000,5.880000,4.900000,5.270000,4.970718,27200
2008-10-24,4.800000,5.400000,4.600000,5.340000,5.036743,36900
2008-10-27,5.440000,5.900000,5.250000,5.250000,4.951854,37900
2008-10-28,5.470000,5.700000,5.100000,5.180000,4.885829,11600
2008-10-29,5.160000,5.410000,5.100000,5.220000,4.923558,13500
2008-10-30,5.500000,5.950000,5.300000,5.490000,5.178225,18800
2008-10-31,5.600000,6.170000,5.380000,6.150000,5.800744,17000
2008-11-03,6.200000,6.200000,5.650000,6.060000,5.715854,14500
2008-11-04,6.110000,6.690000,6.110000,6.210000,5.857336,19600
2008-11-05,6.120000,6.700000,5.950000,5.950000,5.612102,18100
2008-11-06,6.120000,6.300000,5.750000,6.300000,5.942225,9200
2008-11-07,6.290000,6.900000,6.210000,6.210000,5.857336,24500
2008-11-10,6.260000,6.700000,6.200000,6.200000,5.847904,9300
2008-11-11,6.250000,6.250000,6.080000,6.100000,5.753583,10000
2008-11-12,6.000000,6.080000,5.800000,5.810000,5.480052,21800
2008-11-13,5.630000,5.630000,5.180000,5.400000,5.235719,20600
2008-11-14,5.500000,5.500000,5.200000,5.200000,5.041803,4100
2008-11-17,4.690000,5.590000,4.690000,4.960000,4.809104,17600
2008-11-18,4.860000,4.980000,4.700000,4.750000,4.605493,9500
2008-11-19,4.700000,4.700000,4.210000,4.350000,4.217662,8900
2008-11-20,4.300000,4.760000,4.020000,4.050000,3.926789,17900
2008-11-21,4.200000,4.200000,4.030000,4.130000,4.004355,6900
2008-11-24,4.050000,4.300000,4.050000,4.300000,4.169183,6600
2008-11-25,4.480000,4.480000,4.150000,4.350000,4.217662,3000
2008-11-26,4.250000,4.340000,4.160000,4.340000,4.207966,5800
2008-11-28,4.340000,4.500000,4.340000,4.500000,4.363099,10300
2008-12-01,4.590000,4.590000,4.440000,4.500000,4.363099,1300
2008-12-02,4.490000,4.690000,4.320000,4.440000,4.304924,5800
2008-12-03,4.350000,4.400000,4.000000,4.080000,3.955876,5700
2008-12-04,4.050000,4.380000,4.050000,4.380000,4.246749,4700
2008-12-05,4.260000,4.340000,4.070000,4.280000,4.149792,11900
2008-12-08,4.220000,4.600000,4.060000,4.400000,4.266141,11200
2008-12-09,4.300000,4.600000,4.300000,4.300000,4.169183,11100
2008-12-10,4.470000,4.580000,4.060000,4.290000,4.159487,6600
2008-12-11,4.320000,4.320000,4.180000,4.180000,4.052834,6600
2008-12-12,4.280000,4.300000,4.200000,4.250000,4.120704,13500
2008-12-15,4.220000,4.220000,4.150000,4.200000,4.072225,6900
2008-12-16,4.190000,4.240000,4.060000,4.080000,3.955876,34400
2008-12-17,4.080000,4.130000,4.050000,4.060000,3.936485,12400
2008-12-18,4.000000,4.020000,3.760000,3.900000,3.781352,46400
2008-12-19,4.000000,4.000000,3.900000,3.980000,3.858918,10300
2008-12-22,4.450000,4.450000,4.250000,4.250000,4.120704,32500
2008-12-23,4.320000,4.320000,4.000000,4.000000,3.878310,5900
2008-12-24,3.770000,3.990000,3.770000,3.990000,3.868614,18700
2008-12-26,4.010000,4.130000,4.010000,4.080000,3.955876,7000
2008-12-29,4.010000,4.060000,3.850000,3.950000,3.829831,7400
2008-12-30,3.950000,4.100000,3.950000,4.100000,3.975268,10300
2008-12-31,3.970000,4.300000,3.970000,4.300000,4.169183,16400
2009-01-02,4.300000,4.750000,4.300000,4.750000,4.605493,18800
2009-01-05,4.650000,4.740000,4.500000,4.650000,4.508535,4800
2009-01-06,4.660000,4.990000,4.660000,4.900000,4.750930,25100
2009-01-07,4.900000,4.900000,4.800000,4.800000,4.653972,3400
2009-01-08,4.750000,4.750000,4.700000,4.710000,4.566710,5300
2009-01-09,4.730000,5.000000,4.730000,4.730000,4.586102,11400
2009-01-12,4.730000,4.730000,4.720000,4.730000,4.586102,3700
2009-01-13,4.800000,4.800000,4.730000,4.800000,4.653972,2200
2009-01-14,4.850000,4.850000,4.520000,4.750000,4.605493,12700
2009-01-15,4.710000,4.710000,4.610000,4.700000,4.557014,5200
2009-01-16,4.710000,4.710000,4.610000,4.610000,4.469752,3600
2009-01-20,4.690000,4.800000,4.600000,4.650000,4.508535,10200
2009-01-21,4.600000,4.600000,4.460000,4.510000,4.372795,9600
2009-01-22,4.520000,4.520000,4.390000,4.390000,4.256445,6000
2009-01-23,4.510000,4.510000,4.100000,4.210000,4.081921,6500
2009-01-26,4.210000,4.250000,4.100000,4.230000,4.101313,7200
2009-01-27,4.130000,4.300000,4.130000,4.300000,4.169183,4200
2009-01-28,4.200000,4.350000,4.200000,4.350000,4.217662,1300
2009-01-29,4.300000,4.350000,4.280000,4.320000,4.188575,3300
2009-01-30,4.380000,4.450000,4.340000,4.450000,4.314620,5100
2009-02-02,4.400000,4.450000,4.400000,4.400000,4.266141,4400
2009-02-03,4.490000,4.590000,4.340000,4.470000,4.334011,3800
2009-02-04,4.500000,4.540000,4.350000,4.370000,4.237053,8400
2009-02-05,4.400000,4.440000,4.210000,4.210000,4.081921,18500
2009-02-06,4.230000,4.410000,4.220000,4.380000,4.246749,12500
2009-02-09,4.460000,4.560000,4.350000,4.460000,4.324316,5800
2009-02-10,4.350000,4.350000,4.220000,4.300000,4.169183,10400
2009-02-11,4.250000,4.300000,4.210000,4.300000,4.169183,3600
2009-02-12,4.290000,4.290000,4.180000,4.180000,4.052834,18200
2009-02-13,4.200000,4.310000,4.100000,4.110000,3.984964,6300
2009-02-17,4.100000,4.100000,3.990000,3.990000,3.868614,20500
2009-02-18,4.010000,4.020000,3.990000,3.990000,3.868614,4600
2009-02-19,4.090000,4.110000,4.000000,4.000000,3.878310,5500
2009-02-20,4.000000,4.040000,3.990000,4.010000,3.888006,9800
2009-02-23,4.090000,4.090000,3.800000,3.800000,3.684394,8400
2009-02-24,3.970000,3.990000,3.770000,3.990000,3.868614,16500
2009-02-25,3.960000,3.960000,3.960000,3.960000,3.839527,700
2009-02-26,4.000000,4.000000,4.000000,4.000000,3.878310,6400
2009-02-27,3.980000,4.390000,3.980000,4.390000,4.256445,14700
2009-03-02,4.190000,4.190000,3.770000,3.790000,3.674699,7200
2009-03-03,3.850000,3.850000,3.720000,3.750000,3.635916,33600
2009-03-04,3.750000,3.770000,3.510000,3.550000,3.442000,7500
2009-03-05,3.240000,3.580000,3.240000,3.250000,3.250000,7800
2009-03-06,3.250000,3.250000,3.100000,3.100000,3.100000,9400
2009-03-09,3.250000,3.250000,3.000000,3.000000,3.000000,32800
2009-03-10,3.010000,3.080000,3.010000,3.010000,3.010000,15200
2009-03-11,3.050000,3.100000,2.990000,3.000000,3.000000,13100
2009-03-12,3.040000,3.040000,3.000000,3.030000,3.030000,6000
2009-03-13,3.030000,3.070000,2.990000,2.990000,2.990000,13400
2009-03-16,3.100000,3.100000,3.020000,3.020000,3.020000,24700
2009-03-17,3.020000,3.130000,3.020000,3.120000,3.120000,18100
2009-03-18,3.160000,3.250000,3.050000,3.200000,3.200000,15800
2009-03-19,3.200000,3.250000,3.200000,3.250000,3.250000,4700
2009-03-20,3.210000,3.240000,3.160000,3.160000,3.160000,6300
2009-03-23,3.270000,3.270000,3.160000,3.240000,3.240000,6200
2009-03-24,3.300000,3.300000,3.150000,3.200000,3.200000,9300
2009-03-25,3.120000,3.200000,3.050000,3.100000,3.100000,23300
2009-03-26,3.120000,3.160000,3.090000,3.150000,3.150000,19100
2009-03-27,3.100000,3.120000,3.080000,3.120000,3.120000,2900
2009-03-30,3.190000,3.190000,3.000000,3.010000,3.010000,8200
2009-03-31,3.050000,3.050000,2.850000,2.850000,2.850000,26000
2009-04-01,2.850000,2.850000,2.730000,2.750000,2.750000,44600
2009-04-02,2.810000,2.810000,2.410000,2.580000,2.580000,62400
2009-04-03,2.530000,2.600000,2.450000,2.580000,2.580000,44400
2009-04-06,2.630000,2.630000,2.490000,2.550000,2.550000,30100
2009-04-07,2.500000,2.500000,2.250000,2.250000,2.250000,65400
2009-04-08,2.260000,2.390000,2.100000,2.100000,2.100000,56900
2009-04-09,2.160000,2.280000,2.160000,2.280000,2.280000,41600
2009-04-13,2.330000,2.400000,2.300000,2.320000,2.320000,30600
2009-04-14,2.320000,2.350000,2.270000,2.300000,2.300000,27800
2009-04-15,2.280000,2.320000,2.280000,2.280000,2.280000,12400
2009-04-16,2.280000,2.320000,2.260000,2.270000,2.270000,34900
2009-04-17,2.270000,2.290000,2.240000,2.240000,2.240000,25600
2009-04-20,2.240000,2.290000,2.200000,2.200000,2.200000,18500
2009-04-21,2.190000,2.190000,2.150000,2.150000,2.150000,20200
2009-04-22,2.150000,2.200000,2.150000,2.200000,2.200000,12400
2009-04-23,2.160000,2.250000,2.160000,2.240000,2.240000,14100
2009-04-24,2.250000,2.480000,2.250000,2.400000,2.400000,48300
2009-04-27,2.400000,2.430000,2.400000,2.400000,2.400000,17800
2009-04-28,2.370000,2.380000,2.330000,2.330000,2.330000,15800
2009-04-29,2.330000,2.400000,2.330000,2.400000,2.400000,10300
2009-04-30,2.400000,2.440000,2.340000,2.400000,2.400000,23500
2009-05-01,2.400000,2.400000,2.360000,2.360000,2.360000,1300
2009-05-04,2.400000,2.490000,2.400000,2.420000,2.420000,38200
2009-05-05,2.450000,2.460000,2.410000,2.460000,2.460000,44700
2009-05-06,2.480000,2.550000,2.440000,2.460000,2.460000,56600
2009-05-07,2.460000,2.460000,2.420000,2.420000,2.420000,28700
2009-05-08,2.500000,2.500000,2.450000,2.460000,2.460000,53000
2009-05-11,2.460000,2.460000,2.450000,2.460000,2.460000,32800
2009-05-12,2.460000,2.460000,2.450000,2.450000,2.450000,700
2009-05-13,2.450000,2.450000,2.250000,2.320000,2.320000,27300
2009-05-14,2.310000,2.360000,2.280000,2.360000,2.360000,10000
2009-05-15,2.360000,2.470000,2.360000,2.470000,2.470000,56300
2009-05-18,2.450000,2.500000,2.450000,2.500000,2.500000,40000
2009-05-19,2.590000,2.740000,2.460000,2.590000,2.590000,41100
2009-05-20,2.600000,2.600000,2.420000,2.600000,2.600000,9400
2009-05-21,2.550000,2.600000,2.550000,2.600000,2.600000,13900
2009-05-22,2.620000,2.670000,2.580000,2.650000,2.650000,10200
2009-05-26,2.570000,2.630000,2.530000,2.560000,2.560000,10900
2009-05-27,2.580000,2.640000,2.550000,2.620000,2.620000,21100
2009-05-28,2.620000,2.670000,2.570000,2.600000,2.600000,5100
2009-05-29,2.600000,2.650000,2.600000,2.600000,2.600000,5600
2009-06-01,2.580000,2.640000,2.500000,2.590000,2.590000,16500
2009-06-02,2.620000,2.670000,2.620000,2.650000,2.650000,18200
2009-06-03,2.620000,2.640000,2.620000,2.640000,2.640000,7000
2009-06-04,2.650000,2.680000,2.650000,2.680000,2.680000,13000
2009-06-05,2.660000,2.750000,2.660000,2.740000,2.740000,5000
2009-06-08,2.750000,2.900000,2.610000,2.720000,2.720000,21400
2009-06-09,2.750000,2.770000,2.740000,2.770000,2.770000,3400
2009-06-10,2.820000,2.930000,2.780000,2.860000,2.860000,24500
2009-06-11,2.880000,3.040000,2.880000,3.000000,3.000000,26400
2009-06-12,3.080000,3.590000,3.030000,3.390000,3.390000,39900
2009-06-15,3.500000,3.580000,3.250000,3.440000,3.440000,37100
2009-06-16,3.390000,3.400000,3.300000,3.300000,3.300000,8100
2009-06-17,3.300000,3.390000,3.150000,3.150000,3.150000,18900
2009-06-18,3.180000,3.280000,3.150000,3.280000,3.280000,5600
2009-06-19,3.370000,3.370000,3.260000,3.330000,3.330000,6200
2009-06-22,3.340000,3.340000,3.240000,3.250000,3.250000,10300
2009-06-23,3.210000,3.300000,3.020000,3.020000,3.020000,11800
2009-06-24,3.050000,3.110000,3.030000,3.090000,3.090000,3200
2009-06-25,3.080000,3.090000,3.030000,3.050000,3.050000,4500
2009-06-26,3.040000,3.100000,3.040000,3.060000,3.060000,4600
2009-06-29,3.090000,3.220000,3.090000,3.220000,3.220000,14500
2009-06-30,3.250000,3.250000,3.170000,3.230000,3.230000,4000
2009-07-01,3.270000,3.330000,3.160000,3.220000,3.220000,11000
2009-07-02,3.200000,3.200000,3.080000,3.080000,3.080000,7600
2009-07-06,3.050000,3.060000,2.940000,2.950000,2.950000,20500
2009-07-07,2.920000,2.920000,2.890000,2.890000,2.890000,3900
2009-07-08,2.890000,2.890000,2.800000,2.800000,2.800000,3200
2009-07-09,2.870000,2.920000,2.850000,2.910000,2.910000,2700
2009-07-10,2.900000,2.910000,2.820000,2.860000,2.860000,9400
2009-07-13,2.790000,2.820000,2.780000,2.810000,2.810000,6100
2009-07-14,2.810000,2.810000,2.720000,2.790000,2.790000,10100
2009-07-15,2.790000,2.860000,2.790000,2.850000,2.850000,7900
2009-07-16,2.900000,2.990000,2.880000,2.900000,2.900000,13000
2009-07-17,2.860000,2.890000,2.760000,2.890000,2.890000,12700
2009-07-20,2.880000,2.940000,2.880000,2.940000,2.940000,4600
2009-07-21,2.940000,3.040000,2.940000,3.040000,3.040000,13600
2009-07-22,2.990000,3.100000,2.990000,3.100000,3.100000,11800
2009-07-23,3.100000,3.270000,3.100000,3.220000,3.220000,19500
2009-07-24,3.220000,3.290000,3.220000,3.260000,3.260000,5800
2009-07-27,3.300000,3.300000,3.270000,3.270000,3.270000,12100
2009-07-28,3.280000,3.280000,3.060000,3.100000,3.100000,7700
2009-07-29,3.120000,3.250000,3.100000,3.130000,3.130000,6500
2009-07-30,3.110000,3.360000,3.110000,3.230000,3.230000,15800
2009-07-31,3.260000,3.290000,3.200000,3.200000,3.200000,4700
2009-08-03,3.150000,3.360000,3.150000,3.350000,3.350000,29700
2009-08-04,3.300000,3.350000,3.280000,3.350000,3.350000,23600
2009-08-05,3.330000,3.330000,3.270000,3.290000,3.290000,14200
2009-08-06,3.290000,3.310000,3.220000,3.250000,3.250000,25100
2009-08-07,3.300000,3.330000,3.220000,3.220000,3.220000,13100
2009-08-10,3.330000,3.340000,3.260000,3.330000,3.330000,13200
2009-08-11,3.340000,3.340000,3.250000,3.320000,3.320000,7700
2009-08-12,3.270000,3.350000,3.240000,3.310000,3.310000,20100
2009-08-13,3.350000,3.480000,3.340000,3.380000,3.380000,19200
2009-08-14,3.430000,3.430000,3.260000,3.400000,3.400000,8900
2009-08-17,3.310000,3.350000,3.250000,3.300000,3.300000,9600
2009-08-18,3.350000,3.380000,3.350000,3.350000,3.350000,5300
2009-08-19,3.350000,3.350000,3.250000,3.330000,3.330000,16500
2009-08-20,3.300000,3.300000,3.240000,3.270000,3.270000,14300
2009-08-21,3.250000,3.370000,3.240000,3.290000,3.290000,5400
2009-08-24,3.300000,3.350000,3.250000,3.250000,3.250000,17700
2009-08-25,3.270000,3.290000,3.250000,3.260000,3.260000,18500
2009-08-26,3.290000,3.290000,3.270000,3.290000,3.290000,3500
2009-08-27,3.250000,3.270000,3.250000,3.270000,3.270000,7100
2009-08-28,3.260000,3.360000,3.260000,3.300000,3.300000,26000
2009-08-31,3.210000,3.300000,3.210000,3.280000,3.280000,5300
2009-09-01,3.260000,3.260000,3.230000,3.250000,3.250000,10500
2009-09-02,3.200000,3.220000,3.200000,3.210000,3.210000,5700
2009-09-03,3.210000,3.210000,3.170000,3.200000,3.200000,11400
2009-09-04,3.200000,3.200000,3.180000,3.180000,3.180000,13000
2009-09-08,3.200000,3.230000,3.180000,3.200000,3.200000,11500
2009-09-09,3.220000,3.270000,3.220000,3.250000,3.250000,13700
2009-09-10,3.290000,3.340000,3.260000,3.330000,3.330000,8900
2009-09-11,3.380000,3.380000,3.260000,3.300000,3.300000,10900
2009-09-14,3.260000,3.290000,3.250000,3.290000,3.290000,19100
2009-09-15,3.350000,3.380000,3.310000,3.310000,3.310000,7100
2009-09-16,3.330000,3.340000,3.290000,3.300000,3.300000,24600
2009-09-17,3.270000,3.330000,3.190000,3.330000,3.330000,10600
2009-09-18,3.310000,3.360000,3.280000,3.320000,3.320000,8300
2009-09-21,3.300000,3.320000,3.270000,3.270000,3.270000,21600
2009-09-22,3.260000,3.290000,3.250000,3.270000,3.270000,5000
2009-09-23,3.280000,3.290000,3.250000,3.250000,3.250000,12800
2009-09-24,3.250000,3.280000,3.240000,3.240000,3.240000,6100
2009-09-25,3.310000,3.320000,3.250000,3.280000,3.280000,2500
2009-09-28,3.310000,3.320000,3.240000,3.260000,3.260000,6400
2009-09-29,3.300000,3.300000,3.240000,3.240000,3.240000,5100
2009-09-30,3.240000,3.280000,3.200000,3.220000,3.220000,14500
2009-10-01,3.180000,3.190000,3.070000,3.110000,3.110000,12100
2009-10-02,3.070000,3.170000,3.070000,3.080000,3.080000,2000
2009-10-05,3.080000,3.100000,3.030000,3.070000,3.070000,13800
2009-10-06,3.090000,3.150000,3.090000,3.140000,3.140000,11800
2009-10-07,3.140000,3.150000,3.100000,3.150000,3.150000,7500
2009-10-08,3.190000,3.240000,3.190000,3.190000,3.190000,8500
2009-10-09,3.200000,3.250000,3.200000,3.250000,3.250000,3500
2009-10-12,3.290000,3.400000,3.290000,3.320000,3.320000,18900
2009-10-13,3.340000,3.460000,3.330000,3.380000,3.380000,17100
2009-10-14,3.450000,3.450000,3.260000,3.340000,3.340000,15100
2009-10-15,3.310000,3.390000,3.310000,3.380000,3.380000,3800
2009-10-16,3.350000,3.430000,3.350000,3.400000,3.400000,9400
2009-10-19,3.400000,3.430000,3.380000,3.410000,3.410000,9800
2009-10-20,3.430000,3.490000,3.380000,3.460000,3.460000,6300
2009-10-21,3.470000,3.720000,3.470000,3.600000,3.600000,16200
2009-10-22,3.650000,3.700000,3.600000,3.700000,3.700000,11700
2009-10-23,3.630000,3.940000,3.610000,3.810000,3.810000,11600
2009-10-26,3.870000,3.990000,3.750000,3.750000,3.750000,21300
2009-10-27,3.750000,3.750000,3.450000,3.470000,3.470000,18900
2009-10-28,3.500000,3.530000,3.500000,3.500000,3.500000,3300
2009-10-29,3.500000,3.550000,3.480000,3.550000,3.550000,6700
2009-10-30,3.560000,3.590000,3.500000,3.540000,3.540000,9700
2009-11-02,3.540000,3.550000,3.390000,3.480000,3.480000,35900
2009-11-03,3.500000,3.500000,3.400000,3.400000,3.400000,11100
2009-11-04,3.400000,3.450000,3.400000,3.450000,3.450000,4300
2009-11-05,3.410000,3.500000,3.410000,3.490000,3.490000,3800
2009-11-06,3.450000,3.600000,3.430000,3.600000,3.600000,13600
2009-11-09,3.560000,3.560000,3.360000,3.410000,3.410000,45300
2009-11-10,3.410000,3.410000,3.210000,3.210000,3.210000,29700
2009-11-11,3.220000,3.240000,3.210000,3.210000,3.210000,17000
2009-11-12,3.210000,3.220000,3.190000,3.220000,3.220000,4200
2009-11-13,3.230000,3.250000,3.190000,3.240000,3.240000,6000
2009-11-16,3.070000,3.220000,3.070000,3.180000,3.180000,16600
2009-11-17,3.200000,3.230000,3.180000,3.180000,3.180000,15500
2009-11-18,3.180000,3.190000,3.160000,3.190000,3.190000,5100
2009-11-19,3.140000,3.150000,3.050000,3.080000,3.080000,12400
2009-11-20,3.040000,3.060000,3.030000,3.040000,3.040000,15000
2009-11-23,3.050000,3.120000,3.030000,3.120000,3.120000,18900
2009-11-24,3.100000,3.150000,3.100000,3.150000,3.150000,37800
2009-11-25,3.190000,3.280000,3.160000,3.230000,3.230000,10500
2009-11-27,3.210000,3.410000,3.200000,3.360000,3.360000,44000
2009-11-30,3.300000,3.300000,3.240000,3.270000,3.270000,6900
2009-12-01,3.280000,3.330000,3.280000,3.320000,3.320000,10300
2009-12-02,3.300000,3.330000,3.270000,3.280000,3.280000,3600
2009-12-03,3.280000,3.340000,3.260000,3.270000,3.270000,3600
2009-12-04,3.290000,3.330000,3.210000,3.210000,3.210000,12900
2009-12-07,3.040000,3.240000,3.040000,3.180000,3.180000,12000
2009-12-08,3.200000,3.220000,3.170000,3.200000,3.200000,8800
2009-12-09,3.150000,3.200000,3.150000,3.200000,3.200000,5800
2009-12-10,3.200000,3.240000,3.200000,3.200000,3.200000,6000
2009-12-11,3.200000,3.270000,3.200000,3.270000,3.270000,9600
2009-12-14,3.270000,3.340000,3.270000,3.330000,3.330000,9900
2009-12-15,3.300000,3.340000,3.300000,3.320000,3.320000,6500
2009-12-16,3.290000,3.560000,3.210000,3.560000,3.560000,45500
2009-12-17,3.490000,3.490000,3.350000,3.490000,3.490000,17300
2009-12-18,3.480000,3.530000,3.360000,3.370000,3.370000,13100
2009-12-21,3.360000,3.430000,3.220000,3.220000,3.220000,19800
2009-12-22,3.280000,3.310000,3.200000,3.210000,3.210000,8000
2009-12-23,3.210000,3.230000,3.180000,3.220000,3.220000,17300
2009-12-24,3.190000,3.250000,3.190000,3.250000,3.250000,2900
2009-12-28,3.200000,3.350000,3.200000,3.210000,3.210000,20500
2009-12-29,3.180000,3.210000,3.170000,3.200000,3.200000,14100
2009-12-30,3.180000,3.220000,3.160000,3.160000,3.160000,20900
2009-12-31,3.160000,3.210000,3.160000,3.200000,3.200000,39600
2010-01-04,3.250000,3.300000,3.200000,3.290000,3.290000,11300
2010-01-05,3.340000,3.360000,3.320000,3.360000,3.360000,12500
2010-01-06,3.390000,3.400000,3.380000,3.380000,3.380000,5300
2010-01-07,3.400000,3.400000,3.330000,3.350000,3.350000,16100
2010-01-08,3.350000,3.350000,3.290000,3.320000,3.320000,16300
2010-01-11,3.380000,3.380000,3.310000,3.360000,3.360000,12500
2010-01-12,3.350000,3.390000,3.350000,3.390000,3.390000,1500
2010-01-13,3.300000,3.380000,3.290000,3.350000,3.350000,51300
2010-01-14,3.330000,3.440000,3.330000,3.430000,3.430000,8500
2010-01-15,3.360000,3.470000,3.360000,3.360000,3.360000,13700
2010-01-19,3.350000,3.400000,3.350000,3.400000,3.400000,3800
2010-01-20,3.350000,3.420000,3.340000,3.360000,3.360000,8900
2010-01-21,3.340000,3.390000,3.340000,3.340000,3.340000,17600
2010-01-22,3.350000,3.400000,3.350000,3.350000,3.350000,8100
2010-01-25,3.350000,3.400000,3.340000,3.380000,3.380000,9100
2010-01-26,3.310000,3.410000,3.310000,3.370000,3.370000,15900
2010-01-27,3.290000,3.340000,3.290000,3.310000,3.310000,66500
2010-01-28,3.350000,3.360000,3.350000,3.360000,3.360000,7100
2010-01-29,3.330000,3.340000,3.330000,3.330000,3.330000,9700
2010-02-01,3.330000,3.330000,3.330000,3.330000,3.330000,2300
2010-02-02,3.360000,3.440000,3.350000,3.400000,3.400000,18200
2010-02-03,3.400000,3.410000,3.400000,3.400000,3.400000,2100
2010-02-04,3.390000,3.390000,3.380000,3.390000,3.390000,5400
2010-02-05,3.380000,3.430000,3.370000,3.380000,3.380000,7400
2010-02-08,3.380000,3.380000,3.380000,3.380000,3.380000,4100
2010-02-09,3.430000,3.440000,3.410000,3.410000,3.410000,3800
2010-02-10,3.440000,3.440000,3.350000,3.370000,3.370000,14900
2010-02-11,3.420000,3.480000,3.400000,3.420000,3.420000,18700
2010-02-12,3.420000,3.500000,3.400000,3.440000,3.440000,16200
2010-02-16,3.410000,3.500000,3.410000,3.500000,3.500000,17100
2010-02-17,3.450000,3.490000,3.150000,3.150000,3.150000,99900
2010-02-18,3.100000,3.160000,2.880000,2.950000,2.950000,71900
2010-02-19,2.990000,3.200000,2.990000,3.050000,3.050000,71800
2010-02-22,3.100000,3.190000,3.100000,3.170000,3.170000,52800
2010-02-23,3.120000,3.190000,3.090000,3.170000,3.170000,58900
2010-02-24,3.140000,3.150000,3.050000,3.100000,3.100000,33300
2010-02-25,3.010000,3.150000,3.010000,3.110000,3.110000,40000
2010-02-26,3.080000,3.200000,3.050000,3.200000,3.200000,43300
2010-03-01,3.100000,3.200000,3.100000,3.200000,3.200000,32600
2010-03-02,3.170000,3.190000,2.980000,2.990000,2.990000,16700
2010-03-03,3.000000,3.010000,2.930000,2.960000,2.960000,23600
2010-03-04,2.930000,2.960000,2.830000,2.900000,2.900000,18600
2010-03-05,2.880000,3.100000,2.880000,3.020000,3.020000,25000
2010-03-08,2.970000,2.970000,2.890000,2.900000,2.900000,8700
2010-03-09,2.860000,2.990000,2.860000,2.910000,2.910000,7000
2010-03-10,2.960000,2.980000,2.840000,2.880000,2.880000,15400
2010-03-11,2.850000,2.850000,2.810000,2.830000,2.830000,8900
2010-03-12,2.820000,2.820000,2.660000,2.660000,2.660000,33500
2010-03-15,2.610000,2.730000,2.610000,2.670000,2.670000,10900
2010-03-16,2.680000,2.880000,2.610000,2.880000,2.880000,45500
2010-03-17,2.860000,2.920000,2.790000,2.850000,2.850000,72000
2010-03-18,2.870000,2.870000,2.860000,2.860000,2.860000,300
2010-03-19,2.820000,2.870000,2.750000,2.820000,2.820000,9500
2010-03-22,2.800000,2.860000,2.800000,2.840000,2.840000,3600
2010-03-23,2.900000,2.910000,2.870000,2.910000,2.910000,7000
2010-03-24,2.920000,2.920000,2.900000,2.900000,2.900000,6800
2010-03-25,2.960000,2.960000,2.830000,2.870000,2.870000,6400
2010-03-26,2.860000,2.870000,2.840000,2.860000,2.860000,2500
2010-03-29,2.850000,2.850000,2.790000,2.820000,2.820000,20400
2010-03-30,2.810000,2.860000,2.800000,2.800000,2.800000,3300
2010-03-31,2.820000,2.830000,2.800000,2.810000,2.810000,5500
2010-04-01,2.830000,2.870000,2.820000,2.830000,2.830000,5400
2010-04-05,2.830000,2.870000,2.810000,2.860000,2.860000,27700
2010-04-06,2.860000,3.130000,2.850000,2.850000,2.850000,80800
2010-04-07,2.890000,3.040000,2.860000,3.020000,3.020000,9700
2010-04-08,3.050000,3.050000,2.950000,3.050000,3.050000,10000
2010-04-09,3.020000,3.100000,2.930000,3.020000,3.020000,29800
2010-04-12,2.990000,3.100000,2.940000,3.010000,3.010000,13900
2010-04-13,3.000000,3.070000,3.000000,3.070000,3.070000,15400
2010-04-14,3.080000,3.090000,2.960000,3.010000,3.010000,32600
2010-04-15,2.960000,3.030000,2.930000,3.020000,3.020000,16600
2010-04-16,3.050000,3.100000,3.010000,3.010000,3.010000,26000
2010-04-19,2.970000,3.050000,2.940000,3.040000,3.040000,46200
2010-04-20,3.040000,3.100000,3.010000,3.090000,3.090000,25600
2010-04-21,3.090000,3.140000,3.040000,3.140000,3.140000,20600
2010-04-22,3.130000,3.140000,3.100000,3.100000,3.100000,16600
2010-04-23,3.130000,3.240000,3.100000,3.230000,3.230000,22200
2010-04-26,3.220000,3.220000,3.180000,3.180000,3.180000,6200
2010-04-27,3.180000,3.220000,3.140000,3.200000,3.200000,16700
2010-04-28,3.190000,3.200000,3.060000,3.150000,3.150000,21500
2010-04-29,3.190000,3.220000,3.190000,3.220000,3.220000,7300
2010-04-30,3.190000,3.210000,3.130000,3.130000,3.130000,22100
2010-05-03,3.220000,3.220000,3.130000,3.180000,3.180000,28600
2010-05-04,3.180000,3.180000,3.100000,3.120000,3.120000,17600
2010-05-05,3.130000,3.140000,3.090000,3.110000,3.110000,23400
2010-05-06,3.110000,3.110000,2.990000,3.030000,3.030000,10800
2010-05-07,3.020000,3.090000,2.930000,2.960000,2.960000,9700
2010-05-10,3.100000,3.110000,2.930000,3.100000,3.100000,13900
2010-05-11,3.000000,3.100000,2.810000,3.050000,3.050000,9600
2010-05-12,3.050000,3.100000,3.030000,3.100000,3.100000,21700
2010-05-13,3.090000,3.100000,3.070000,3.100000,3.100000,16300
2010-05-14,3.080000,3.080000,3.060000,3.080000,3.080000,4000
2010-05-17,3.060000,3.070000,2.960000,2.960000,2.960000,13400
2010-05-18,2.990000,3.050000,2.950000,2.950000,2.950000,5300
2010-05-19,2.930000,2.960000,2.870000,2.920000,2.920000,28200
2010-05-20,2.930000,2.940000,2.840000,2.840000,2.840000,21500
2010-05-21,2.840000,2.980000,2.800000,2.880000,2.880000,35600
2010-05-24,2.830000,2.890000,2.810000,2.820000,2.820000,7500
2010-05-25,2.840000,2.890000,2.600000,2.760000,2.760000,61500
2010-05-26,2.800000,2.800000,2.740000,2.750000,2.750000,24900
2010-05-27,2.820000,2.860000,2.720000,2.800000,2.800000,58100
2010-05-28,2.820000,2.980000,2.630000,2.980000,2.980000,33200
2010-06-01,2.890000,2.910000,2.790000,2.810000,2.810000,12600
2010-06-02,2.850000,2.850000,2.730000,2.730000,2.730000,39700
2010-06-03,2.760000,2.770000,2.710000,2.770000,2.770000,69300
2010-06-04,2.750000,2.750000,2.680000,2.680000,2.680000,45400
2010-06-07,2.760000,2.760000,2.670000,2.700000,2.700000,19900
2010-06-08,2.620000,2.690000,2.610000,2.690000,2.690000,18500
2010-06-09,2.690000,2.890000,2.650000,2.800000,2.800000,32900
2010-06-10,2.840000,2.880000,2.750000,2.880000,2.880000,43900
2010-06-11,2.910000,2.910000,2.680000,2.800000,2.800000,40300
2010-06-14,2.790000,2.840000,2.750000,2.830000,2.830000,50100
2010-06-15,2.810000,2.900000,2.780000,2.820000,2.820000,31200
2010-06-16,2.770000,2.830000,2.690000,2.780000,2.780000,30700
2010-06-17,2.780000,2.820000,2.680000,2.690000,2.690000,41800
2010-06-18,2.680000,2.720000,2.670000,2.670000,2.670000,18300
2010-06-21,2.740000,2.740000,2.640000,2.670000,2.670000,12600
2010-06-22,2.640000,2.680000,2.630000,2.680000,2.680000,1100
2010-06-23,2.640000,2.690000,2.620000,2.680000,2.680000,3200
2010-06-24,2.690000,2.690000,2.630000,2.680000,2.680000,3200
2010-06-25,2.630000,2.680000,2.580000,2.600000,2.600000,13000
2010-06-28,2.610000,2.610000,2.540000,2.570000,2.570000,4700
2010-06-29,2.540000,2.580000,2.520000,2.570000,2.570000,6200
2010-06-30,2.530000,2.680000,2.510000,2.680000,2.680000,29800
2010-07-01,2.630000,2.680000,2.580000,2.580000,2.580000,15700
2010-07-02,2.530000,2.630000,2.530000,2.530000,2.530000,1800
2010-07-06,2.510000,2.550000,2.440000,2.450000,2.450000,30500
2010-07-07,2.550000,2.550000,2.440000,2.450000,2.450000,8400
2010-07-08,2.510000,2.510000,2.350000,2.430000,2.430000,15600
2010-07-09,2.400000,2.460000,2.400000,2.450000,2.450000,11900
2010-07-12,2.430000,2.430000,2.380000,2.400000,2.400000,9400
2010-07-13,2.410000,2.420000,2.330000,2.340000,2.340000,19900
2010-07-14,2.380000,2.380000,2.340000,2.340000,2.340000,13500
2010-07-15,2.340000,2.340000,2.330000,2.340000,2.340000,17100
2010-07-16,2.340000,2.360000,2.310000,2.350000,2.350000,19800
2010-07-19,2.320000,2.340000,2.300000,2.310000,2.310000,11600
2010-07-20,2.260000,2.290000,2.260000,2.290000,2.290000,15200
2010-07-21,2.270000,2.290000,2.250000,2.280000,2.280000,25500
2010-07-22,2.330000,2.340000,2.270000,2.270000,2.270000,23300
2010-07-23,2.310000,2.340000,2.280000,2.300000,2.300000,45100
2010-07-26,2.330000,2.350000,2.300000,2.300000,2.300000,26100
2010-07-27,2.340000,2.350000,2.260000,2.280000,2.280000,25800
2010-07-28,2.260000,2.280000,2.250000,2.270000,2.270000,16900
2010-07-29,2.310000,2.350000,2.280000,2.300000,2.300000,29100
2010-07-30,2.300000,2.420000,2.300000,2.420000,2.420000,9900
2010-08-02,2.450000,2.450000,2.380000,2.380000,2.380000,16700
2010-08-03,2.400000,2.430000,2.300000,2.360000,2.360000,3900
2010-08-04,2.360000,2.360000,2.270000,2.360000,2.360000,16600
2010-08-05,2.340000,2.340000,2.280000,2.320000,2.320000,3800
2010-08-06,2.290000,2.330000,2.270000,2.270000,2.270000,4500
2010-08-09,2.320000,2.330000,2.290000,2.300000,2.300000,1700
2010-08-10,2.290000,2.300000,2.230000,2.260000,2.260000,15100
2010-08-11,2.210000,2.270000,2.200000,2.250000,2.250000,5300
2010-08-12,2.230000,2.260000,2.220000,2.260000,2.260000,1500
2010-08-13,2.260000,2.260000,2.250000,2.260000,2.260000,1600
2010-08-16,2.250000,2.280000,2.200000,2.200000,2.200000,13900
2010-08-17,2.210000,2.280000,2.200000,2.280000,2.280000,10200
2010-08-18,2.240000,2.280000,2.230000,2.280000,2.280000,1700
2010-08-19,2.230000,2.270000,2.210000,2.250000,2.250000,6200
2010-08-20,2.220000,2.250000,2.220000,2.240000,2.240000,3400
2010-08-23,2.260000,2.260000,2.190000,2.220000,2.220000,12400
2010-08-24,2.190000,2.220000,2.180000,2.200000,2.200000,22500
2010-08-25,2.140000,2.180000,2.140000,2.160000,2.160000,12700
2010-08-26,2.130000,2.180000,2.130000,2.150000,2.150000,6200
2010-08-27,2.190000,2.230000,2.150000,2.210000,2.210000,5000
2010-08-30,2.190000,2.220000,2.130000,2.220000,2.220000,9400
2010-08-31,2.190000,2.220000,2.130000,2.220000,2.220000,7200
2010-09-01,2.190000,2.190000,2.100000,2.170000,2.170000,27200
2010-09-02,2.130000,2.180000,2.100000,2.110000,2.110000,15200
2010-09-03,2.140000,2.150000,2.110000,2.120000,2.120000,6000
2010-09-07,2.100000,2.120000,2.100000,2.120000,2.120000,5700
2010-09-08,2.100000,2.220000,2.100000,2.210000,2.210000,49700
2010-09-09,2.220000,2.450000,2.200000,2.290000,2.290000,44900
2010-09-10,2.300000,2.300000,2.210000,2.240000,2.240000,6600
2010-09-13,2.260000,2.520000,2.260000,2.380000,2.380000,24800
2010-09-14,2.380000,2.400000,2.330000,2.360000,2.360000,23600
2010-09-15,2.380000,2.380000,2.320000,2.350000,2.350000,32900
2010-09-16,2.360000,2.380000,2.330000,2.360000,2.360000,22400
2010-09-17,2.370000,2.370000,2.250000,2.310000,2.310000,11100
2010-09-20,2.300000,2.380000,2.280000,2.350000,2.350000,8600
2010-09-21,2.360000,2.360000,2.320000,2.320000,2.320000,4300
2010-09-22,2.330000,2.330000,2.300000,2.310000,2.310000,8300
2010-09-23,2.290000,2.310000,2.290000,2.300000,2.300000,3800
2010-09-24,2.350000,2.390000,2.300000,2.340000,2.340000,3900
2010-09-27,2.290000,2.290000,2.150000,2.260000,2.260000,58700
2010-09-28,2.260000,2.380000,2.260000,2.380000,2.380000,3300
2010-09-29,2.360000,2.440000,2.260000,2.370000,2.370000,13000
2010-09-30,2.390000,2.400000,2.360000,2.380000,2.380000,2600
2010-10-01,2.380000,2.380000,2.350000,2.380000,2.380000,4800
2010-10-04,2.340000,2.400000,2.330000,2.390000,2.390000,5300
2010-10-05,2.220000,2.470000,2.220000,2.380000,2.380000,15600
2010-10-06,2.360000,2.360000,2.260000,2.260000,2.260000,15500
2010-10-07,2.250000,2.300000,2.250000,2.280000,2.280000,11100
2010-10-08,2.290000,2.290000,2.260000,2.270000,2.270000,17300
2010-10-11,2.280000,2.290000,2.260000,2.290000,2.290000,14600
2010-10-12,2.280000,2.300000,2.280000,2.300000,2.300000,600
2010-10-13,2.330000,2.330000,2.260000,2.260000,2.260000,25600
2010-10-14,2.260000,2.300000,2.220000,2.300000,2.300000,31300
2010-10-15,2.330000,2.330000,2.210000,2.280000,2.280000,9500
2010-10-18,2.280000,2.280000,2.270000,2.280000,2.280000,17100
2010-10-19,2.250000,2.270000,2.250000,2.270000,2.270000,4300
2010-10-20,2.300000,2.300000,2.300000,2.300000,2.300000,100
2010-10-21,2.300000,2.320000,2.300000,2.320000,2.320000,1200
2010-10-22,2.320000,2.320000,2.280000,2.280000,2.280000,4500
2010-10-25,2.220000,2.300000,2.220000,2.290000,2.290000,14300
2010-10-26,2.280000,2.280000,2.270000,2.270000,2.270000,300
2010-10-27,2.260000,2.290000,2.220000,2.290000,2.290000,9200
2010-10-28,2.260000,2.280000,2.220000,2.280000,2.280000,2400
2010-10-29,2.260000,2.350000,2.260000,2.350000,2.350000,16400
2010-11-01,2.300000,2.300000,2.250000,2.280000,2.280000,9700
2010-11-02,2.290000,2.430000,2.290000,2.410000,2.410000,115900
2010-11-03,2.420000,2.420000,2.390000,2.420000,2.420000,22400
2010-11-04,2.410000,2.420000,2.400000,2.420000,2.420000,34800
2010-11-05,2.400000,2.420000,2.390000,2.420000,2.420000,36900
2010-11-08,2.410000,2.440000,2.360000,2.420000,2.420000,40300
2010-11-09,2.430000,2.430000,2.340000,2.400000,2.400000,8500
2010-11-10,2.450000,2.450000,2.400000,2.410000,2.410000,16700
2010-11-11,2.410000,2.410000,2.230000,2.280000,2.280000,46000
2010-11-12,2.230000,2.260000,2.120000,2.230000,2.230000,11500
2010-11-15,2.250000,2.250000,2.230000,2.230000,2.230000,10800
2010-11-16,2.200000,2.210000,2.160000,2.210000,2.210000,12600
2010-11-17,2.190000,2.190000,2.160000,2.160000,2.160000,15800
2010-11-18,2.160000,2.170000,2.130000,2.140000,2.140000,9800
2010-11-19,2.120000,2.150000,2.120000,2.120000,2.120000,17900
2010-11-22,2.100000,2.110000,2.020000,2.040000,2.040000,57900
2010-11-23,2.030000,2.040000,2.010000,2.030000,2.030000,14400
2010-11-24,2.030000,2.080000,2.020000,2.050000,2.050000,43000
2010-11-26,2.080000,2.080000,2.040000,2.040000,2.040000,6200
2010-11-29,2.070000,2.070000,2.030000,2.050000,2.050000,17900
2010-11-30,2.050000,2.080000,2.040000,2.080000,2.080000,11900
2010-12-01,2.080000,2.150000,2.080000,2.080000,2.080000,15700
2010-12-02,2.080000,2.150000,2.080000,2.120000,2.120000,20500
2010-12-03,2.100000,2.130000,2.100000,2.100000,2.100000,4700
2010-12-06,2.100000,2.150000,2.100000,2.130000,2.130000,15200
2010-12-07,2.120000,2.180000,2.120000,2.150000,2.150000,13100
2010-12-08,2.180000,2.190000,2.140000,2.190000,2.190000,77700
2010-12-09,2.170000,2.220000,2.150000,2.180000,2.180000,100300
2010-12-10,2.160000,2.210000,2.160000,2.200000,2.200000,4400
2010-12-13,2.240000,2.250000,2.200000,2.250000,2.250000,34300
2010-12-14,2.240000,2.260000,2.240000,2.250000,2.250000,19300
2010-12-15,2.280000,2.280000,2.250000,2.260000,2.260000,7800
2010-12-16,2.250000,2.290000,2.250000,2.270000,2.270000,27000
2010-12-17,2.270000,2.370000,2.250000,2.340000,2.340000,38800
2010-12-20,2.340000,2.370000,2.340000,2.360000,2.360000,19500
2010-12-21,2.370000,2.400000,2.370000,2.390000,2.390000,34100
2010-12-22,2.320000,2.370000,2.320000,2.370000,2.370000,9400
2010-12-23,2.350000,2.490000,2.300000,2.490000,2.490000,175000
2010-12-27,2.600000,2.600000,2.350000,2.500000,2.500000,27000
2010-12-28,2.430000,2.470000,2.400000,2.460000,2.460000,5400
2010-12-29,2.420000,2.480000,2.400000,2.470000,2.470000,23000
2010-12-30,2.450000,2.490000,2.410000,2.440000,2.440000,18200
2010-12-31,2.470000,2.510000,2.440000,2.500000,2.500000,50400
2011-01-03,2.480000,2.500000,2.460000,2.480000,2.480000,8900
2011-01-04,2.470000,2.470000,2.380000,2.420000,2.420000,15600
2011-01-05,2.380000,2.430000,2.360000,2.410000,2.410000,10000
2011-01-06,2.450000,2.470000,2.350000,2.460000,2.460000,53200
2011-01-07,2.440000,2.490000,2.440000,2.440000,2.440000,28700
2011-01-10,2.420000,2.460000,2.380000,2.410000,2.410000,18500
2011-01-11,2.410000,2.420000,2.410000,2.410000,2.410000,12700
2011-01-12,2.400000,2.420000,2.400000,2.420000,2.420000,5400
2011-01-13,2.430000,2.460000,2.430000,2.460000,2.460000,11500
2011-01-14,2.470000,2.470000,2.460000,2.460000,2.460000,1000
2011-01-18,2.430000,2.470000,2.430000,2.430000,2.430000,9500
2011-01-19,2.430000,2.430000,2.430000,2.430000,2.430000,400
2011-01-20,2.420000,2.420000,2.420000,2.420000,2.420000,200
2011-01-21,2.430000,2.430000,2.430000,2.430000,2.430000,5300
2011-01-24,2.430000,2.470000,2.430000,2.450000,2.450000,40100
2011-01-25,2.420000,2.450000,2.420000,2.450000,2.450000,6900
2011-01-26,2.460000,2.460000,2.460000,2.460000,2.460000,6400
2011-01-27,2.480000,2.480000,2.460000,2.460000,2.460000,4600
2011-01-28,2.460000,2.460000,2.460000,2.460000,2.460000,19900
2011-01-31,2.480000,2.480000,2.450000,2.480000,2.480000,5800
2011-02-01,2.500000,2.670000,2.460000,2.660000,2.660000,62800
2011-02-02,2.670000,2.670000,2.570000,2.580000,2.580000,4700
2011-02-03,2.590000,2.740000,2.590000,2.740000,2.740000,43100
2011-02-04,2.700000,2.730000,2.620000,2.620000,2.620000,10800
2011-02-07,2.660000,2.740000,2.650000,2.740000,2.740000,23500
2011-02-08,2.720000,2.730000,2.530000,2.650000,2.650000,14100
2011-02-09,2.660000,2.810000,2.660000,2.750000,2.750000,45700
2011-02-10,2.740000,2.760000,2.740000,2.750000,2.750000,11100
2011-02-11,2.750000,2.770000,2.750000,2.760000,2.760000,2500
2011-02-14,2.770000,2.820000,2.770000,2.780000,2.780000,16200
2011-02-15,2.720000,2.830000,2.720000,2.790000,2.790000,24300
2011-02-16,2.790000,2.790000,2.780000,2.780000,2.780000,10500
2011-02-17,2.780000,2.780000,2.780000,2.780000,2.780000,500
2011-02-18,2.780000,2.920000,2.780000,2.920000,2.920000,16900
2011-02-22,2.860000,2.860000,2.850000,2.850000,2.850000,600
2011-02-23,2.850000,2.850000,2.830000,2.830000,2.830000,6100
2011-02-24,2.830000,2.830000,2.830000,2.830000,2.830000,0
2011-02-25,2.850000,2.850000,2.780000,2.780000,2.780000,9100
2011-02-28,2.810000,2.810000,2.520000,2.740000,2.740000,16300
2011-03-01,2.780000,2.800000,2.730000,2.730000,2.730000,10400
2011-03-02,2.730000,2.730000,2.730000,2.730000,2.730000,0
2011-03-03,2.760000,2.760000,2.720000,2.720000,2.720000,400
2011-03-04,2.730000,2.730000,2.610000,2.630000,2.630000,12500
2011-03-07,2.670000,2.670000,2.560000,2.560000,2.560000,7500
2011-03-08,2.540000,2.680000,2.540000,2.610000,2.610000,3800
2011-03-09,2.650000,2.670000,2.600000,2.660000,2.660000,6700
2011-03-10,2.610000,2.720000,2.610000,2.690000,2.690000,29000
2011-03-11,2.640000,2.640000,2.550000,2.620000,2.620000,8900
2011-03-14,2.570000,2.590000,2.570000,2.570000,2.570000,700
2011-03-15,2.550000,2.550000,2.420000,2.520000,2.520000,15400
2011-03-16,2.470000,2.480000,2.440000,2.480000,2.480000,2400
2011-03-17,2.510000,2.590000,2.510000,2.590000,2.590000,3200
2011-03-18,2.600000,2.600000,2.600000,2.600000,2.600000,1100
2011-03-21,2.610000,2.610000,2.550000,2.600000,2.600000,4500
2011-03-22,2.550000,2.570000,2.520000,2.570000,2.570000,19900
2011-03-23,2.540000,2.570000,2.540000,2.560000,2.560000,7500
2011-03-24,2.570000,2.600000,2.560000,2.600000,2.600000,13000
2011-03-25,2.560000,2.610000,2.560000,2.610000,2.610000,13000
2011-03-28,2.600000,2.600000,2.590000,2.590000,2.590000,6600
2011-03-29,2.600000,2.610000,2.580000,2.580000,2.580000,4700
2011-03-30,2.580000,2.610000,2.550000,2.580000,2.580000,8500
2011-03-31,2.550000,2.600000,2.550000,2.600000,2.600000,4100
2011-04-01,2.560000,2.680000,2.560000,2.640000,2.640000,2800
2011-04-04,2.650000,2.700000,2.650000,2.680000,2.680000,10300
2011-04-05,2.770000,2.770000,2.700000,2.710000,2.710000,2500
2011-04-06,2.730000,2.750000,2.690000,2.700000,2.700000,13200
2011-04-07,2.700000,2.730000,2.700000,2.700000,2.700000,700
2011-04-08,2.700000,2.710000,2.600000,2.660000,2.660000,13100
2011-04-11,2.660000,2.700000,2.550000,2.560000,2.560000,34000
2011-04-12,2.570000,2.610000,2.570000,2.610000,2.610000,3400
2011-04-13,2.580000,2.690000,2.580000,2.690000,2.690000,4000
2011-04-14,2.710000,2.740000,2.690000,2.740000,2.740000,1500
2011-04-15,2.730000,2.730000,2.570000,2.640000,2.640000,5300
2011-04-18,2.610000,2.710000,2.570000,2.700000,2.700000,9900
2011-04-19,2.700000,2.760000,2.700000,2.710000,2.710000,5800
2011-04-20,2.720000,2.720000,2.710000,2.710000,2.710000,400
2011-04-21,2.720000,2.720000,2.720000,2.720000,2.720000,7300
2011-04-25,2.720000,2.760000,2.720000,2.760000,2.760000,4500
2011-04-26,2.630000,2.770000,2.630000,2.770000,2.770000,9300
2011-04-27,2.770000,2.770000,2.760000,2.760000,2.760000,4900
2011-04-28,2.840000,2.990000,2.760000,2.770000,2.770000,8100
2011-04-29,2.780000,2.780000,2.780000,2.780000,2.780000,1000
2011-05-02,2.780000,2.780000,2.760000,2.760000,2.760000,2200
2011-05-03,2.770000,2.770000,2.570000,2.650000,2.650000,15000
2011-05-04,2.610000,2.610000,2.500000,2.580000,2.580000,15000
2011-05-05,2.550000,2.550000,2.520000,2.520000,2.520000,9600
2011-05-06,2.520000,2.610000,2.500000,2.610000,2.610000,3000
2011-05-09,2.520000,2.700000,2.520000,2.610000,2.610000,30000
2011-05-10,2.590000,2.670000,2.590000,2.610000,2.610000,5200
2011-05-11,2.630000,2.630000,2.590000,2.590000,2.590000,6100
2011-05-12,2.530000,2.620000,2.500000,2.610000,2.610000,4000
2011-05-13,2.580000,2.600000,2.580000,2.590000,2.590000,3000
2011-05-16,2.650000,2.650000,2.590000,2.600000,2.600000,8100
2011-05-17,2.590000,2.590000,2.500000,2.500000,2.500000,10700
2011-05-18,2.520000,2.590000,2.520000,2.580000,2.580000,2200
2011-05-19,2.530000,2.570000,2.530000,2.530000,2.530000,3600
2011-05-20,2.500000,2.610000,2.500000,2.610000,2.610000,10800
2011-05-23,2.610000,2.610000,2.510000,2.540000,2.540000,6300
2011-05-24,2.550000,2.550000,2.540000,2.550000,2.550000,4600
2011-05-25,2.530000,2.720000,2.510000,2.620000,2.620000,21200
2011-05-26,2.630000,2.630000,2.560000,2.570000,2.570000,1100
2011-05-27,2.590000,2.620000,2.590000,2.600000,2.600000,4400
2011-05-31,2.610000,2.610000,2.590000,2.600000,2.600000,2100
2011-06-01,2.600000,2.600000,2.600000,2.600000,2.600000,0
2011-06-02,2.600000,2.600000,2.500000,2.520000,2.520000,5200
2011-06-03,2.510000,2.610000,2.510000,2.600000,2.600000,13000
2011-06-06,2.600000,2.600000,2.580000,2.580000,2.580000,6400
2011-06-07,2.600000,2.600000,2.530000,2.550000,2.550000,23800
2011-06-08,2.540000,2.540000,2.500000,2.510000,2.510000,23000
2011-06-09,2.500000,2.540000,2.500000,2.520000,2.520000,2400
2011-06-10,2.510000,2.540000,2.500000,2.540000,2.540000,8400
2011-06-13,2.510000,2.520000,2.330000,2.380000,2.380000,126000
2011-06-14,2.380000,2.400000,2.370000,2.380000,2.380000,3200
2011-06-15,2.370000,2.370000,2.340000,2.360000,2.360000,5200
2011-06-16,2.370000,2.410000,2.370000,2.370000,2.370000,4800
2011-06-17,2.390000,2.390000,2.380000,2.380000,2.380000,4200
2011-06-20,2.360000,2.380000,2.360000,2.370000,2.370000,4800
2011-06-21,2.400000,2.430000,2.380000,2.380000,2.380000,100600
2011-06-22,2.400000,2.400000,2.390000,2.390000,2.390000,16000
2011-06-23,2.370000,2.370000,2.370000,2.370000,2.370000,200
2011-06-24,2.400000,2.410000,2.400000,2.400000,2.400000,3800
2011-06-27,2.400000,2.400000,2.350000,2.370000,2.370000,8300
2011-06-28,2.360000,2.400000,2.360000,2.400000,2.400000,2700
2011-06-29,2.410000,2.410000,2.400000,2.400000,2.400000,3700
2011-06-30,2.400000,2.410000,2.400000,2.400000,2.400000,4300
2011-07-01,2.400000,2.400000,2.300000,2.370000,2.370000,12500
2011-07-05,2.350000,2.410000,2.350000,2.410000,2.410000,5900
2011-07-06,2.430000,2.430000,2.380000,2.380000,2.380000,22100
2011-07-07,2.380000,2.400000,2.380000,2.400000,2.400000,12900
2011-07-08,2.400000,2.400000,2.400000,2.400000,2.400000,0
2011-07-11,2.400000,2.400000,2.380000,2.400000,2.400000,2400
2011-07-12,2.390000,2.410000,2.350000,2.410000,2.410000,9500
2011-07-13,2.390000,2.390000,2.290000,2.390000,2.390000,15600
2011-07-14,2.370000,2.430000,2.360000,2.430000,2.430000,1700
2011-07-15,2.390000,2.460000,2.390000,2.440000,2.440000,6800
2011-07-18,2.410000,2.410000,2.400000,2.400000,2.400000,2300
2011-07-19,2.380000,2.400000,2.380000,2.400000,2.400000,4400
2011-07-20,2.390000,2.400000,2.350000,2.400000,2.400000,4000
2011-07-21,2.400000,2.400000,2.300000,2.400000,2.400000,6900
2011-07-22,2.410000,2.470000,2.410000,2.460000,2.460000,2600
2011-07-25,2.410000,2.440000,2.400000,2.420000,2.420000,4800
2011-07-26,2.400000,2.410000,2.400000,2.410000,2.410000,5700
2011-07-27,2.410000,2.410000,2.220000,2.350000,2.350000,12600
2011-07-28,2.360000,2.410000,2.360000,2.410000,2.410000,2500
2011-07-29,2.260000,2.330000,2.260000,2.310000,2.310000,15400
2011-08-01,2.320000,2.410000,2.320000,2.410000,2.410000,1800
2011-08-02,2.360000,2.380000,2.360000,2.370000,2.370000,3100
2011-08-03,2.350000,2.400000,2.350000,2.400000,2.400000,17500
2011-08-04,2.350000,2.350000,2.320000,2.350000,2.350000,30300
2011-08-05,2.210000,2.210000,2.200000,2.200000,2.200000,3800
2011-08-08,2.230000,2.230000,2.110000,2.140000,2.140000,2300
2011-08-09,2.130000,2.230000,2.100000,2.230000,2.230000,8800
2011-08-10,2.110000,2.170000,2.110000,2.150000,2.150000,3900
2011-08-11,2.160000,2.200000,2.160000,2.200000,2.200000,2500
2011-08-12,2.240000,2.280000,2.240000,2.280000,2.280000,5800
2011-08-15,2.280000,2.310000,2.280000,2.280000,2.280000,2000
2011-08-16,2.280000,2.280000,2.200000,2.220000,2.220000,9600
2011-08-17,2.230000,2.390000,2.230000,2.390000,2.390000,28600
2011-08-18,2.280000,2.280000,2.220000,2.230000,2.230000,800
2011-08-19,2.240000,2.250000,2.100000,2.200000,2.200000,7400
2011-08-22,2.200000,2.200000,2.130000,2.150000,2.150000,6000
2011-08-23,2.200000,2.220000,2.140000,2.220000,2.220000,2700
2011-08-24,2.240000,2.240000,2.240000,2.240000,2.240000,100
2011-08-25,2.240000,2.240000,2.220000,2.220000,2.220000,19500
2011-08-26,2.200000,2.240000,2.200000,2.200000,2.200000,4900
2011-08-29,2.220000,2.250000,2.180000,2.250000,2.250000,9400
2011-08-30,2.200000,2.250000,2.110000,2.250000,2.250000,2500
2011-08-31,2.180000,2.200000,2.150000,2.150000,2.150000,10300
2011-09-01,2.160000,2.210000,2.150000,2.210000,2.210000,1800
2011-09-02,2.140000,2.140000,2.100000,2.110000,2.110000,1800
2011-09-06,2.100000,2.100000,2.100000,2.100000,2.100000,1800
2011-09-07,2.130000,2.230000,2.120000,2.230000,2.230000,3000
2011-09-08,2.230000,2.230000,2.230000,2.230000,2.230000,0
2011-09-09,2.170000,2.170000,2.150000,2.150000,2.150000,5100
2011-09-12,2.130000,2.150000,2.120000,2.150000,2.150000,2400
2011-09-13,2.130000,2.150000,2.130000,2.150000,2.150000,2600
2011-09-14,2.180000,2.210000,2.170000,2.210000,2.210000,1000
2011-09-15,2.120000,2.120000,2.120000,2.120000,2.120000,300
2011-09-16,2.170000,2.260000,2.170000,2.260000,2.260000,1500
2011-09-19,2.200000,2.200000,2.190000,2.190000,2.190000,1000
2011-09-20,2.120000,2.200000,2.100000,2.160000,2.160000,3300
2011-09-21,2.150000,2.150000,2.020000,2.110000,2.110000,2500
2011-09-22,2.110000,2.180000,2.110000,2.120000,2.120000,4600
2011-09-23,2.060000,2.090000,2.020000,2.020000,2.020000,7700
2011-09-26,2.020000,2.030000,1.870000,1.940000,1.940000,16000
2011-09-27,1.940000,1.960000,1.860000,1.940000,1.940000,8700
2011-09-28,1.940000,1.950000,1.930000,1.930000,1.930000,5000
2011-09-29,1.910000,1.920000,1.900000,1.920000,1.920000,1700
2011-09-30,1.850000,1.900000,1.850000,1.880000,1.880000,2400
2011-10-03,1.940000,1.950000,1.870000,1.900000,1.900000,4200
2011-10-04,1.850000,1.960000,1.820000,1.820000,1.820000,6600
2011-10-05,1.870000,1.900000,1.830000,1.830000,1.830000,2800
2011-10-06,1.830000,1.930000,1.800000,1.930000,1.930000,13000
2011-10-07,1.950000,1.950000,1.900000,1.950000,1.950000,37700
2011-10-10,1.920000,2.370000,1.790000,2.100000,2.100000,15800
2011-10-11,2.340000,2.350000,2.140000,2.300000,2.300000,19100
2011-10-12,2.300000,2.300000,2.040000,2.250000,2.250000,12800
2011-10-13,2.230000,2.400000,2.160000,2.320000,2.320000,13300
2011-10-14,2.400000,2.400000,1.980000,2.180000,2.180000,9200
2011-10-17,2.210000,2.220000,2.120000,2.170000,2.170000,7300
2011-10-18,2.140000,2.200000,2.120000,2.200000,2.200000,2800
2011-10-19,2.200000,2.240000,2.200000,2.240000,2.240000,200
2011-10-20,2.180000,2.220000,2.180000,2.220000,2.220000,5200
2011-10-21,2.250000,2.250000,2.050000,2.140000,2.140000,5000
2011-10-24,2.140000,2.160000,1.990000,2.120000,2.120000,3700
2011-10-25,2.100000,2.100000,2.030000,2.080000,2.080000,1700
2011-10-26,2.080000,2.190000,2.000000,2.070000,2.070000,9700
2011-10-27,2.070000,2.500000,2.070000,2.280000,2.280000,32600
2011-10-28,2.260000,2.470000,2.200000,2.370000,2.370000,16900
2011-10-31,2.400000,2.410000,2.200000,2.380000,2.380000,6100
2011-11-01,2.260000,2.370000,2.150000,2.250000,2.250000,6500
2011-11-02,2.250000,2.280000,2.190000,2.250000,2.250000,4400
2011-11-03,2.280000,2.380000,2.280000,2.350000,2.350000,2800
2011-11-04,2.290000,2.510000,2.290000,2.510000,2.510000,19800
2011-11-07,2.490000,2.490000,2.420000,2.450000,2.450000,3200
2011-11-08,2.440000,2.440000,2.420000,2.420000,2.420000,900
2011-11-09,2.350000,2.350000,2.250000,2.250000,2.250000,2400
2011-11-10,2.330000,2.330000,2.240000,2.280000,2.280000,6800
2011-11-11,2.260000,2.610000,2.260000,2.340000,2.340000,10800
2011-11-14,2.340000,2.360000,2.250000,2.270000,2.270000,4000
2011-11-15,2.270000,2.280000,2.210000,2.260000,2.260000,1300
2011-11-16,2.240000,2.240000,2.230000,2.240000,2.240000,1900
2011-11-17,2.200000,2.200000,2.130000,2.190000,2.190000,2400
2011-11-18,2.190000,2.210000,2.180000,2.210000,2.210000,800
2011-11-21,2.120000,2.150000,2.010000,2.130000,2.130000,16500
2011-11-22,2.100000,2.100000,2.070000,2.080000,2.080000,2100
2011-11-23,2.050000,2.050000,2.050000,2.050000,2.050000,2200
2011-11-25,2.060000,2.160000,2.060000,2.130000,2.130000,3000
2011-11-28,2.160000,2.280000,2.130000,2.140000,2.140000,5500
2011-11-29,2.140000,2.140000,2.140000,2.140000,2.140000,0
2011-11-30,2.230000,2.360000,2.110000,2.260000,2.260000,15700
2011-12-01,2.300000,2.300000,2.210000,2.270000,2.270000,2100
2011-12-02,2.260000,2.260000,2.160000,2.160000,2.160000,400
2011-12-05,2.170000,2.170000,2.140000,2.170000,2.170000,5800
2011-12-06,2.140000,2.200000,2.050000,2.200000,2.200000,12700
2011-12-07,2.110000,2.160000,2.110000,2.160000,2.160000,700
2011-12-08,2.160000,2.160000,2.160000,2.160000,2.160000,0
2011-12-09,2.200000,2.330000,2.100000,2.150000,2.150000,11000
2011-12-12,2.140000,2.160000,2.100000,2.160000,2.160000,6900
2011-12-13,2.100000,2.190000,2.100000,2.140000,2.140000,13300
2011-12-14,2.110000,2.130000,2.080000,2.120000,2.120000,9400
2011-12-15,2.110000,2.270000,2.110000,2.270000,2.270000,13600
2011-12-16,2.280000,2.360000,2.280000,2.360000,2.360000,3200
2011-12-19,2.280000,2.370000,2.200000,2.350000,2.350000,12600
2011-12-20,2.350000,2.360000,2.200000,2.360000,2.360000,13100
2011-12-21,2.270000,2.310000,2.270000,2.290000,2.290000,500
2011-12-22,2.280000,2.280000,2.240000,2.240000,2.240000,3000
2011-12-23,2.230000,2.340000,2.220000,2.230000,2.230000,8200
2011-12-27,2.210000,2.210000,2.080000,2.090000,2.090000,24600
2011-12-28,2.100000,2.100000,2.080000,2.080000,2.080000,1500
2011-12-29,2.080000,2.100000,2.060000,2.080000,2.080000,5400
2011-12-30,2.090000,2.250000,2.020000,2.240000,2.240000,26000
2012-01-03,2.250000,2.250000,2.120000,2.170000,2.170000,7200
2012-01-04,2.170000,2.180000,2.170000,2.180000,2.180000,1300
2012-01-05,2.150000,2.190000,2.120000,2.180000,2.180000,10300
2012-01-06,2.160000,2.190000,2.160000,2.190000,2.190000,3200
2012-01-09,2.180000,2.180000,2.100000,2.120000,2.120000,19200
2012-01-10,2.150000,2.150000,2.080000,2.080000,2.080000,14900
2012-01-11,2.090000,2.090000,2.070000,2.070000,2.070000,1200
2012-01-12,2.060000,2.060000,2.010000,2.040000,2.040000,3900
2012-01-13,2.050000,2.050000,2.030000,2.040000,2.040000,1700
2012-01-17,2.070000,2.100000,2.060000,2.070000,2.070000,5600
2012-01-18,2.060000,2.070000,2.060000,2.070000,2.070000,1300
2012-01-19,2.080000,2.110000,2.060000,2.060000,2.060000,3300
2012-01-20,2.060000,2.060000,1.960000,2.040000,2.040000,2800
2012-01-23,2.020000,2.030000,2.020000,2.030000,2.030000,1200
2012-01-24,2.030000,2.030000,2.030000,2.030000,2.030000,800
2012-01-25,2.010000,2.030000,2.000000,2.010000,2.010000,4700
2012-01-26,2.020000,2.030000,2.020000,2.030000,2.030000,2200
2012-01-27,2.050000,2.050000,2.050000,2.050000,2.050000,21700
2012-01-30,2.030000,2.100000,2.030000,2.090000,2.090000,4200
2012-01-31,2.100000,2.100000,2.080000,2.080000,2.080000,2600
2012-02-01,2.130000,2.130000,1.990000,2.100000,2.100000,9100
2012-02-02,2.100000,2.110000,2.050000,2.080000,2.080000,4700
2012-02-03,2.090000,2.110000,2.080000,2.080000,2.080000,5600
2012-02-06,2.090000,2.090000,2.090000,2.090000,2.090000,1300
2012-02-07,2.070000,2.080000,2.060000,2.060000,2.060000,2100
2012-02-08,2.080000,2.110000,2.080000,2.110000,2.110000,3600
2012-02-09,2.130000,2.140000,2.010000,2.010000,2.010000,15400
2012-02-10,2.000000,2.050000,2.000000,2.010000,2.010000,6200
2012-02-13,2.040000,2.150000,2.040000,2.150000,2.150000,4000
2012-02-14,2.130000,2.130000,2.030000,2.030000,2.030000,2500
2012-02-15,2.070000,2.090000,2.050000,2.050000,2.050000,7100
2012-02-16,2.030000,2.090000,1.830000,2.060000,2.060000,11900
2012-02-17,2.060000,2.060000,2.060000,2.060000,2.060000,0
2012-02-21,2.030000,2.060000,2.030000,2.050000,2.050000,2000
2012-02-22,2.070000,2.070000,2.070000,2.070000,2.070000,400
2012-02-23,2.050000,2.090000,2.050000,2.090000,2.090000,1300
2012-02-24,2.070000,2.070000,2.070000,2.070000,2.070000,400
2012-02-27,2.050000,2.070000,1.950000,2.060000,2.060000,23200
2012-02-28,2.050000,2.140000,2.050000,2.140000,2.140000,2300
2012-02-29,2.110000,2.120000,2.100000,2.110000,2.110000,1800
2012-03-01,2.120000,2.140000,2.080000,2.140000,2.140000,11000
2012-03-02,2.100000,2.100000,2.060000,2.070000,2.070000,3400
2012-03-05,2.070000,2.090000,1.930000,2.040000,2.040000,8100
2012-03-06,2.040000,2.040000,2.040000,2.040000,2.040000,0
2012-03-07,2.030000,2.040000,2.000000,2.010000,2.010000,3000
2012-03-08,2.000000,2.000000,2.000000,2.000000,2.000000,1100
2012-03-09,2.010000,2.010000,1.950000,1.960000,1.960000,3100
2012-03-12,1.980000,1.990000,1.950000,1.960000,1.960000,4100
2012-03-13,1.970000,2.000000,1.960000,1.980000,1.980000,2200
2012-03-14,1.990000,2.000000,1.970000,2.000000,2.000000,11100
2012-03-15,2.010000,2.070000,2.010000,2.070000,2.070000,2900
2012-03-16,1.990000,2.060000,1.990000,2.060000,2.060000,3700
2012-03-19,2.060000,2.100000,2.060000,2.100000,2.100000,1300
2012-03-20,2.060000,2.060000,2.060000,2.060000,2.060000,500
2012-03-21,2.080000,2.080000,1.960000,1.960000,1.960000,4500
2012-03-22,1.980000,2.040000,1.980000,2.020000,2.020000,2900
2012-03-23,2.030000,2.100000,2.030000,2.080000,2.080000,7200
2012-03-26,2.070000,2.070000,2.000000,2.070000,2.070000,1000
2012-03-27,2.100000,2.120000,2.080000,2.090000,2.090000,7000
2012-03-28,2.070000,2.150000,2.040000,2.130000,2.130000,12000
2012-03-29,2.130000,2.170000,2.100000,2.160000,2.160000,7400
2012-03-30,2.190000,2.280000,2.170000,2.270000,2.270000,7800
2012-04-02,2.240000,2.280000,2.190000,2.240000,2.240000,2200
2012-04-03,2.220000,2.220000,2.120000,2.140000,2.140000,5000
2012-04-04,2.100000,2.130000,2.070000,2.070000,2.070000,11700
2012-04-05,2.000000,2.210000,2.000000,2.090000,2.090000,9900
2012-04-09,2.070000,2.070000,2.050000,2.050000,2.050000,5200
2012-04-10,2.030000,2.100000,2.020000,2.040000,2.040000,6800
2012-04-11,2.080000,2.100000,2.000000,2.070000,2.070000,11800
2012-04-12,2.040000,2.080000,2.040000,2.080000,2.080000,1200
2012-04-13,2.060000,2.060000,2.000000,2.020000,2.020000,5000
2012-04-16,2.040000,2.060000,2.030000,2.030000,2.030000,1500
2012-04-17,2.030000,2.050000,2.030000,2.050000,2.050000,600
2012-04-18,2.030000,2.030000,2.020000,2.020000,2.020000,1100
2012-04-19,2.040000,2.040000,2.020000,2.020000,2.020000,6200
2012-04-20,2.020000,2.070000,2.000000,2.030000,2.030000,13500
2012-04-23,2.000000,2.040000,2.000000,2.020000,2.020000,10900
2012-04-24,2.020000,2.020000,2.020000,2.020000,2.020000,2000
2012-04-25,2.020000,2.040000,2.000000,2.040000,2.040000,12700
2012-04-26,2.010000,2.050000,1.980000,2.010000,2.010000,21500
2012-04-27,2.010000,2.100000,1.960000,2.100000,2.100000,31000
2012-04-30,2.090000,2.180000,2.090000,2.180000,2.180000,24000
2012-05-01,2.170000,2.170000,2.140000,2.140000,2.140000,1700
2012-05-02,2.150000,2.150000,2.030000,2.040000,2.040000,5000
2012-05-03,2.030000,2.040000,2.010000,2.030000,2.030000,16000
2012-05-04,2.010000,2.010000,2.010000,2.010000,2.010000,2000
2012-05-07,2.020000,2.090000,2.020000,2.070000,2.070000,4300
2012-05-08,2.050000,2.050000,2.000000,2.020000,2.020000,11600
2012-05-09,2.030000,2.030000,2.000000,2.000000,2.000000,6700
2012-05-10,2.000000,2.000000,2.000000,2.000000,2.000000,0
2012-05-11,2.000000,2.030000,1.990000,2.020000,2.020000,8600
2012-05-14,2.010000,2.010000,1.980000,1.980000,1.980000,2800
2012-05-15,2.000000,2.000000,1.980000,1.980000,1.980000,600
2012-05-16,1.980000,1.980000,1.980000,1.980000,1.980000,0
2012-05-17,1.980000,1.980000,1.810000,1.960000,1.960000,4500
2012-05-18,1.930000,1.970000,1.900000,1.960000,1.960000,8800
2012-05-21,1.950000,2.010000,1.950000,2.010000,2.010000,3700
2012-05-22,1.990000,2.020000,1.990000,1.990000,1.990000,2000
2012-05-23,1.990000,2.000000,1.990000,2.000000,2.000000,1100
2012-05-24,2.010000,2.040000,2.010000,2.030000,2.030000,3100
2012-05-25,1.990000,2.070000,1.990000,2.050000,2.050000,6500
2012-05-29,2.030000,2.100000,2.030000,2.100000,2.100000,63700
2012-05-30,2.110000,2.130000,2.070000,2.130000,2.130000,3000
2012-05-31,2.100000,2.180000,2.070000,2.180000,2.180000,7300
2012-06-01,2.180000,2.180000,2.180000,2.180000,2.180000,0
2012-06-04,2.150000,2.150000,2.070000,2.080000,2.080000,14900
2012-06-05,2.080000,2.090000,2.080000,2.090000,2.090000,1600
2012-06-06,2.130000,2.160000,2.130000,2.160000,2.160000,3500
2012-06-07,2.160000,2.210000,2.120000,2.160000,2.160000,7600
2012-06-08,2.170000,2.200000,2.140000,2.170000,2.170000,5100
2012-06-11,2.170000,2.170000,2.130000,2.150000,2.150000,3600
2012-06-12,2.150000,2.160000,2.120000,2.150000,2.150000,10200
2012-06-13,2.140000,2.170000,2.120000,2.130000,2.130000,4900
2012-06-14,2.170000,2.170000,2.110000,2.140000,2.140000,6300
2012-06-15,2.140000,2.140000,2.140000,2.140000,2.140000,0
2012-06-18,2.150000,2.160000,2.140000,2.160000,2.160000,4100
2012-06-19,2.160000,2.190000,2.150000,2.190000,2.190000,12100
2012-06-20,2.180000,2.200000,2.180000,2.200000,2.200000,3500
2012-06-21,2.220000,2.220000,2.110000,2.210000,2.210000,15000
2012-06-22,2.220000,2.290000,2.220000,2.270000,2.270000,27300
2012-06-25,2.250000,2.290000,2.250000,2.290000,2.290000,14700
2012-06-26,2.280000,2.300000,2.280000,2.300000,2.300000,3800
2012-06-27,2.300000,2.500000,2.300000,2.440000,2.440000,31800
2012-06-28,2.440000,2.480000,2.330000,2.440000,2.440000,14800
2012-06-29,2.460000,2.460000,2.310000,2.440000,2.440000,3600
2012-07-02,2.410000,2.440000,2.340000,2.420000,2.420000,7100
2012-07-03,2.330000,2.390000,2.300000,2.380000,2.380000,5700
2012-07-05,2.330000,2.360000,2.300000,2.350000,2.350000,6700
2012-07-06,2.300000,2.350000,2.240000,2.350000,2.350000,1600
2012-07-09,2.280000,2.380000,2.280000,2.380000,2.380000,4300
2012-07-10,2.380000,2.390000,2.300000,2.350000,2.350000,1300
2012-07-11,2.330000,2.380000,2.270000,2.380000,2.380000,4200
2012-07-12,2.380000,2.380000,2.380000,2.380000,2.380000,500
2012-07-13,2.380000,2.380000,2.380000,2.380000,2.380000,400
2012-07-16,2.370000,2.370000,2.250000,2.340000,2.340000,5800
2012-07-17,2.320000,2.370000,2.240000,2.370000,2.370000,2900
2012-07-18,2.370000,2.370000,2.370000,2.370000,2.370000,0
2012-07-19,2.370000,2.370000,2.370000,2.370000,2.370000,200
2012-07-20,2.320000,2.350000,2.280000,2.340000,2.340000,4800
2012-07-23,2.310000,2.310000,2.270000,2.270000,2.270000,3000
2012-07-24,2.300000,2.340000,2.280000,2.300000,2.300000,3500
2012-07-25,2.300000,2.350000,2.300000,2.350000,2.350000,3000
2012-07-26,2.350000,2.390000,2.310000,2.370000,2.370000,6100
2012-07-27,2.380000,2.400000,2.260000,2.400000,2.400000,5100
2012-07-30,2.270000,2.400000,2.250000,2.400000,2.400000,13500
2012-07-31,2.400000,2.460000,2.290000,2.460000,2.460000,7000
2012-08-01,2.440000,2.440000,2.310000,2.310000,2.310000,3200
2012-08-02,2.260000,2.260000,2.120000,2.230000,2.230000,13100
2012-08-03,2.230000,2.330000,2.220000,2.320000,2.320000,5900
2012-08-06,2.280000,2.330000,2.280000,2.330000,2.330000,900
2012-08-07,2.330000,2.330000,2.330000,2.330000,2.330000,0
2012-08-08,2.400000,2.420000,2.330000,2.390000,2.390000,19500
2012-08-09,2.350000,2.350000,2.110000,2.130000,2.130000,12300
2012-08-10,2.150000,2.350000,2.150000,2.340000,2.340000,17400
2012-08-13,2.350000,2.350000,2.230000,2.330000,2.330000,2400
2012-08-14,2.300000,2.390000,2.240000,2.300000,2.300000,8000
2012-08-15,2.270000,2.290000,2.210000,2.230000,2.230000,9600
2012-08-16,2.200000,2.330000,2.090000,2.300000,2.300000,24800
2012-08-17,2.320000,2.340000,2.320000,2.340000,2.340000,1600
2012-08-20,2.300000,2.320000,2.160000,2.300000,2.300000,6200
2012-08-21,2.290000,2.300000,2.240000,2.300000,2.300000,3300
2012-08-22,2.280000,2.280000,2.240000,2.270000,2.270000,2300
2012-08-23,2.240000,2.270000,2.150000,2.260000,2.260000,8700
2012-08-24,2.090000,2.300000,2.090000,2.280000,2.280000,29000
2012-08-27,2.300000,2.340000,2.270000,2.300000,2.300000,8300
2012-08-28,2.250000,2.320000,2.240000,2.300000,2.300000,4500
2012-08-29,2.300000,2.310000,2.250000,2.310000,2.310000,1200
2012-08-30,2.290000,2.330000,2.270000,2.310000,2.310000,10200
2012-08-31,2.300000,2.400000,2.280000,2.340000,2.340000,19300
2012-09-04,2.340000,2.340000,2.340000,2.340000,2.340000,0
2012-09-05,2.310000,2.320000,2.270000,2.320000,2.320000,6300
2012-09-06,2.300000,2.310000,2.230000,2.300000,2.300000,3100
2012-09-07,2.280000,2.300000,2.210000,2.260000,2.260000,31800
2012-09-10,2.260000,2.260000,2.110000,2.250000,2.250000,5000
2012-09-11,2.240000,2.270000,2.120000,2.210000,2.210000,51200
2012-09-12,2.190000,2.250000,2.130000,2.250000,2.250000,35600
2012-09-13,2.220000,2.290000,2.140000,2.290000,2.290000,35800
2012-09-14,2.250000,2.250000,2.000000,2.170000,2.170000,379100
2012-09-17,2.220000,2.220000,2.030000,2.150000,2.150000,19800
2012-09-18,2.130000,2.130000,2.050000,2.110000,2.110000,1400
2012-09-19,2.110000,2.150000,2.100000,2.140000,2.140000,50900
2012-09-20,2.110000,2.160000,2.050000,2.160000,2.160000,37400
2012-09-21,2.150000,2.150000,2.080000,2.140000,2.140000,300
2012-09-24,2.130000,2.230000,2.060000,2.170000,2.170000,5700
2012-09-25,2.150000,2.190000,2.100000,2.190000,2.190000,9600
2012-09-26,2.190000,2.190000,2.100000,2.180000,2.180000,13700
2012-09-27,2.160000,2.170000,2.050000,2.170000,2.170000,109500
2012-09-28,2.140000,2.190000,2.050000,2.190000,2.190000,88800
2012-10-01,2.160000,2.160000,2.040000,2.060000,2.060000,117200
2012-10-02,2.050000,2.110000,2.050000,2.080000,2.080000,63500
2012-10-03,2.070000,2.120000,2.050000,2.120000,2.120000,51400
2012-10-04,2.150000,2.180000,2.090000,2.130000,2.130000,7500
2012-10-05,2.130000,2.130000,2.120000,2.130000,2.130000,2000
2012-10-08,2.090000,2.130000,2.060000,2.130000,2.130000,2800
2012-10-09,2.090000,2.110000,2.060000,2.070000,2.070000,4600
2012-10-10,2.090000,2.110000,2.070000,2.110000,2.110000,1800
2012-10-11,2.090000,2.110000,2.080000,2.100000,2.100000,400
2012-10-12,2.060000,2.110000,2.020000,2.050000,2.050000,4900
2012-10-15,2.070000,2.430000,2.070000,2.330000,2.330000,246900
2012-10-16,2.380000,2.420000,2.320000,2.370000,2.370000,131500
2012-10-17,2.390000,2.480000,2.360000,2.420000,2.420000,26300
2012-10-18,2.440000,2.460000,2.360000,2.440000,2.440000,9000
2012-10-19,2.450000,2.450000,2.350000,2.390000,2.390000,6500
2012-10-22,2.370000,2.440000,2.370000,2.440000,2.440000,2600
2012-10-23,2.420000,2.460000,2.380000,2.450000,2.450000,11200
2012-10-24,2.450000,2.450000,2.450000,2.450000,2.450000,500
2012-10-25,2.450000,2.450000,2.390000,2.440000,2.440000,2000
2012-10-26,2.410000,2.440000,2.350000,2.430000,2.430000,8100
2012-10-31,2.430000,2.460000,2.340000,2.460000,2.460000,8300
2012-11-01,2.450000,2.450000,2.330000,2.430000,2.430000,6700
2012-11-02,2.380000,2.430000,2.350000,2.410000,2.410000,10100
2012-11-05,2.330000,2.380000,2.180000,2.380000,2.380000,6400
2012-11-06,2.360000,2.360000,2.360000,2.360000,2.360000,300
2012-11-07,2.230000,2.330000,2.230000,2.330000,2.330000,1900
2012-11-08,2.350000,2.380000,2.300000,2.340000,2.340000,1500
2012-11-09,2.340000,2.340000,2.290000,2.300000,2.300000,20800
2012-11-12,2.260000,2.410000,2.260000,2.410000,2.410000,1500
2012-11-13,2.380000,2.400000,2.340000,2.360000,2.360000,1300
2012-11-14,2.390000,2.390000,2.210000,2.250000,2.250000,5900
2012-11-15,2.220000,2.440000,2.220000,2.400000,2.400000,4700
2012-11-16,2.360000,2.420000,2.310000,2.310000,2.310000,3000
2012-11-19,2.310000,2.410000,2.310000,2.380000,2.380000,2200
2012-11-20,2.310000,2.400000,2.310000,2.400000,2.400000,3300
2012-11-21,2.380000,2.400000,2.370000,2.400000,2.400000,500
2012-11-23,2.390000,2.430000,2.390000,2.430000,2.430000,600
2012-11-26,2.390000,2.430000,2.310000,2.420000,2.420000,2800
2012-11-27,2.320000,2.440000,2.310000,2.410000,2.410000,9800
2012-11-28,2.310000,2.410000,2.310000,2.410000,2.410000,11400
2012-11-29,2.380000,2.390000,2.350000,2.390000,2.390000,2300
2012-11-30,2.330000,2.490000,2.330000,2.490000,2.490000,10900
2012-12-03,2.380000,2.440000,2.270000,2.380000,2.380000,14000
2012-12-04,2.440000,2.440000,2.390000,2.390000,2.390000,1900
2012-12-05,2.350000,2.390000,2.340000,2.340000,2.340000,7300
2012-12-06,2.320000,2.320000,2.310000,2.310000,2.310000,700
2012-12-07,2.300000,2.440000,2.300000,2.420000,2.420000,113300
2012-12-10,2.390000,2.410000,2.300000,2.400000,2.400000,13500
2012-12-11,2.380000,2.400000,2.340000,2.400000,2.400000,1800
2012-12-12,2.330000,2.390000,2.320000,2.390000,2.390000,12800
2012-12-13,2.250000,2.380000,2.250000,2.370000,2.370000,9700
2012-12-14,2.370000,2.400000,2.330000,2.400000,2.400000,1800
2012-12-17,2.380000,2.380000,2.250000,2.370000,2.370000,12700
2012-12-18,2.340000,2.350000,2.290000,2.350000,2.350000,5300
2012-12-19,2.350000,2.410000,2.350000,2.410000,2.410000,4400
2012-12-20,2.370000,2.690000,2.320000,2.450000,2.450000,1040900
2012-12-21,2.420000,2.420000,2.200000,2.340000,2.340000,36400
2012-12-24,2.380000,2.380000,2.320000,2.320000,2.320000,1700
2012-12-26,2.340000,2.340000,2.240000,2.270000,2.270000,2000
2012-12-27,2.270000,2.330000,2.230000,2.280000,2.280000,14200
2012-12-28,2.280000,2.280000,2.280000,2.280000,2.280000,0
2012-12-31,2.310000,2.370000,2.310000,2.360000,2.360000,12800
2013-01-02,2.330000,2.400000,2.280000,2.400000,2.400000,9700
2013-01-03,2.360000,2.360000,2.250000,2.260000,2.260000,4300
2013-01-04,2.290000,2.290000,2.280000,2.290000,2.290000,2100
2013-01-07,2.280000,2.310000,2.280000,2.300000,2.300000,2600
2013-01-08,2.340000,2.340000,2.310000,2.340000,2.340000,3700
2013-01-09,2.350000,2.360000,2.340000,2.350000,2.350000,2800
2013-01-10,2.330000,2.380000,2.270000,2.300000,2.300000,6600
2013-01-11,2.310000,2.320000,2.280000,2.290000,2.290000,3400
2013-01-14,2.300000,2.350000,2.280000,2.350000,2.350000,800
2013-01-15,2.320000,2.320000,2.280000,2.280000,2.280000,2500
2013-01-16,2.250000,2.290000,2.250000,2.290000,2.290000,6100
2013-01-17,2.270000,2.300000,2.270000,2.300000,2.300000,700
2013-01-18,2.280000,2.310000,2.270000,2.270000,2.270000,7000
2013-01-22,2.270000,2.270000,2.270000,2.270000,2.270000,0
2013-01-23,2.270000,2.270000,2.270000,2.270000,2.270000,0
2013-01-24,2.260000,2.320000,2.260000,2.320000,2.320000,11300
2013-01-25,2.320000,2.320000,2.320000,2.320000,2.320000,0
2013-01-28,2.250000,2.280000,2.250000,2.270000,2.270000,9300
2013-01-29,2.260000,2.290000,2.260000,2.290000,2.290000,4000
2013-01-30,2.280000,2.280000,2.280000,2.280000,2.280000,200
2013-01-31,2.260000,2.260000,2.250000,2.250000,2.250000,1100
2013-02-01,2.260000,2.260000,2.110000,2.200000,2.200000,38300
2013-02-04,2.170000,2.200000,2.170000,2.200000,2.200000,2300
2013-02-05,2.160000,2.190000,2.150000,2.170000,2.170000,14000
2013-02-06,2.190000,2.210000,2.150000,2.180000,2.180000,3900
2013-02-07,2.140000,2.170000,2.120000,2.160000,2.160000,21400
2013-02-08,2.140000,2.140000,2.140000,2.140000,2.140000,900
2013-02-11,2.130000,2.140000,2.120000,2.140000,2.140000,2800
2013-02-12,2.150000,2.200000,2.150000,2.200000,2.200000,7100
2013-02-13,2.180000,2.210000,2.180000,2.210000,2.210000,900
2013-02-14,2.190000,2.230000,2.190000,2.230000,2.230000,5600
2013-02-15,2.220000,2.220000,2.180000,2.210000,2.210000,1000
2013-02-19,2.150000,2.220000,2.140000,2.210000,2.210000,2900
2013-02-20,2.160000,2.210000,2.150000,2.150000,2.150000,9500
2013-02-21,2.150000,2.150000,2.100000,2.100000,2.100000,20900
2013-02-22,2.140000,2.250000,2.100000,2.250000,2.250000,8200
2013-02-25,2.200000,2.230000,2.200000,2.200000,2.200000,3100
2013-02-26,2.200000,2.250000,2.130000,2.250000,2.250000,7600
2013-02-27,2.200000,2.240000,2.200000,2.220000,2.220000,12800
2013-02-28,2.180000,2.250000,2.120000,2.250000,2.250000,14700
2013-03-01,2.240000,2.240000,2.190000,2.190000,2.190000,2200
2013-03-04,2.160000,2.250000,2.130000,2.240000,2.240000,9800
2013-03-05,2.210000,2.210000,2.210000,2.210000,2.210000,400
2013-03-06,2.170000,2.180000,2.170000,2.180000,2.180000,500
2013-03-07,2.160000,2.180000,2.160000,2.160000,2.160000,5400
2013-03-08,2.150000,2.150000,2.150000,2.150000,2.150000,1600
2013-03-11,2.130000,2.180000,2.130000,2.180000,2.180000,4500
2013-03-12,2.180000,2.180000,2.180000,2.180000,2.180000,0
2013-03-13,2.210000,2.210000,2.190000,2.190000,2.190000,2100
2013-03-14,2.150000,2.170000,2.150000,2.160000,2.160000,6400
2013-03-15,2.140000,2.160000,2.140000,2.160000,2.160000,2500
2013-03-18,2.210000,2.210000,2.180000,2.180000,2.180000,6900
2013-03-19,2.180000,2.180000,2.180000,2.180000,2.180000,800
2013-03-20,2.160000,2.180000,2.150000,2.170000,2.170000,8800
2013-03-21,2.170000,2.170000,2.100000,2.110000,2.110000,8400
2013-03-22,2.110000,2.120000,2.100000,2.100000,2.100000,3100
2013-03-25,2.100000,2.100000,2.100000,2.100000,2.100000,0
2013-03-26,2.100000,2.100000,2.100000,2.100000,2.100000,0
2013-03-27,2.100000,2.160000,2.100000,2.140000,2.140000,1200
2013-03-28,2.130000,2.170000,2.130000,2.160000,2.160000,5700
2013-04-01,2.150000,2.150000,2.110000,2.110000,2.110000,3100
2013-04-02,2.110000,2.110000,2.110000,2.110000,2.110000,300
2013-04-03,2.100000,2.100000,2.100000,2.100000,2.100000,400
2013-04-04,2.100000,2.100000,2.100000,2.100000,2.100000,1800
2013-04-05,2.100000,2.140000,2.100000,2.100000,2.100000,1900
2013-04-08,2.110000,2.130000,2.110000,2.130000,2.130000,200
2013-04-09,2.110000,2.110000,2.110000,2.110000,2.110000,800
2013-04-10,2.100000,2.100000,2.100000,2.100000,2.100000,3000
2013-04-11,2.100000,2.100000,2.100000,2.100000,2.100000,800
2013-04-12,2.110000,2.110000,2.110000,2.110000,2.110000,500
2013-04-15,2.110000,2.110000,2.110000,2.110000,2.110000,700
2013-04-16,2.110000,2.110000,2.110000,2.110000,2.110000,3200
2013-04-17,2.100000,2.110000,2.100000,2.110000,2.110000,2100
2013-04-18,2.120000,2.120000,2.090000,2.100000,2.100000,3200
2013-04-19,2.100000,2.100000,2.100000,2.100000,2.100000,0
2013-04-22,2.090000,2.110000,2.090000,2.110000,2.110000,2200
2013-04-23,2.110000,2.110000,2.100000,2.110000,2.110000,15300
2013-04-24,2.110000,2.110000,2.100000,2.110000,2.110000,4700
2013-04-25,2.110000,2.110000,2.090000,2.100000,2.100000,10700
2013-04-26,2.090000,2.110000,2.090000,2.110000,2.110000,1500
2013-04-29,2.110000,2.110000,2.070000,2.070000,2.070000,3100
2013-04-30,2.030000,2.130000,2.010000,2.130000,2.130000,15600
2013-05-01,2.100000,2.100000,2.100000,2.100000,2.100000,700
2013-05-02,2.100000,2.100000,2.100000,2.100000,2.100000,0
2013-05-03,2.130000,2.130000,2.130000,2.130000,2.130000,10000
2013-05-06,2.080000,2.080000,2.040000,2.040000,2.040000,600
2013-05-07,2.030000,2.050000,2.010000,2.050000,2.050000,21900
2013-05-08,2.100000,2.100000,2.070000,2.100000,2.100000,1600
2013-05-09,2.060000,2.120000,2.050000,2.120000,2.120000,11800
2013-05-10,2.120000,2.170000,2.090000,2.170000,2.170000,8300
2013-05-13,2.130000,2.170000,2.070000,2.170000,2.170000,2900
2013-05-14,2.070000,2.240000,2.020000,2.240000,2.240000,7100
2013-05-15,2.210000,2.210000,2.120000,2.180000,2.180000,5000
2013-05-16,2.180000,2.180000,2.180000,2.180000,2.180000,0
2013-05-17,2.180000,2.180000,2.180000,2.180000,2.180000,0
2013-05-20,2.150000,2.150000,2.090000,2.150000,2.150000,5700
2013-05-21,2.100000,2.130000,2.030000,2.100000,2.100000,36400
2013-05-22,2.050000,2.080000,2.020000,2.020000,2.020000,5000
2013-05-23,2.020000,2.160000,2.020000,2.150000,2.150000,8100
2013-05-24,2.100000,2.110000,2.090000,2.090000,2.090000,1200
2013-05-28,2.050000,2.090000,2.050000,2.090000,2.090000,1000
2013-05-29,2.110000,2.110000,2.050000,2.050000,2.050000,10500
2013-05-30,2.070000,2.120000,2.070000,2.120000,2.120000,800
2013-05-31,2.130000,2.130000,2.100000,2.120000,2.120000,1700
2013-06-03,2.050000,2.060000,2.050000,2.050000,2.050000,1900
2013-06-04,2.050000,2.050000,2.050000,2.050000,2.050000,0
2013-06-05,2.030000,2.030000,2.030000,2.030000,2.030000,400
2013-06-06,2.020000,2.030000,2.020000,2.030000,2.030000,1400
2013-06-07,2.050000,2.060000,2.030000,2.060000,2.060000,1200
2013-06-10,2.020000,2.110000,2.020000,2.090000,2.090000,2400
2013-06-11,2.100000,2.100000,2.090000,2.090000,2.090000,3300
2013-06-12,2.090000,2.110000,2.090000,2.100000,2.100000,800
2013-06-13,2.100000,2.100000,2.040000,2.050000,2.050000,18000
2013-06-14,2.050000,2.050000,2.020000,2.020000,2.020000,3200
2013-06-17,2.030000,2.030000,2.000000,2.010000,2.010000,9000
2013-06-18,2.030000,2.030000,2.030000,2.030000,2.030000,100
2013-06-19,2.020000,2.020000,2.020000,2.020000,2.020000,400
2013-06-20,2.010000,2.020000,2.000000,2.000000,2.000000,5200
2013-06-21,1.930000,2.000000,1.790000,1.980000,1.980000,18000
2013-06-24,1.960000,1.970000,1.850000,1.860000,1.860000,19800
2013-06-25,1.890000,1.960000,1.890000,1.930000,1.930000,2700
2013-06-26,1.970000,1.980000,1.890000,1.890000,1.890000,1100
2013-06-27,1.910000,1.910000,1.890000,1.890000,1.890000,700
2013-06-28,1.910000,1.930000,1.870000,1.910000,1.910000,1900
2013-07-01,1.870000,1.870000,1.870000,1.870000,1.870000,1100
2013-07-02,1.870000,1.930000,1.850000,1.920000,1.920000,22100
2013-07-03,1.920000,1.920000,1.920000,1.920000,1.920000,0
2013-07-05,1.850000,2.050000,1.850000,1.950000,1.950000,800
2013-07-08,2.000000,2.000000,1.970000,1.990000,1.990000,10600
2013-07-09,1.990000,1.990000,1.960000,1.980000,1.980000,900
2013-07-10,1.980000,1.980000,1.980000,1.980000,1.980000,0
2013-07-11,1.970000,1.980000,1.940000,1.950000,1.950000,1100
2013-07-12,1.950000,1.950000,1.950000,1.950000,1.950000,0
2013-07-15,1.940000,1.940000,1.930000,1.940000,1.940000,1800
2013-07-16,1.930000,1.930000,1.910000,1.910000,1.910000,2800
2013-07-17,1.900000,1.900000,1.730000,1.880000,1.880000,7800
2013-07-18,1.850000,1.920000,1.820000,1.820000,1.820000,11100
2013-07-19,1.800000,1.850000,1.760000,1.850000,1.850000,1300
2013-07-22,1.870000,1.910000,1.840000,1.900000,1.900000,2500
2013-07-23,1.880000,1.970000,1.880000,1.970000,1.970000,4500
2013-07-24,1.970000,1.970000,1.970000,1.970000,1.970000,0
2013-07-25,1.970000,1.990000,1.970000,1.990000,1.990000,11100
2013-07-26,1.830000,2.000000,1.830000,2.000000,2.000000,1400
2013-07-29,1.980000,1.980000,1.970000,1.970000,1.970000,1100
2013-07-30,1.910000,1.950000,1.850000,1.950000,1.950000,4100
2013-07-31,1.960000,1.970000,1.890000,1.890000,1.890000,1000
2013-08-01,1.880000,1.880000,1.880000,1.880000,1.880000,200
2013-08-02,1.880000,1.880000,1.880000,1.880000,1.880000,0
2013-08-05,1.910000,1.940000,1.910000,1.940000,1.940000,8400
2013-08-06,1.880000,1.990000,1.860000,1.950000,1.950000,2300
2013-08-07,1.950000,1.950000,1.950000,1.950000,1.950000,0
2013-08-08,1.990000,1.990000,1.950000,1.950000,1.950000,500
2013-08-09,1.870000,1.950000,1.840000,1.920000,1.920000,6600
2013-08-12,1.860000,1.890000,1.860000,1.880000,1.880000,2000
2013-08-13,1.900000,1.910000,1.850000,1.850000,1.850000,5000
2013-08-14,1.840000,1.840000,1.830000,1.830000,1.830000,800
2013-08-15,1.830000,1.830000,1.830000,1.830000,1.830000,5200
2013-08-16,1.850000,1.870000,1.850000,1.850000,1.850000,19100
2013-08-19,1.850000,1.890000,1.850000,1.890000,1.890000,36600
2013-08-20,1.850000,1.940000,1.850000,1.940000,1.940000,4600
2013-08-21,1.940000,1.940000,1.940000,1.940000,1.940000,0
2013-08-22,1.970000,1.970000,1.970000,1.970000,1.970000,200
2013-08-23,1.960000,1.960000,1.930000,1.930000,1.930000,300
2013-08-26,1.880000,1.920000,1.880000,1.890000,1.890000,800
2013-08-27,1.900000,1.970000,1.880000,1.880000,1.880000,1500
2013-08-28,1.880000,1.970000,1.850000,1.910000,1.910000,2400
2013-08-29,1.940000,1.950000,1.860000,1.860000,1.860000,2200
2013-08-30,2.080000,2.080000,1.880000,1.970000,1.970000,1900
2013-09-03,1.990000,2.010000,1.870000,1.870000,1.870000,50800
2013-09-04,1.880000,1.980000,1.880000,1.980000,1.980000,3300
2013-09-05,1.980000,1.980000,1.980000,1.980000,1.980000,0
2013-09-06,2.080000,2.080000,1.910000,1.990000,1.990000,2200
2013-09-09,2.020000,2.020000,2.020000,2.020000,2.020000,400
2013-09-10,1.990000,1.990000,1.950000,1.990000,1.990000,8000
2013-09-11,1.960000,1.960000,1.960000,1.960000,1.960000,400
2013-09-12,1.960000,1.990000,1.960000,1.990000,1.990000,600
2013-09-13,1.950000,1.980000,1.950000,1.960000,1.960000,1900
2013-09-16,1.960000,1.960000,1.880000,1.950000,1.950000,4300
2013-09-17,1.940000,1.940000,1.850000,1.890000,1.890000,5800
2013-09-18,1.960000,1.980000,1.940000,1.950000,1.950000,1800
2013-09-19,1.930000,1.930000,1.930000,1.930000,1.930000,200
2013-09-20,1.890000,1.890000,1.890000,1.890000,1.890000,2000
2013-09-23,1.970000,1.970000,1.880000,1.880000,1.880000,2700
2013-09-24,1.880000,1.880000,1.880000,1.880000,1.880000,300
2013-09-25,1.850000,1.850000,1.850000,1.850000,1.850000,300
2013-09-26,1.880000,1.880000,1.880000,1.880000,1.880000,400
2013-09-27,1.870000,1.870000,1.850000,1.850000,1.850000,800
2013-09-30,1.880000,1.890000,1.880000,1.890000,1.890000,600
2013-10-01,1.900000,1.900000,1.860000,1.870000,1.870000,3400
2013-10-02,1.860000,1.860000,1.860000,1.860000,1.860000,300
2013-10-03,1.860000,1.860000,1.860000,1.860000,1.860000,7800
2013-10-04,1.880000,1.890000,1.880000,1.890000,1.890000,6400
2013-10-07,1.860000,1.860000,1.860000,1.860000,1.860000,5000
2013-10-08,1.850000,1.860000,1.850000,1.860000,1.860000,3400
2013-10-09,1.860000,1.860000,1.820000,1.820000,1.820000,4900
2013-10-10,1.820000,1.820000,1.820000,1.820000,1.820000,4200
2013-10-11,1.810000,1.870000,1.730000,1.870000,1.870000,500
2013-10-14,1.720000,1.810000,1.720000,1.790000,1.790000,3500
2013-10-15,1.750000,1.770000,1.750000,1.770000,1.770000,1900
2013-10-16,1.750000,1.780000,1.730000,1.750000,1.750000,5300
2013-10-17,1.750000,1.750000,1.750000,1.750000,1.750000,10300
2013-10-18,1.730000,1.730000,1.730000,1.730000,1.730000,2000
2013-10-21,1.720000,1.800000,1.720000,1.780000,1.780000,13400
2013-10-22,1.800000,1.800000,1.800000,1.800000,1.800000,200
2013-10-23,1.810000,1.840000,1.810000,1.840000,1.840000,10300
2013-10-24,1.840000,1.840000,1.840000,1.840000,1.840000,200
2013-10-25,1.870000,1.880000,1.850000,1.870000,1.870000,5400
2013-10-28,1.890000,1.890000,1.890000,1.890000,1.890000,3300
2013-10-29,1.900000,1.900000,1.900000,1.900000,1.900000,100
2013-10-30,1.900000,1.920000,1.890000,1.920000,1.920000,4000
2013-10-31,1.950000,1.950000,1.900000,1.900000,1.900000,300
2013-11-01,1.900000,1.900000,1.890000,1.900000,1.900000,2300
2013-11-04,1.920000,1.920000,1.910000,1.920000,1.920000,3300
2013-11-05,1.890000,1.890000,1.890000,1.890000,1.890000,100
2013-11-06,1.920000,1.930000,1.920000,1.920000,1.920000,9100
2013-11-07,1.900000,1.910000,1.900000,1.910000,1.910000,3800
2013-11-08,1.910000,1.910000,1.900000,1.900000,1.900000,5100
2013-11-11,1.900000,1.900000,1.900000,1.900000,1.900000,0
2013-11-12,1.890000,1.890000,1.890000,1.890000,1.890000,1400
2013-11-13,1.890000,1.940000,1.890000,1.940000,1.940000,13200
2013-11-14,2.010000,2.010000,1.940000,1.940000,1.940000,7000
2013-11-15,1.960000,1.990000,1.960000,1.970000,1.970000,3600
2013-11-18,1.970000,1.970000,1.870000,1.930000,1.930000,16300
2013-11-19,1.960000,1.970000,1.880000,1.890000,1.890000,19300
2013-11-20,1.950000,1.950000,1.850000,1.950000,1.950000,4500
2013-11-21,1.950000,1.950000,1.850000,1.940000,1.940000,13800
2013-11-22,1.880000,1.940000,1.860000,1.940000,1.940000,12300
2013-11-25,1.920000,2.000000,1.900000,1.940000,1.940000,8400
2013-11-26,1.990000,1.990000,1.910000,1.960000,1.960000,9400
2013-11-27,1.960000,1.970000,1.940000,1.950000,1.950000,11900
2013-11-29,1.940000,2.070000,1.940000,2.070000,2.070000,6600
2013-12-02,2.000000,2.010000,1.980000,1.980000,1.980000,28700
2013-12-03,1.950000,1.970000,1.950000,1.970000,1.970000,1100
2013-12-04,1.950000,2.050000,1.910000,1.990000,1.990000,47800
2013-12-05,1.930000,2.030000,1.930000,1.990000,1.990000,1100
2013-12-06,1.960000,1.970000,1.950000,1.970000,1.970000,5900
2013-12-09,2.000000,2.000000,1.980000,1.980000,1.980000,900
2013-12-10,1.990000,2.000000,1.980000,1.980000,1.980000,12500
2013-12-11,1.950000,2.010000,1.950000,2.010000,2.010000,2600
2013-12-12,1.990000,2.010000,1.950000,2.000000,2.000000,4300
2013-12-13,1.950000,2.020000,1.920000,1.950000,1.950000,3900
2013-12-16,1.990000,2.000000,1.930000,1.930000,1.930000,14200
2013-12-17,1.900000,1.930000,1.760000,1.870000,1.870000,20300
2013-12-18,1.840000,1.850000,1.780000,1.840000,1.840000,12300
2013-12-19,1.780000,1.840000,1.740000,1.800000,1.800000,900
2013-12-20,1.770000,1.830000,1.730000,1.760000,1.760000,9600
2013-12-23,1.780000,1.890000,1.610000,1.670000,1.670000,48400
2013-12-24,1.670000,1.810000,1.570000,1.810000,1.810000,11700
2013-12-26,1.750000,1.810000,1.720000,1.800000,1.800000,17700
2013-12-27,1.760000,1.780000,1.650000,1.780000,1.780000,35500
2013-12-30,1.750000,1.890000,1.740000,1.850000,1.850000,15900
2013-12-31,1.800000,1.990000,1.800000,1.990000,1.990000,20000
2014-01-02,2.040000,2.040000,1.920000,1.970000,1.970000,17600
2014-01-03,2.000000,2.000000,1.970000,2.000000,2.000000,1200
2014-01-06,1.990000,2.040000,1.980000,2.040000,2.040000,5000
2014-01-07,2.020000,2.030000,1.960000,1.980000,1.980000,14000
2014-01-08,1.990000,1.990000,1.930000,1.990000,1.990000,5200
2014-01-09,1.950000,1.980000,1.920000,1.980000,1.980000,6900
2014-01-10,1.920000,2.010000,1.920000,2.010000,2.010000,500
2014-01-13,1.970000,1.990000,1.950000,1.990000,1.990000,3600
2014-01-14,1.990000,1.990000,1.990000,1.990000,1.990000,0
2014-01-15,2.000000,2.000000,1.910000,1.990000,1.990000,3500
2014-01-16,1.970000,1.990000,1.970000,1.970000,1.970000,3900
2014-01-17,1.950000,1.990000,1.930000,1.990000,1.990000,700
2014-01-21,1.990000,1.990000,1.840000,1.910000,1.910000,11700
2014-01-22,1.940000,1.950000,1.840000,1.950000,1.950000,2200
2014-01-23,1.940000,1.940000,1.900000,1.900000,1.900000,1400
2014-01-24,1.900000,1.930000,1.890000,1.890000,1.890000,1700
2014-01-27,1.890000,1.920000,1.760000,1.900000,1.900000,2400
2014-01-28,1.890000,2.000000,1.890000,1.990000,1.990000,1700
2014-01-29,1.980000,1.990000,1.810000,1.940000,1.940000,12700
2014-01-30,1.830000,2.000000,1.830000,1.970000,1.970000,3700
2014-01-31,1.990000,2.010000,1.960000,2.010000,2.010000,1900
2014-02-03,2.010000,2.050000,2.000000,2.050000,2.050000,12800
2014-02-04,2.050000,2.050000,2.000000,2.020000,2.020000,2200
2014-02-05,2.000000,2.000000,2.000000,2.000000,2.000000,900
2014-02-06,2.000000,2.000000,2.000000,2.000000,2.000000,0
2014-02-07,1.930000,1.970000,1.930000,1.970000,1.970000,1000
2014-02-10,1.920000,1.920000,1.920000,1.920000,1.920000,500
2014-02-11,1.920000,1.920000,1.920000,1.920000,1.920000,0
2014-02-12,1.970000,1.970000,1.810000,1.810000,1.810000,1900
2014-02-13,1.810000,1.870000,1.790000,1.790000,1.790000,1400
2014-02-14,1.790000,1.790000,1.790000,1.790000,1.790000,0
2014-02-18,1.800000,1.800000,1.740000,1.740000,1.740000,2500
2014-02-19,1.780000,2.000000,1.770000,1.950000,1.950000,1100
2014-02-20,1.930000,1.980000,1.930000,1.980000,1.980000,3400
2014-02-21,1.950000,2.030000,1.950000,1.980000,1.980000,500
2014-02-24,1.930000,1.990000,1.890000,1.980000,1.980000,3000
2014-02-25,1.890000,1.980000,1.890000,1.980000,1.980000,400
2014-02-26,1.930000,1.960000,1.880000,1.960000,1.960000,2800
2014-02-27,1.960000,1.990000,1.780000,1.900000,1.900000,9900
2014-02-28,1.950000,1.950000,1.870000,1.900000,1.900000,3400
2014-03-03,1.920000,1.920000,1.790000,1.790000,1.790000,5000
2014-03-04,1.750000,1.870000,1.750000,1.870000,1.870000,1300
2014-03-05,1.870000,1.980000,1.860000,1.970000,1.970000,7800
2014-03-06,1.980000,2.030000,1.880000,1.910000,1.910000,12800
2014-03-07,1.870000,1.890000,1.860000,1.870000,1.870000,2700
2014-03-10,1.820000,1.920000,1.740000,1.860000,1.860000,1700
2014-03-11,1.940000,1.940000,1.780000,1.850000,1.850000,1600
2014-03-12,1.900000,1.900000,1.670000,1.760000,1.760000,84900
2014-03-13,1.760000,1.810000,1.690000,1.800000,1.800000,15600
2014-03-14,1.800000,1.800000,1.760000,1.800000,1.800000,2100
2014-03-17,1.780000,1.830000,1.760000,1.830000,1.830000,2200
2014-03-18,1.840000,1.900000,1.840000,1.850000,1.850000,1000
2014-03-19,1.870000,1.920000,1.820000,1.880000,1.880000,31200
2014-03-20,1.870000,1.950000,1.810000,1.950000,1.950000,10600
2014-03-21,2.010000,2.030000,1.900000,1.950000,1.950000,2200
2014-03-24,1.940000,1.940000,1.910000,1.940000,1.940000,1300
2014-03-25,2.000000,2.000000,1.820000,1.830000,1.830000,2600
2014-03-26,1.850000,1.900000,1.780000,1.860000,1.860000,2300
2014-03-27,1.960000,1.960000,1.830000,1.830000,1.830000,7700
2014-03-28,1.770000,1.950000,1.770000,1.880000,1.880000,3900
2014-03-31,1.950000,1.950000,1.860000,1.920000,1.920000,4300
2014-04-01,1.950000,2.000000,1.950000,2.000000,2.000000,600
2014-04-02,1.930000,2.000000,1.920000,1.980000,1.980000,1900
2014-04-03,1.990000,2.000000,1.890000,1.970000,1.970000,3300
2014-04-04,1.880000,1.990000,1.880000,1.990000,1.990000,14900
2014-04-07,1.980000,1.990000,1.930000,1.990000,1.990000,8500
2014-04-08,1.980000,1.990000,1.920000,1.960000,1.960000,35000
2014-04-09,1.990000,2.070000,1.980000,2.030000,2.030000,16500
2014-04-10,2.060000,2.060000,2.000000,2.060000,2.060000,1000
2014-04-11,2.060000,2.060000,2.060000,2.060000,2.060000,0
2014-04-14,2.020000,2.060000,1.930000,2.040000,2.040000,256500
2014-04-15,1.910000,2.090000,1.910000,1.950000,1.950000,372900
2014-04-16,1.990000,2.070000,1.890000,2.060000,2.060000,86700
2014-04-17,2.030000,2.070000,1.920000,2.060000,2.060000,156300
2014-04-21,1.980000,2.090000,1.970000,2.090000,2.090000,83000
2014-04-22,2.030000,2.080000,1.920000,1.990000,1.990000,109500
2014-04-23,1.950000,2.060000,1.930000,2.040000,2.040000,74200
2014-04-24,2.050000,2.100000,1.990000,2.070000,2.070000,21800
2014-04-25,2.030000,2.100000,1.970000,2.080000,2.080000,9700
2014-04-28,1.990000,2.080000,1.990000,2.050000,2.050000,3100
2014-04-29,2.010000,2.040000,1.980000,2.020000,2.020000,9500
2014-04-30,2.010000,2.100000,1.980000,2.100000,2.100000,20500
2014-05-01,2.060000,2.060000,2.000000,2.020000,2.020000,12200
2014-05-02,2.140000,2.140000,2.040000,2.050000,2.050000,6800
2014-05-05,2.080000,2.120000,2.030000,2.090000,2.090000,10600
2014-05-06,2.040000,2.050000,2.040000,2.050000,2.050000,1100
2014-05-07,2.070000,2.190000,1.950000,2.070000,2.070000,50500
2014-05-08,2.020000,2.090000,1.950000,2.090000,2.090000,12600
2014-05-09,2.010000,2.060000,2.010000,2.060000,2.060000,14200
2014-05-12,2.030000,2.140000,2.030000,2.130000,2.130000,28900
2014-05-13,2.060000,2.080000,2.060000,2.080000,2.080000,2100
2014-05-14,2.020000,2.090000,2.000000,2.060000,2.060000,13300
2014-05-15,2.110000,2.200000,2.110000,2.190000,2.190000,70300
2014-05-16,2.160000,2.190000,2.130000,2.150000,2.150000,27700
2014-05-19,2.130000,2.200000,2.130000,2.150000,2.150000,14600
2014-05-20,2.270000,2.310000,2.050000,2.280000,2.280000,67900
2014-05-21,2.350000,2.350000,2.140000,2.290000,2.290000,564000
2014-05-22,2.240000,2.310000,2.150000,2.250000,2.250000,29000
2014-05-23,2.290000,2.290000,2.250000,2.250000,2.250000,10800
2014-05-27,2.260000,2.360000,2.160000,2.230000,2.230000,17500
2014-05-28,2.270000,2.270000,2.210000,2.230000,2.230000,6900
2014-05-29,2.320000,2.320000,2.160000,2.240000,2.240000,15800
2014-05-30,2.220000,2.330000,2.170000,2.330000,2.330000,14300
2014-06-02,2.280000,2.370000,2.230000,2.310000,2.310000,31700
2014-06-03,2.330000,2.330000,2.260000,2.290000,2.290000,860300
2014-06-04,2.260000,2.280000,2.210000,2.260000,2.260000,8400
2014-06-05,2.250000,2.280000,2.210000,2.270000,2.270000,1600
2014-06-06,2.340000,2.350000,2.190000,2.210000,2.210000,83200
2014-06-09,2.220000,2.280000,2.210000,2.240000,2.240000,30000
2014-06-10,2.270000,2.270000,2.200000,2.260000,2.260000,20600
2014-06-11,2.250000,2.250000,2.190000,2.230000,2.230000,11500
2014-06-12,2.260000,2.380000,2.240000,2.340000,2.340000,1068900
2014-06-13,2.330000,2.350000,2.250000,2.280000,2.280000,50700
2014-06-16,2.320000,2.370000,2.240000,2.280000,2.280000,18400
2014-06-17,2.360000,2.360000,2.270000,2.270000,2.270000,23200
2014-06-18,2.280000,2.360000,2.280000,2.300000,2.300000,18200
2014-06-19,2.300000,2.370000,2.300000,2.370000,2.370000,24900
2014-06-20,2.390000,2.480000,2.350000,2.480000,2.480000,46000
2014-06-23,2.460000,2.510000,2.410000,2.440000,2.440000,11300
2014-06-24,2.440000,2.450000,2.310000,2.380000,2.380000,39400
2014-06-25,2.470000,2.470000,2.300000,2.330000,2.330000,15700
2014-06-26,2.520000,2.520000,2.410000,2.460000,2.460000,16900
2014-06-27,2.410000,2.480000,2.410000,2.450000,2.450000,5100
2014-06-30,2.420000,2.480000,2.390000,2.480000,2.480000,9300
2014-07-01,2.450000,2.520000,2.350000,2.450000,2.450000,23800
2014-07-02,2.410000,2.460000,2.410000,2.460000,2.460000,2400
2014-07-03,2.400000,2.480000,2.260000,2.460000,2.460000,4700
2014-07-07,2.450000,2.480000,2.310000,2.470000,2.470000,35200
2014-07-08,2.440000,2.480000,2.400000,2.450000,2.450000,2700
2014-07-09,2.500000,2.500000,2.390000,2.410000,2.410000,5800
2014-07-10,2.420000,2.440000,2.380000,2.440000,2.440000,2700
2014-07-11,2.380000,2.430000,2.380000,2.430000,2.430000,7600
2014-07-14,2.360000,2.420000,2.360000,2.420000,2.420000,1700
2014-07-15,2.470000,2.470000,2.300000,2.440000,2.440000,67000
2014-07-16,2.410000,2.430000,2.360000,2.430000,2.430000,17400
2014-07-17,2.350000,2.440000,2.350000,2.440000,2.440000,27300
2014-07-18,2.400000,2.400000,2.330000,2.400000,2.400000,30800
2014-07-21,2.400000,2.400000,2.310000,2.390000,2.390000,57700
2014-07-22,2.400000,2.400000,2.360000,2.400000,2.400000,35300
2014-07-23,2.380000,2.400000,2.330000,2.370000,2.370000,6600
2014-07-24,2.370000,2.400000,2.320000,2.400000,2.400000,71200
2014-07-25,2.460000,2.460000,2.460000,2.460000,2.460000,200
2014-07-28,2.400000,2.400000,2.340000,2.390000,2.390000,33700
2014-07-29,2.400000,2.400000,2.390000,2.400000,2.400000,3500
2014-07-30,2.360000,2.400000,2.360000,2.400000,2.400000,18000
2014-07-31,2.320000,2.500000,2.300000,2.470000,2.470000,81000
2014-08-01,2.420000,2.500000,2.340000,2.440000,2.440000,20700
2014-08-04,2.410000,2.440000,2.340000,2.400000,2.400000,19200
2014-08-05,2.390000,2.490000,2.260000,2.300000,2.300000,80700
2014-08-06,2.370000,2.380000,2.310000,2.350000,2.350000,17200
2014-08-07,2.400000,2.400000,2.330000,2.350000,2.350000,10900
2014-08-08,2.370000,2.400000,2.310000,2.340000,2.340000,25200
2014-08-11,2.330000,2.380000,2.300000,2.340000,2.340000,23300
2014-08-12,2.300000,2.320000,2.210000,2.310000,2.310000,22700
2014-08-13,2.280000,2.300000,2.260000,2.300000,2.300000,1300
2014-08-14,2.280000,2.300000,2.270000,2.290000,2.290000,1800
2014-08-15,2.340000,2.340000,2.200000,2.310000,2.310000,10800
2014-08-18,2.360000,2.390000,2.300000,2.320000,2.320000,3300
2014-08-19,2.330000,2.370000,2.260000,2.350000,2.350000,15500
2014-08-20,2.340000,2.380000,2.300000,2.380000,2.380000,8900
2014-08-21,2.320000,2.390000,2.320000,2.380000,2.380000,2900
2014-08-22,2.310000,2.400000,2.310000,2.400000,2.400000,3600
2014-08-25,2.300000,2.390000,2.300000,2.390000,2.390000,700
2014-08-26,2.400000,2.400000,2.310000,2.380000,2.380000,26700
2014-08-27,2.320000,2.380000,2.310000,2.380000,2.380000,4500
2014-08-28,2.370000,2.400000,2.360000,2.390000,2.390000,5100
2014-08-29,2.360000,2.400000,2.350000,2.400000,2.400000,3400
2014-09-02,2.370000,2.380000,2.340000,2.380000,2.380000,2000
2014-09-03,2.320000,2.370000,2.250000,2.330000,2.330000,13400
2014-09-04,2.330000,2.340000,2.290000,2.340000,2.340000,5300
2014-09-05,2.300000,2.300000,2.290000,2.300000,2.300000,3100
2014-09-08,2.280000,2.310000,2.230000,2.310000,2.310000,20800
2014-09-09,2.310000,2.340000,2.280000,2.330000,2.330000,11100
2014-09-10,2.340000,2.360000,2.330000,2.340000,2.340000,3300
2014-09-11,2.330000,2.340000,2.300000,2.330000,2.330000,3500
2014-09-12,2.280000,2.340000,2.280000,2.340000,2.340000,2400
2014-09-15,2.320000,2.330000,2.320000,2.330000,2.330000,1400
2014-09-16,2.330000,2.330000,2.320000,2.330000,2.330000,1300
2014-09-17,2.310000,2.330000,2.270000,2.330000,2.330000,2600
2014-09-18,2.300000,2.300000,2.250000,2.300000,2.300000,5300
2014-09-19,2.300000,2.300000,2.300000,2.300000,2.300000,600
2014-09-22,2.260000,2.260000,2.140000,2.150000,2.150000,28600
2014-09-23,2.140000,2.200000,2.100000,2.190000,2.190000,19900
2014-09-24,2.210000,2.210000,2.130000,2.180000,2.180000,2500
2014-09-25,2.180000,2.200000,2.090000,2.190000,2.190000,5400
2014-09-26,2.180000,2.180000,2.120000,2.180000,2.180000,6800
2014-09-29,2.160000,2.190000,2.150000,2.180000,2.180000,1900
2014-09-30,2.190000,2.210000,2.160000,2.210000,2.210000,2900
2014-10-01,2.150000,2.180000,2.130000,2.170000,2.170000,4500
2014-10-02,2.140000,2.150000,2.060000,2.120000,2.120000,12600
2014-10-03,2.110000,2.130000,2.050000,2.130000,2.130000,11000
2014-10-06,2.150000,2.150000,2.110000,2.110000,2.110000,3300
2014-10-07,2.140000,2.160000,2.110000,2.140000,2.140000,2100
2014-10-08,2.110000,2.180000,2.090000,2.140000,2.140000,7400
2014-10-09,2.050000,2.100000,2.050000,2.090000,2.090000,700
2014-10-10,2.050000,2.090000,2.010000,2.080000,2.080000,16300
2014-10-13,2.070000,2.080000,1.940000,2.080000,2.080000,14300
2014-10-14,1.950000,2.080000,1.950000,2.030000,2.030000,19900
2014-10-15,2.010000,2.010000,1.910000,1.990000,1.990000,3200
2014-10-16,1.960000,2.070000,1.930000,2.050000,2.050000,8800
2014-10-17,2.050000,2.080000,2.010000,2.080000,2.080000,1100
2014-10-20,2.050000,2.090000,2.040000,2.090000,2.090000,11000
2014-10-21,2.080000,2.160000,2.080000,2.110000,2.110000,3200
2014-10-22,2.100000,2.140000,2.060000,2.120000,2.120000,7100
2014-10-23,2.160000,2.160000,2.070000,2.140000,2.140000,11100
2014-10-24,2.150000,2.160000,2.050000,2.160000,2.160000,2600
2014-10-27,2.160000,2.170000,2.090000,2.160000,2.160000,8600
2014-10-28,2.170000,2.170000,2.140000,2.160000,2.160000,600
2014-10-29,2.090000,2.180000,2.090000,2.180000,2.180000,1600
2014-10-30,2.150000,2.180000,2.150000,2.180000,2.180000,7900
2014-10-31,2.190000,2.210000,2.160000,2.200000,2.200000,9700
2014-11-03,2.200000,2.200000,2.200000,2.200000,2.200000,0
2014-11-04,2.130000,2.200000,2.130000,2.200000,2.200000,400
2014-11-05,2.130000,2.190000,2.130000,2.190000,2.190000,1500
2014-11-06,2.160000,2.180000,2.150000,2.180000,2.180000,2900
2014-11-07,2.180000,2.190000,2.160000,2.190000,2.190000,1100
2014-11-10,2.150000,2.180000,2.150000,2.180000,2.180000,500
2014-11-11,2.180000,2.180000,2.150000,2.170000,2.170000,1100
2014-11-12,2.190000,2.190000,2.150000,2.170000,2.170000,700
2014-11-13,2.100000,2.190000,1.900000,2.150000,2.150000,8100
2014-11-14,2.150000,2.190000,2.110000,2.190000,2.190000,1400
2014-11-17,2.050000,2.180000,2.050000,2.180000,2.180000,12900
2014-11-18,1.930000,2.170000,1.930000,2.170000,2.170000,5400
2014-11-19,2.180000,2.180000,2.100000,2.140000,2.140000,2400
2014-11-20,2.140000,2.190000,2.020000,2.160000,2.160000,19500
2014-11-21,2.180000,2.180000,2.090000,2.170000,2.170000,3100
2014-11-24,2.110000,2.170000,2.100000,2.170000,2.170000,20500
2014-11-25,2.130000,2.180000,2.110000,2.160000,2.160000,4000
2014-11-26,2.170000,2.170000,2.120000,2.160000,2.160000,8800
2014-11-28,2.160000,2.200000,2.160000,2.200000,2.200000,3300
2014-12-01,2.180000,2.180000,2.090000,2.100000,2.100000,12400
2014-12-02,2.150000,2.150000,2.080000,2.130000,2.130000,9100
2014-12-03,2.120000,2.140000,2.120000,2.140000,2.140000,400
2014-12-04,2.100000,2.140000,2.090000,2.090000,2.090000,2400
2014-12-05,2.130000,2.130000,2.070000,2.100000,2.100000,1300
2014-12-08,2.140000,2.140000,2.050000,2.090000,2.090000,17700
2014-12-09,2.010000,2.100000,2.010000,2.100000,2.100000,9300
2014-12-10,2.090000,2.100000,1.980000,2.100000,2.100000,13400
2014-12-11,2.050000,2.050000,1.940000,2.040000,2.040000,60500
2014-12-12,2.040000,2.040000,2.040000,2.040000,2.040000,0
2014-12-15,2.030000,2.030000,1.910000,2.030000,2.030000,14200
2014-12-16,2.030000,2.030000,2.030000,2.030000,2.030000,0
2014-12-17,2.010000,2.010000,1.950000,1.970000,1.970000,5500
2014-12-18,1.990000,1.990000,1.970000,1.990000,1.990000,8400
2014-12-19,1.990000,2.000000,1.970000,1.990000,1.990000,5600
2014-12-22,2.010000,2.010000,1.960000,2.010000,2.010000,1700
2014-12-23,2.000000,2.000000,1.950000,1.980000,1.980000,1500
2014-12-24,2.000000,2.000000,2.000000,2.000000,2.000000,1200
2014-12-26,1.990000,1.990000,1.990000,1.990000,1.990000,4400
2014-12-29,1.880000,1.990000,1.880000,1.990000,1.990000,12000
2014-12-30,1.880000,2.020000,1.880000,2.020000,2.020000,11000
2014-12-31,1.990000,2.100000,1.930000,2.100000,2.100000,25800
2015-01-02,2.100000,2.100000,2.100000,2.100000,2.100000,0
2015-01-05,2.090000,2.090000,1.960000,2.060000,2.060000,1900
2015-01-06,2.000000,2.070000,2.000000,2.020000,2.020000,8000
2015-01-07,2.000000,2.050000,2.000000,2.050000,2.050000,1100
2015-01-08,1.970000,2.060000,1.960000,2.050000,2.050000,22600
2015-01-09,2.060000,2.060000,1.900000,2.030000,2.030000,10600
2015-01-12,1.980000,2.030000,1.970000,1.990000,1.990000,2400
2015-01-13,2.070000,2.070000,2.000000,2.000000,2.000000,800
2015-01-14,2.050000,2.050000,1.900000,2.010000,2.010000,13900
2015-01-15,1.970000,2.030000,1.900000,2.030000,2.030000,11700
2015-01-16,2.030000,2.030000,2.030000,2.030000,2.030000,0
2015-01-20,1.980000,2.030000,1.980000,2.020000,2.020000,1500
2015-01-21,2.020000,2.020000,2.020000,2.020000,2.020000,0
2015-01-22,2.000000,2.020000,2.000000,2.020000,2.020000,300
2015-01-23,2.010000,2.030000,1.940000,2.030000,2.030000,2500
2015-01-26,1.900000,1.970000,1.860000,1.960000,1.960000,7200
2015-01-27,1.940000,1.990000,1.940000,1.990000,1.990000,400
2015-01-28,1.960000,1.990000,1.890000,1.990000,1.990000,4800
2015-01-29,1.940000,2.000000,1.860000,1.980000,1.980000,8700
2015-01-30,1.950000,1.980000,1.850000,1.970000,1.970000,16000
2015-02-02,1.970000,1.970000,1.970000,1.970000,1.970000,0
2015-02-03,1.960000,1.970000,1.900000,1.960000,1.960000,22400
2015-02-04,1.920000,1.950000,1.900000,1.950000,1.950000,7900
2015-02-05,1.950000,1.950000,1.900000,1.950000,1.950000,900
2015-02-06,1.960000,1.960000,1.870000,1.930000,1.930000,6300
2015-02-09,1.880000,1.960000,1.880000,1.960000,1.960000,2000
2015-02-10,1.950000,1.950000,1.950000,1.950000,1.950000,200
2015-02-11,1.950000,1.950000,1.950000,1.950000,1.950000,0
2015-02-12,1.970000,1.970000,1.970000,1.970000,1.970000,100
2015-02-13,1.910000,1.960000,1.910000,1.960000,1.960000,400
2015-02-17,1.930000,1.950000,1.840000,1.920000,1.920000,16800
2015-02-18,1.950000,1.950000,1.880000,1.950000,1.950000,400
2015-02-19,1.950000,1.950000,1.950000,1.950000,1.950000,0
2015-02-20,1.860000,1.940000,1.860000,1.940000,1.940000,600
2015-02-23,1.940000,1.940000,1.940000,1.940000,1.940000,0
2015-02-24,1.940000,1.940000,1.860000,1.930000,1.930000,3800
2015-02-25,1.930000,1.930000,1.930000,1.930000,1.930000,0
2015-02-26,1.890000,1.940000,1.890000,1.940000,1.940000,7900
2015-02-27,1.870000,1.970000,1.870000,1.970000,1.970000,7300
2015-03-02,1.970000,1.970000,1.970000,1.970000,1.970000,0
2015-03-03,2.020000,2.020000,1.900000,1.980000,1.980000,2300
2015-03-04,2.030000,2.030000,1.880000,1.940000,1.940000,2600
2015-03-05,1.960000,1.960000,1.890000,1.920000,1.920000,1000
2015-03-06,1.930000,1.970000,1.870000,1.960000,1.960000,7400
2015-03-09,1.960000,1.960000,1.960000,1.960000,1.960000,0
2015-03-10,1.960000,1.960000,1.900000,1.950000,1.950000,1500
2015-03-11,1.900000,1.950000,1.900000,1.950000,1.950000,200
2015-03-12,1.920000,1.920000,1.920000,1.920000,1.920000,100
2015-03-13,1.960000,1.970000,1.900000,1.950000,1.950000,2400
2015-03-16,1.950000,1.950000,1.900000,1.900000,1.900000,200
2015-03-17,1.900000,1.960000,1.900000,1.960000,1.960000,300
2015-03-18,1.960000,1.960000,1.960000,1.960000,1.960000,0
2015-03-19,1.960000,1.960000,1.920000,1.920000,1.920000,200
2015-03-20,1.920000,1.960000,1.910000,1.960000,1.960000,1400
2015-03-23,1.910000,1.950000,1.900000,1.940000,1.940000,2300
2015-03-24,1.940000,1.940000,1.940000,1.940000,1.940000,0
2015-03-25,1.940000,1.950000,1.940000,1.940000,1.940000,1400
2015-03-26,1.930000,1.930000,1.860000,1.930000,1.930000,8000
2015-03-27,1.870000,1.930000,1.870000,1.930000,1.930000,4300
2015-03-30,1.930000,1.930000,1.930000,1.930000,1.930000,0
2015-03-31,1.950000,1.950000,1.950000,1.950000,1.950000,200
2015-04-01,1.940000,1.940000,1.940000,1.940000,1.940000,600
2015-04-02,1.940000,1.940000,1.940000,1.940000,1.940000,0
2015-04-06,1.920000,1.950000,1.920000,1.950000,1.950000,800
2015-04-07,1.920000,1.920000,1.920000,1.920000,1.920000,1200
2015-04-08,1.920000,1.920000,1.920000,1.920000,1.920000,0
2015-04-09,1.880000,1.910000,1.840000,1.840000,1.840000,12100
2015-04-10,1.850000,1.920000,1.850000,1.910000,1.910000,4800
2015-04-13,1.950000,1.950000,1.670000,1.930000,1.930000,1800
2015-04-14,1.860000,1.860000,1.860000,1.860000,1.860000,800
2015-04-15,1.910000,1.910000,1.910000,1.910000,1.910000,400
2015-04-16,1.900000,1.900000,1.860000,1.900000,1.900000,2500
2015-04-17,1.870000,1.920000,1.840000,1.920000,1.920000,3500
2015-04-20,1.920000,1.920000,1.920000,1.920000,1.920000,100
2015-04-21,1.920000,1.920000,1.920000,1.920000,1.920000,0
2015-04-22,1.930000,1.930000,1.900000,1.920000,1.920000,800
2015-04-23,1.850000,1.910000,1.850000,1.910000,1.910000,7400
2015-04-24,1.880000,1.900000,1.880000,1.900000,1.900000,5200
2015-04-27,1.950000,1.950000,1.880000,1.920000,1.920000,1800
2015-04-28,1.940000,1.940000,1.920000,1.920000,1.920000,300
2015-04-29,1.860000,1.950000,1.860000,1.950000,1.950000,800
2015-04-30,1.940000,1.960000,1.840000,1.940000,1.940000,7200
2015-05-01,1.910000,1.960000,1.910000,1.960000,1.960000,1400
2015-05-04,1.870000,1.950000,1.870000,1.940000,1.940000,1200
2015-05-05,1.860000,1.950000,1.860000,1.950000,1.950000,3500
2015-05-06,1.860000,1.950000,1.860000,1.950000,1.950000,1100
2015-05-07,1.950000,1.950000,1.830000,1.950000,1.950000,5400
2015-05-08,1.950000,1.950000,1.910000,1.950000,1.950000,3600
2015-05-11,1.950000,1.950000,1.850000,1.950000,1.950000,4800
2015-05-12,1.950000,1.950000,1.910000,1.950000,1.950000,400
2015-05-13,1.950000,1.950000,1.910000,1.950000,1.950000,2400
2015-05-14,1.960000,1.960000,1.900000,1.930000,1.930000,7900
2015-05-15,1.840000,1.970000,1.840000,1.970000,1.970000,2800
2015-05-18,1.870000,1.950000,1.870000,1.950000,1.950000,3400
2015-05-19,1.860000,1.940000,1.790000,1.940000,1.940000,6000
2015-05-20,1.940000,1.940000,1.940000,1.940000,1.940000,0
2015-05-21,1.870000,1.940000,1.750000,1.930000,1.930000,13100
2015-05-22,1.930000,1.930000,1.930000,1.930000,1.930000,0
2015-05-26,1.930000,1.930000,1.930000,1.930000,1.930000,0
2015-05-27,1.930000,1.930000,1.930000,1.930000,1.930000,0
2015-05-28,1.900000,1.920000,1.900000,1.920000,1.920000,2700
2015-05-29,1.920000,1.970000,1.900000,1.960000,1.960000,8200
2015-06-01,1.950000,1.960000,1.830000,1.960000,1.960000,12500
2015-06-02,1.940000,1.950000,1.940000,1.950000,1.950000,7200
2015-06-03,1.950000,1.970000,1.890000,1.940000,1.940000,5100
2015-06-04,1.940000,1.940000,1.940000,1.940000,1.940000,0
2015-06-05,1.950000,1.950000,1.950000,1.950000,1.950000,100
2015-06-08,1.860000,1.960000,1.860000,1.960000,1.960000,2600
2015-06-09,1.930000,1.930000,1.880000,1.880000,1.880000,600
2015-06-10,1.930000,1.930000,1.890000,1.920000,1.920000,900
2015-06-11,1.930000,1.930000,1.890000,1.930000,1.930000,600
2015-06-12,1.890000,1.890000,1.890000,1.890000,1.890000,100
2015-06-15,1.890000,1.930000,1.890000,1.930000,1.930000,1400
2015-06-16,1.880000,1.910000,1.810000,1.910000,1.910000,1800
2015-06-17,1.900000,1.900000,1.850000,1.890000,1.890000,17600
2015-06-18,1.890000,1.890000,1.830000,1.850000,1.850000,19200
2015-06-19,1.830000,1.860000,1.820000,1.860000,1.860000,16100
2015-06-22,1.870000,1.880000,1.870000,1.880000,1.880000,400
2015-06-23,1.910000,1.910000,1.910000,1.910000,1.910000,400
2015-06-24,1.920000,1.920000,1.830000,1.880000,1.880000,1100
2015-06-25,1.830000,1.870000,1.800000,1.840000,1.840000,17200
2015-06-26,1.910000,1.910000,1.820000,1.850000,1.850000,600
2015-06-29,1.770000,1.920000,1.770000,1.920000,1.920000,2100
2015-06-30,1.800000,1.930000,1.800000,1.900000,1.900000,3400
2015-07-01,1.810000,1.860000,1.800000,1.840000,1.840000,5000
2015-07-02,1.920000,1.920000,1.920000,1.920000,1.920000,200
2015-07-06,1.850000,1.900000,1.820000,1.890000,1.890000,3400
2015-07-07,1.850000,1.850000,1.850000,1.850000,1.850000,100
2015-07-08,1.870000,1.870000,1.750000,1.850000,1.850000,1400
2015-07-09,1.900000,1.900000,1.860000,1.860000,1.860000,300
2015-07-10,1.780000,1.780000,1.780000,1.780000,1.780000,700
2015-07-13,1.850000,1.900000,1.840000,1.840000,1.840000,1300
2015-07-14,1.800000,1.800000,1.800000,1.800000,1.800000,100
2015-07-15,1.860000,1.860000,1.800000,1.800000,1.800000,200
2015-07-16,1.840000,1.840000,1.800000,1.800000,1.800000,1300
2015-07-17,1.850000,1.860000,1.770000,1.860000,1.860000,1100
2015-07-20,1.840000,1.900000,1.730000,1.770000,1.770000,105700
2015-07-21,1.850000,1.850000,1.730000,1.790000,1.790000,16000
2015-07-22,1.820000,1.870000,1.790000,1.850000,1.850000,700
2015-07-23,1.900000,1.900000,1.750000,1.780000,1.780000,2600
2015-07-24,1.780000,1.870000,1.780000,1.820000,1.820000,16000
2015-07-27,1.870000,1.870000,1.760000,1.830000,1.830000,1200
2015-07-28,1.770000,1.860000,1.760000,1.860000,1.860000,2200
2015-07-29,1.860000,1.860000,1.850000,1.850000,1.850000,1100
2015-07-30,1.880000,1.880000,1.790000,1.790000,1.790000,200
2015-07-31,1.870000,1.890000,1.770000,1.880000,1.880000,12600
2015-08-03,1.820000,1.820000,1.810000,1.810000,1.810000,1200
2015-08-04,1.770000,1.800000,1.680000,1.770000,1.770000,5500
2015-08-05,1.800000,1.800000,1.750000,1.800000,1.800000,300
2015-08-06,1.750000,1.800000,1.740000,1.770000,1.770000,1600
2015-08-07,1.760000,1.760000,1.740000,1.760000,1.760000,7600
2015-08-10,1.800000,1.930000,1.550000,1.720000,1.720000,31800
2015-08-11,1.700000,1.710000,1.610000,1.710000,1.710000,1600
2015-08-12,1.710000,1.710000,1.710000,1.710000,1.710000,0
2015-08-13,1.670000,1.770000,1.660000,1.710000,1.710000,7300
2015-08-14,1.760000,1.760000,1.760000,1.760000,1.760000,100
2015-08-17,1.760000,1.760000,1.760000,1.760000,1.760000,0
2015-08-18,1.770000,1.780000,1.760000,1.780000,1.780000,1000
2015-08-19,1.830000,1.850000,1.770000,1.790000,1.790000,7200
2015-08-20,1.820000,1.820000,1.770000,1.810000,1.810000,700
2015-08-21,1.810000,1.810000,1.810000,1.810000,1.810000,0
2015-08-24,1.820000,1.820000,1.770000,1.810000,1.810000,4300
2015-08-25,1.770000,1.820000,1.660000,1.750000,1.750000,14100
2015-08-26,1.800000,1.800000,1.730000,1.770000,1.770000,3900
2015-08-27,1.710000,1.790000,1.660000,1.780000,1.780000,9400
2015-08-28,1.800000,1.800000,1.800000,1.800000,1.800000,200
2015-08-31,1.810000,1.930000,1.790000,1.930000,1.930000,7300
2015-09-01,1.800000,1.830000,1.800000,1.830000,1.830000,1400
2015-09-02,1.700000,1.930000,1.670000,1.920000,1.920000,40100
2015-09-03,1.840000,1.880000,1.820000,1.830000,1.830000,8700
2015-09-04,1.910000,1.910000,1.760000,1.800000,1.800000,5400
2015-09-08,1.820000,1.860000,1.820000,1.820000,1.820000,3600
2015-09-09,1.890000,1.890000,1.800000,1.880000,1.880000,500
2015-09-10,1.810000,1.870000,1.720000,1.800000,1.800000,17900
2015-09-11,1.800000,1.840000,1.780000,1.840000,1.840000,2800
2015-09-14,1.790000,1.850000,1.790000,1.840000,1.840000,600
2015-09-15,1.790000,1.850000,1.730000,1.800000,1.800000,20100
2015-09-16,1.780000,1.780000,1.780000,1.780000,1.780000,100
2015-09-17,1.730000,1.780000,1.700000,1.780000,1.780000,1300
2015-09-18,1.780000,1.780000,1.680000,1.730000,1.730000,6100
2015-09-21,1.770000,1.770000,1.770000,1.770000,1.770000,500
2015-09-22,1.710000,1.770000,1.710000,1.770000,1.770000,700
2015-09-23,1.750000,1.800000,1.710000,1.800000,1.800000,7000
2015-09-24,1.710000,1.790000,1.680000,1.760000,1.760000,3900
2015-09-25,1.710000,1.760000,1.710000,1.760000,1.760000,1300
2015-09-28,1.750000,1.780000,1.630000,1.700000,1.700000,4800
2015-09-29,1.730000,1.730000,1.620000,1.680000,1.680000,8000
2015-09-30,1.730000,1.750000,1.550000,1.750000,1.750000,42400
2015-10-01,1.710000,1.730000,1.660000,1.700000,1.700000,2900
2015-10-02,1.730000,1.730000,1.730000,1.730000,1.730000,100
2015-10-05,1.710000,1.730000,1.700000,1.720000,1.720000,7200
2015-10-06,1.700000,1.700000,1.700000,1.700000,1.700000,1500
2015-10-07,1.700000,1.700000,1.700000,1.700000,1.700000,0
2015-10-08,1.730000,1.730000,1.690000,1.710000,1.710000,1300
2015-10-09,1.690000,1.690000,1.570000,1.680000,1.680000,2600
2015-10-12,1.690000,1.720000,1.690000,1.690000,1.690000,1400
2015-10-13,1.670000,1.700000,1.560000,1.560000,1.560000,6400
2015-10-14,1.610000,1.640000,1.580000,1.620000,1.620000,4300
2015-10-15,1.640000,1.700000,1.600000,1.690000,1.690000,7800
2015-10-16,1.720000,1.720000,1.700000,1.720000,1.720000,400
2015-10-19,1.680000,1.720000,1.680000,1.720000,1.720000,400
2015-10-20,1.650000,1.690000,1.650000,1.690000,1.690000,500
2015-10-21,1.690000,1.690000,1.690000,1.690000,1.690000,0
2015-10-22,1.730000,1.730000,1.570000,1.680000,1.680000,9400
2015-10-23,1.680000,1.690000,1.640000,1.690000,1.690000,1400
2015-10-26,1.620000,1.700000,1.620000,1.700000,1.700000,500
2015-10-27,1.670000,1.690000,1.670000,1.690000,1.690000,400
2015-10-28,1.690000,1.690000,1.690000,1.690000,1.690000,0
2015-10-29,1.730000,1.730000,1.710000,1.710000,1.710000,3400
2015-10-30,1.720000,1.730000,1.690000,1.720000,1.720000,3800
2015-11-02,1.700000,1.700000,1.670000,1.700000,1.700000,6600
2015-11-03,1.720000,1.720000,1.680000,1.690000,1.690000,300
2015-11-04,1.700000,1.710000,1.700000,1.710000,1.710000,300
2015-11-05,1.640000,1.710000,1.620000,1.670000,1.670000,3300
2015-11-06,1.660000,1.660000,1.660000,1.660000,1.660000,500
2015-11-09,1.690000,1.690000,1.550000,1.560000,1.560000,6300
2015-11-10,1.630000,1.630000,1.350000,1.470000,1.470000,57500
2015-11-11,1.540000,1.540000,1.470000,1.500000,1.500000,14500
2015-11-12,1.420000,1.540000,1.420000,1.540000,1.540000,2900
2015-11-13,1.590000,1.590000,1.450000,1.500000,1.500000,16900
2015-11-16,1.450000,1.520000,1.450000,1.470000,1.470000,18800
2015-11-17,1.470000,1.530000,1.450000,1.510000,1.510000,14200
2015-11-18,1.510000,1.540000,1.490000,1.500000,1.500000,33700
2015-11-19,1.460000,1.540000,1.450000,1.490000,1.490000,19700
2015-11-20,1.500000,1.540000,1.500000,1.530000,1.530000,12300
2015-11-23,1.540000,1.540000,1.520000,1.520000,1.520000,34300
2015-11-24,1.520000,1.550000,1.520000,1.530000,1.530000,29600
2015-11-25,1.550000,1.550000,1.500000,1.530000,1.530000,93500
2015-11-27,1.550000,1.590000,1.550000,1.580000,1.580000,2900
2015-11-30,1.620000,1.630000,1.560000,1.600000,1.600000,21300
2015-12-01,1.730000,1.730000,1.630000,1.640000,1.640000,23100
2015-12-02,1.680000,1.680000,1.550000,1.610000,1.610000,9700
2015-12-03,1.640000,1.670000,1.640000,1.670000,1.670000,1000
2015-12-04,1.720000,1.730000,1.560000,1.650000,1.650000,57400
2015-12-07,1.600000,1.640000,1.590000,1.610000,1.610000,2600
2015-12-08,1.690000,1.700000,1.660000,1.700000,1.700000,11200
2015-12-09,1.720000,1.720000,1.690000,1.690000,1.690000,2900
2015-12-10,1.690000,1.690000,1.690000,1.690000,1.690000,0
2015-12-11,1.680000,1.680000,1.580000,1.640000,1.640000,23000
2015-12-14,1.690000,1.700000,1.610000,1.640000,1.640000,2500
2015-12-15,1.640000,1.640000,1.640000,1.640000,1.640000,100
2015-12-16,1.620000,1.630000,1.570000,1.570000,1.570000,2900
2015-12-17,1.630000,1.630000,1.560000,1.620000,1.620000,9700
2015-12-18,1.600000,1.620000,1.560000,1.620000,1.620000,4100
2015-12-21,1.600000,1.640000,1.600000,1.610000,1.610000,25600
2015-12-22,1.650000,1.650000,1.630000,1.630000,1.630000,1100
2015-12-23,1.680000,1.690000,1.620000,1.660000,1.660000,2400
2015-12-24,1.690000,1.690000,1.670000,1.670000,1.670000,400
2015-12-28,1.680000,1.740000,1.550000,1.710000,1.710000,11300
2015-12-29,1.780000,1.780000,1.690000,1.730000,1.730000,8600
2015-12-30,1.760000,1.760000,1.600000,1.750000,1.750000,18700
2015-12-31,1.670000,1.800000,1.650000,1.790000,1.790000,10900
2016-01-04,1.740000,1.780000,1.720000,1.740000,1.740000,3800
2016-01-05,1.790000,1.790000,1.750000,1.750000,1.750000,400
2016-01-06,1.770000,1.770000,1.710000,1.760000,1.760000,700
2016-01-07,1.730000,1.770000,1.720000,1.770000,1.770000,300
2016-01-08,1.720000,1.770000,1.720000,1.770000,1.770000,900
2016-01-11,1.770000,1.770000,1.770000,1.770000,1.770000,0
2016-01-12,1.770000,1.770000,1.690000,1.690000,1.690000,1100
2016-01-13,1.690000,1.690000,1.690000,1.690000,1.690000,0
2016-01-14,1.760000,1.760000,1.740000,1.750000,1.750000,600
2016-01-15,1.750000,1.750000,1.750000,1.750000,1.750000,0
2016-01-19,1.740000,1.740000,1.570000,1.640000,1.640000,6100
2016-01-20,1.710000,1.710000,1.500000,1.540000,1.540000,38600
2016-01-21,1.510000,1.680000,1.500000,1.610000,1.610000,5700
2016-01-22,1.670000,1.720000,1.650000,1.680000,1.680000,1700
2016-01-25,1.720000,1.720000,1.640000,1.680000,1.680000,700
2016-01-26,1.710000,1.710000,1.650000,1.670000,1.670000,500
2016-01-27,1.610000,1.700000,1.610000,1.660000,1.660000,1000
2016-01-28,1.600000,1.670000,1.600000,1.670000,1.670000,1200
2016-01-29,1.630000,1.700000,1.570000,1.700000,1.700000,4600
2016-02-01,1.660000,1.660000,1.660000,1.660000,1.660000,200
2016-02-02,1.690000,1.690000,1.560000,1.630000,1.630000,7700
2016-02-03,1.620000,1.620000,1.620000,1.620000,1.620000,100
2016-02-04,1.650000,1.650000,1.650000,1.650000,1.650000,100
2016-02-05,1.600000,1.650000,1.600000,1.650000,1.650000,200
2016-02-08,1.620000,1.620000,1.600000,1.620000,1.620000,500
2016-02-09,1.590000,1.620000,1.570000,1.620000,1.620000,5700
2016-02-10,1.620000,1.620000,1.620000,1.620000,1.620000,0
2016-02-11,1.610000,1.610000,1.560000,1.560000,1.560000,400
2016-02-12,1.580000,1.580000,1.550000,1.580000,1.580000,1100
2016-02-16,1.520000,1.570000,1.520000,1.570000,1.570000,2400
2016-02-17,1.530000,1.590000,1.510000,1.510000,1.510000,5300
2016-02-18,1.570000,1.570000,1.520000,1.520000,1.520000,1300
2016-02-19,1.560000,1.560000,1.500000,1.510000,1.510000,9900
2016-02-22,1.520000,1.520000,1.520000,1.520000,1.520000,300
2016-02-23,1.540000,1.540000,1.520000,1.520000,1.520000,200
2016-02-24,1.500000,1.540000,1.500000,1.540000,1.540000,10900
2016-02-25,1.510000,1.540000,1.500000,1.540000,1.540000,2200
2016-02-26,1.540000,1.540000,1.500000,1.530000,1.530000,4900
2016-02-29,1.500000,1.520000,1.500000,1.520000,1.520000,200
2016-03-01,1.530000,1.540000,1.530000,1.540000,1.540000,9100
2016-03-02,1.520000,1.530000,1.480000,1.530000,1.530000,4000
2016-03-03,1.470000,1.480000,1.470000,1.470000,1.470000,1100
2016-03-04,1.620000,1.620000,1.470000,1.510000,1.510000,10700
2016-03-07,1.460000,1.510000,1.460000,1.490000,1.490000,16400
2016-03-08,1.430000,1.500000,1.430000,1.500000,1.500000,3900
2016-03-09,1.420000,1.500000,1.420000,1.480000,1.480000,16800
2016-03-10,1.450000,1.500000,1.450000,1.500000,1.500000,2100
2016-03-11,1.520000,1.520000,1.500000,1.510000,1.510000,5600
2016-03-14,1.500000,1.500000,1.450000,1.500000,1.500000,19400
2016-03-15,1.500000,1.500000,1.450000,1.490000,1.490000,26500
2016-03-16,1.470000,1.470000,1.450000,1.450000,1.450000,15900
2016-03-17,1.460000,1.500000,1.460000,1.500000,1.500000,7300
2016-03-18,1.510000,1.600000,1.510000,1.540000,1.540000,22000
2016-03-21,1.520000,1.580000,1.500000,1.580000,1.580000,31900
2016-03-22,1.540000,1.550000,1.540000,1.540000,1.540000,1200
2016-03-23,1.520000,1.540000,1.510000,1.520000,1.520000,14000
2016-03-24,1.520000,1.540000,1.520000,1.520000,1.520000,2600
2016-03-28,1.560000,1.560000,1.520000,1.520000,1.520000,200
2016-03-29,1.540000,1.540000,1.520000,1.520000,1.520000,6000
2016-03-30,1.540000,1.580000,1.520000,1.580000,1.580000,5100
2016-03-31,1.580000,1.620000,1.550000,1.600000,1.600000,13600
2016-04-01,1.590000,1.600000,1.590000,1.590000,1.590000,10800
2016-04-04,1.600000,1.620000,1.600000,1.600000,1.600000,7700
2016-04-05,1.590000,1.620000,1.590000,1.600000,1.600000,1700
2016-04-06,1.620000,1.650000,1.620000,1.620000,1.620000,9900
2016-04-07,1.630000,1.630000,1.620000,1.620000,1.620000,200
2016-04-08,1.640000,1.680000,1.640000,1.640000,1.640000,3800
2016-04-11,1.640000,1.640000,1.640000,1.640000,1.640000,0
2016-04-12,1.640000,1.640000,1.640000,1.640000,1.640000,0
2016-04-13,1.620000,1.630000,1.620000,1.620000,1.620000,2000
2016-04-14,1.610000,1.630000,1.600000,1.620000,1.620000,21300
2016-04-15,1.630000,1.660000,1.630000,1.660000,1.660000,13200
2016-04-18,1.690000,1.690000,1.670000,1.680000,1.680000,1100
2016-04-19,1.680000,1.680000,1.680000,1.680000,1.680000,0
2016-04-20,1.670000,1.700000,1.670000,1.700000,1.700000,20500
2016-04-21,1.660000,1.660000,1.660000,1.660000,1.660000,500
2016-04-22,1.700000,1.700000,1.660000,1.680000,1.680000,4200
2016-04-25,1.690000,1.700000,1.690000,1.700000,1.700000,500
2016-04-26,1.730000,1.760000,1.720000,1.720000,1.720000,10100
2016-04-27,1.770000,1.770000,1.750000,1.750000,1.750000,200
2016-04-28,1.800000,1.830000,1.700000,1.760000,1.760000,5500
2016-04-29,1.730000,1.810000,1.730000,1.780000,1.780000,30200
2016-05-02,1.730000,1.820000,1.710000,1.740000,1.740000,6700
2016-05-03,1.800000,1.800000,1.710000,1.800000,1.800000,2300
2016-05-04,1.800000,1.800000,1.800000,1.800000,1.800000,0
2016-05-05,1.740000,1.790000,1.730000,1.790000,1.790000,500
2016-05-06,1.740000,1.740000,1.680000,1.700000,1.700000,12200
2016-05-09,1.760000,1.760000,1.660000,1.720000,1.720000,13900
2016-05-10,1.700000,1.790000,1.690000,1.790000,1.790000,6700
2016-05-11,1.790000,1.790000,1.710000,1.720000,1.720000,6500
2016-05-12,1.710000,1.770000,1.710000,1.770000,1.770000,500
2016-05-13,1.720000,1.750000,1.720000,1.750000,1.750000,500
2016-05-16,1.700000,1.740000,1.700000,1.740000,1.740000,6100
2016-05-17,1.770000,1.770000,1.680000,1.700000,1.700000,5800
2016-05-18,1.710000,1.710000,1.650000,1.650000,1.650000,14900
2016-05-19,1.680000,1.680000,1.630000,1.650000,1.650000,12000
2016-05-20,1.690000,1.730000,1.670000,1.700000,1.700000,1400
2016-05-23,1.760000,1.790000,1.760000,1.790000,1.790000,300
2016-05-24,1.850000,1.850000,1.810000,1.810000,1.810000,1900
2016-05-25,1.870000,1.870000,1.830000,1.850000,1.850000,1200
2016-05-26,1.720000,1.810000,1.720000,1.810000,1.810000,3100
2016-05-27,1.820000,1.820000,1.740000,1.790000,1.790000,4500
2016-05-31,1.750000,1.800000,1.750000,1.790000,1.790000,3100
2016-06-01,1.750000,1.800000,1.740000,1.760000,1.760000,6300
2016-06-02,1.760000,1.760000,1.760000,1.760000,1.760000,0
2016-06-03,1.760000,1.760000,1.760000,1.760000,1.760000,1300
2016-06-06,1.740000,1.740000,1.720000,1.720000,1.720000,4600
2016-06-07,1.720000,1.720000,1.720000,1.720000,1.720000,0
2016-06-08,1.720000,1.800000,1.710000,1.740000,1.740000,22200
2016-06-09,1.740000,1.740000,1.690000,1.720000,1.720000,1300
2016-06-10,1.680000,1.680000,1.680000,1.680000,1.680000,100
2016-06-13,1.630000,1.720000,1.630000,1.720000,1.720000,500
2016-06-14,1.690000,1.700000,1.630000,1.680000,1.680000,3500
2016-06-15,1.720000,1.720000,1.650000,1.680000,1.680000,1100
2016-06-16,1.710000,1.710000,1.700000,1.700000,1.700000,800
2016-06-17,1.650000,1.710000,1.630000,1.630000,1.630000,7500
2016-06-20,1.630000,1.630000,1.630000,1.630000,1.630000,0
2016-06-21,1.630000,1.630000,1.630000,1.630000,1.630000,0
2016-06-22,1.590000,1.670000,1.590000,1.670000,1.670000,6100
2016-06-23,1.670000,1.670000,1.670000,1.670000,1.670000,0
2016-06-24,1.610000,1.640000,1.610000,1.610000,1.610000,900
2016-06-27,1.670000,1.670000,1.620000,1.670000,1.670000,2500
2016-06-28,1.670000,1.670000,1.670000,1.670000,1.670000,800
2016-06-29,1.670000,1.750000,1.670000,1.740000,1.740000,3900
2016-06-30,1.780000,1.820000,1.720000,1.780000,1.780000,23200
2016-07-01,1.730000,1.730000,1.700000,1.700000,1.700000,1700
2016-07-05,1.690000,1.740000,1.650000,1.690000,1.690000,3800
2016-07-06,1.730000,1.730000,1.700000,1.730000,1.730000,500
2016-07-07,1.630000,1.720000,1.630000,1.670000,1.670000,4200
2016-07-08,1.740000,1.740000,1.700000,1.700000,1.700000,1700
2016-07-11,1.750000,1.750000,1.750000,1.750000,1.750000,100
2016-07-12,1.750000,1.750000,1.750000,1.750000,1.750000,0
2016-07-13,1.720000,1.760000,1.720000,1.760000,1.760000,700
2016-07-14,1.780000,1.780000,1.780000,1.780000,1.780000,100
2016-07-15,1.710000,1.720000,1.650000,1.720000,1.720000,5800
2016-07-18,1.650000,1.700000,1.560000,1.700000,1.700000,3300
2016-07-19,1.610000,1.710000,1.610000,1.710000,1.710000,500
2016-07-20,1.650000,1.700000,1.650000,1.700000,1.700000,500
2016-07-21,1.660000,1.680000,1.600000,1.600000,1.600000,33700
2016-07-22,1.700000,1.700000,1.700000,1.700000,1.700000,500
2016-07-25,1.710000,1.710000,1.710000,1.710000,1.710000,100
2016-07-26,1.610000,1.700000,1.610000,1.700000,1.700000,2400
2016-07-27,1.700000,1.700000,1.700000,1.700000,1.700000,0
2016-07-28,1.700000,1.730000,1.690000,1.730000,1.730000,1300
2016-07-29,1.750000,1.750000,1.680000,1.700000,1.700000,3500
2016-08-01,1.730000,1.730000,1.610000,1.680000,1.680000,6800
2016-08-02,1.620000,1.700000,1.620000,1.670000,1.670000,2600
2016-08-03,1.720000,1.720000,1.650000,1.650000,1.650000,300
2016-08-04,1.620000,1.690000,1.580000,1.610000,1.610000,7900
2016-08-05,1.650000,1.650000,1.640000,1.650000,1.650000,2100
2016-08-08,1.640000,1.650000,1.640000,1.650000,1.650000,5200
2016-08-09,1.650000,1.650000,1.650000,1.650000,1.650000,0
2016-08-10,1.610000,1.650000,1.600000,1.640000,1.640000,2400
2016-08-11,1.650000,1.650000,1.640000,1.640000,1.640000,1700
2016-08-12,1.640000,1.640000,1.610000,1.620000,1.620000,2100
2016-08-15,1.650000,1.730000,1.640000,1.650000,1.650000,4200
2016-08-16,1.690000,1.690000,1.630000,1.660000,1.660000,9300
2016-08-17,1.700000,1.700000,1.660000,1.670000,1.670000,2100
2016-08-18,1.720000,1.720000,1.690000,1.690000,1.690000,2500
2016-08-19,1.700000,1.710000,1.700000,1.700000,1.700000,2300
2016-08-22,1.720000,1.720000,1.690000,1.710000,1.710000,13300
2016-08-23,1.700000,1.750000,1.700000,1.750000,1.750000,7700
2016-08-24,1.740000,1.750000,1.710000,1.740000,1.740000,6100
2016-08-25,1.740000,1.740000,1.720000,1.740000,1.740000,11800
2016-08-26,1.760000,1.760000,1.700000,1.740000,1.740000,6100
2016-08-29,1.760000,1.770000,1.730000,1.760000,1.760000,26900
2016-08-30,1.780000,1.810000,1.730000,1.770000,1.770000,20500
2016-08-31,1.730000,1.800000,1.730000,1.790000,1.790000,24400
2016-09-01,1.770000,1.820000,1.750000,1.780000,1.780000,10700
2016-09-02,1.830000,1.830000,1.760000,1.780000,1.780000,12000
2016-09-06,1.760000,1.820000,1.750000,1.790000,1.790000,23600
2016-09-07,1.770000,1.780000,1.760000,1.780000,1.780000,27400
2016-09-08,1.760000,1.780000,1.750000,1.780000,1.780000,26900
2016-09-09,1.760000,1.770000,1.730000,1.740000,1.740000,56100
2016-09-12,1.720000,1.740000,1.710000,1.740000,1.740000,17400
2016-09-13,1.720000,1.730000,1.680000,1.710000,1.710000,16800
2016-09-14,1.710000,1.730000,1.710000,1.730000,1.730000,7800
2016-09-15,1.690000,1.730000,1.690000,1.730000,1.730000,3500
2016-09-16,1.720000,1.730000,1.710000,1.710000,1.710000,12400
2016-09-19,1.710000,1.730000,1.710000,1.720000,1.720000,6300
2016-09-20,1.710000,1.730000,1.700000,1.730000,1.730000,600
2016-09-21,1.730000,1.740000,1.710000,1.740000,1.740000,2600
2016-09-22,1.710000,1.750000,1.710000,1.730000,1.730000,4900
2016-09-23,1.750000,1.750000,1.710000,1.720000,1.720000,1300
2016-09-26,1.720000,1.720000,1.710000,1.720000,1.720000,3700
2016-09-27,1.740000,1.740000,1.720000,1.730000,1.730000,20600
2016-09-28,1.720000,1.800000,1.720000,1.780000,1.780000,14400
2016-09-29,1.810000,1.830000,1.790000,1.830000,1.830000,4500
2016-09-30,1.860000,1.870000,1.830000,1.860000,1.860000,8200
2016-10-03,1.820000,1.820000,1.790000,1.790000,1.790000,300
2016-10-04,1.810000,1.840000,1.780000,1.780000,1.780000,3500
2016-10-05,1.810000,1.840000,1.780000,1.810000,1.810000,2200
2016-10-06,1.850000,1.860000,1.810000,1.810000,1.810000,2700
2016-10-07,1.850000,1.850000,1.790000,1.830000,1.830000,2600
2016-10-10,1.870000,1.870000,1.810000,1.870000,1.870000,3500
2016-10-11,1.870000,1.870000,1.780000,1.820000,1.820000,1500
2016-10-12,1.790000,1.840000,1.750000,1.840000,1.840000,1300
2016-10-13,1.860000,1.860000,1.830000,1.840000,1.840000,900
2016-10-14,1.820000,1.870000,1.820000,1.860000,1.860000,700
2016-10-17,1.830000,1.850000,1.830000,1.850000,1.850000,3800
2016-10-18,1.860000,1.860000,1.650000,1.820000,1.820000,3800
2016-10-19,1.850000,1.850000,1.770000,1.770000,1.770000,300
2016-10-20,1.860000,1.860000,1.840000,1.840000,1.840000,800
2016-10-21,1.810000,1.870000,1.810000,1.850000,1.850000,3900
2016-10-24,1.810000,1.860000,1.810000,1.860000,1.860000,6500
2016-10-25,1.860000,1.860000,1.860000,1.860000,1.860000,0
2016-10-26,1.810000,1.860000,1.810000,1.860000,1.860000,500
2016-10-27,1.860000,1.860000,1.860000,1.860000,1.860000,0
2016-10-28,1.860000,1.860000,1.860000,1.860000,1.860000,0
2016-10-31,1.850000,1.870000,1.850000,1.870000,1.870000,4900
2016-11-01,1.870000,1.870000,1.870000,1.870000,1.870000,100
2016-11-02,1.820000,1.850000,1.740000,1.850000,1.850000,1800
2016-11-03,1.850000,1.850000,1.850000,1.850000,1.850000,0
2016-11-04,1.820000,1.830000,1.820000,1.830000,1.830000,200
2016-11-07,1.810000,1.860000,1.800000,1.800000,1.800000,400
2016-11-08,1.830000,1.860000,1.830000,1.850000,1.850000,3000
2016-11-09,1.750000,1.850000,1.750000,1.820000,1.820000,1000
2016-11-10,1.860000,1.860000,1.840000,1.860000,1.860000,600
2016-11-11,1.720000,1.860000,1.720000,1.840000,1.840000,14800
2016-11-14,1.860000,1.870000,1.840000,1.870000,1.870000,5900
2016-11-15,1.880000,1.950000,1.860000,1.910000,1.910000,13400
2016-11-16,1.950000,1.950000,1.920000,1.930000,1.930000,2800
2016-11-17,1.890000,1.960000,1.830000,1.930000,1.930000,4600
2016-11-18,1.950000,1.950000,1.880000,1.930000,1.930000,4300
2016-11-21,1.920000,1.960000,1.920000,1.940000,1.940000,3100
2016-11-22,1.980000,1.980000,1.940000,1.940000,1.940000,1600
2016-11-23,1.970000,1.980000,1.940000,1.950000,1.950000,5400
2016-11-25,1.890000,1.890000,1.890000,1.890000,1.890000,500
2016-11-28,1.930000,1.970000,1.890000,1.970000,1.970000,4200
2016-11-29,1.980000,1.980000,1.900000,1.940000,1.940000,2000
2016-11-30,1.970000,1.990000,1.850000,1.960000,1.960000,55600
2016-12-01,1.930000,1.940000,1.830000,1.890000,1.890000,39200
2016-12-02,1.860000,1.930000,1.860000,1.910000,1.910000,13400
2016-12-05,1.900000,1.940000,1.900000,1.930000,1.930000,6500
2016-12-06,1.920000,1.950000,1.900000,1.910000,1.910000,8300
2016-12-07,1.890000,1.950000,1.890000,1.900000,1.900000,14900
2016-12-08,1.940000,1.940000,1.870000,1.940000,1.940000,19600
2016-12-09,1.960000,1.960000,1.920000,1.940000,1.940000,2600
2016-12-12,1.960000,1.980000,1.940000,1.960000,1.960000,25400
2016-12-13,2.010000,2.010000,1.980000,1.980000,1.980000,8300
2016-12-14,1.930000,2.090000,1.930000,1.960000,1.960000,17700
2016-12-15,2.000000,2.030000,1.980000,2.020000,2.020000,6300
2016-12-16,2.050000,2.060000,2.020000,2.020000,2.020000,4900
2016-12-19,2.030000,2.080000,1.980000,2.040000,2.040000,2700
2016-12-20,1.970000,2.030000,1.970000,2.000000,2.000000,11600
2016-12-21,2.000000,2.020000,1.970000,1.990000,1.990000,3900
2016-12-22,1.940000,2.030000,1.940000,1.970000,1.970000,6400
2016-12-23,2.020000,2.040000,1.950000,2.030000,2.030000,3400
2016-12-27,2.020000,2.050000,1.940000,1.990000,1.990000,19200
2016-12-28,1.970000,2.000000,1.960000,1.990000,1.990000,4700
2016-12-29,1.990000,2.000000,1.950000,2.000000,2.000000,17500
2016-12-30,1.990000,2.020000,1.960000,2.010000,2.010000,34100
2017-01-03,1.990000,2.050000,1.960000,2.020000,2.020000,1600
2017-01-04,2.050000,2.050000,2.020000,2.030000,2.030000,3300
2017-01-05,2.060000,2.060000,2.050000,2.050000,2.050000,1400
2017-01-06,2.070000,2.090000,1.990000,2.090000,2.090000,8700
2017-01-09,2.050000,2.050000,2.030000,2.030000,2.030000,2000
2017-01-10,2.070000,2.110000,1.890000,2.010000,2.010000,9000
2017-01-11,2.030000,2.160000,1.900000,2.090000,2.090000,31700
2017-01-12,2.100000,2.120000,2.060000,2.080000,2.080000,24600
2017-01-13,2.090000,2.130000,2.090000,2.100000,2.100000,7600
2017-01-17,2.090000,2.150000,1.990000,2.000000,2.000000,19000
2017-01-18,2.010000,2.050000,1.990000,2.000000,2.000000,3400
2017-01-19,1.980000,2.070000,1.970000,2.060000,2.060000,18200
2017-01-20,2.030000,2.070000,2.030000,2.070000,2.070000,500
2017-01-23,2.060000,2.060000,1.980000,2.020000,2.020000,5000
2017-01-24,2.000000,2.080000,2.000000,2.050000,2.050000,6100
2017-01-25,2.000000,2.060000,2.000000,2.060000,2.060000,900
2017-01-26,1.990000,2.050000,1.990000,2.050000,2.050000,600
2017-01-27,2.090000,2.090000,2.090000,2.090000,2.090000,100
2017-01-30,2.050000,2.110000,2.020000,2.080000,2.080000,4000
2017-01-31,2.100000,2.120000,2.030000,2.100000,2.100000,5100
2017-02-01,2.120000,2.140000,2.040000,2.100000,2.100000,29700
2017-02-02,2.090000,2.090000,2.070000,2.070000,2.070000,1100
2017-02-03,2.100000,2.100000,2.050000,2.050000,2.050000,1200
2017-02-06,2.050000,2.050000,2.040000,2.050000,2.050000,1300
2017-02-07,2.020000,2.110000,1.980000,2.040000,2.040000,39900
2017-02-08,2.050000,2.070000,2.000000,2.070000,2.070000,19000
2017-02-09,2.050000,2.070000,2.030000,2.030000,2.030000,8700
2017-02-10,2.020000,2.060000,2.010000,2.060000,2.060000,5200
2017-02-13,2.060000,2.060000,2.060000,2.060000,2.060000,0
2017-02-14,2.070000,2.070000,2.020000,2.060000,2.060000,6300
2017-02-15,2.060000,2.060000,2.060000,2.060000,2.060000,0
2017-02-16,2.060000,2.120000,2.060000,2.120000,2.120000,6400
2017-02-17,2.120000,2.120000,2.120000,2.120000,2.120000,0
2017-02-21,2.200000,2.200000,2.090000,2.090000,2.090000,1400
2017-02-22,2.150000,2.150000,2.070000,2.080000,2.080000,3600
2017-02-23,2.000000,2.200000,2.000000,2.140000,2.140000,13300
2017-02-24,2.130000,2.180000,2.100000,2.180000,2.180000,4700
2017-02-27,2.200000,2.200000,2.140000,2.190000,2.190000,1400
2017-02-28,2.200000,2.200000,2.080000,2.200000,2.200000,13100
2017-03-01,2.190000,2.190000,2.130000,2.150000,2.150000,31200
2017-03-02,2.160000,2.200000,2.060000,2.180000,2.180000,24400
2017-03-03,2.190000,2.400000,2.140000,2.260000,2.260000,37600
2017-03-06,2.350000,2.350000,2.170000,2.220000,2.220000,25200
2017-03-07,2.200000,2.240000,2.190000,2.240000,2.240000,1500
2017-03-08,2.220000,2.250000,2.180000,2.250000,2.250000,1700
2017-03-09,2.250000,2.250000,2.200000,2.210000,2.210000,1000
2017-03-10,2.240000,2.250000,2.240000,2.250000,2.250000,900
2017-03-13,2.180000,2.250000,2.180000,2.240000,2.240000,1300
2017-03-14,2.280000,2.280000,2.180000,2.250000,2.250000,4000
2017-03-15,2.340000,2.340000,2.250000,2.280000,2.280000,7700
2017-03-16,2.340000,2.340000,2.290000,2.290000,2.290000,5400
2017-03-17,2.310000,2.420000,2.310000,2.400000,2.400000,51400
2017-03-20,2.450000,2.500000,2.400000,2.430000,2.430000,64300
2017-03-21,2.460000,2.460000,2.360000,2.430000,2.430000,6800
2017-03-22,2.380000,2.430000,2.360000,2.420000,2.420000,11200
2017-03-23,2.360000,2.360000,2.250000,2.310000,2.310000,13200
2017-03-24,2.340000,2.410000,2.230000,2.270000,2.270000,7300
2017-03-27,2.330000,2.360000,2.320000,2.330000,2.330000,10100
2017-03-28,2.380000,2.430000,2.330000,2.420000,2.420000,13400
2017-03-29,2.410000,2.500000,2.400000,2.420000,2.420000,24100
2017-03-30,2.420000,2.460000,2.350000,2.460000,2.460000,23900
2017-03-31,2.460000,2.490000,2.460000,2.490000,2.490000,4800
2017-04-03,2.490000,2.490000,2.430000,2.430000,2.430000,5600
2017-04-04,2.470000,2.470000,2.420000,2.440000,2.440000,500
2017-04-05,2.400000,2.470000,2.400000,2.470000,2.470000,1200
2017-04-06,2.480000,2.480000,2.450000,2.470000,2.470000,11400
2017-04-07,2.490000,2.490000,2.380000,2.430000,2.430000,6700
2017-04-10,2.470000,2.480000,2.370000,2.370000,2.370000,8400
2017-04-11,2.400000,2.410000,2.400000,2.410000,2.410000,200
2017-04-12,2.460000,2.470000,2.420000,2.470000,2.470000,4700
2017-04-13,2.460000,2.480000,2.430000,2.460000,2.460000,2300
2017-04-17,2.480000,2.480000,2.450000,2.460000,2.460000,2000
2017-04-18,2.470000,2.480000,2.460000,2.460000,2.460000,4700
2017-04-19,2.460000,2.460000,2.420000,2.440000,2.440000,3900
2017-04-20,2.450000,2.460000,2.400000,2.440000,2.440000,3800
2017-04-21,2.420000,2.460000,2.420000,2.460000,2.460000,3700
2017-04-24,2.460000,2.460000,2.420000,2.460000,2.460000,10500
2017-04-25,2.460000,2.650000,2.460000,2.620000,2.620000,355700
2017-04-26,2.670000,2.720000,2.600000,2.700000,2.700000,103900
2017-04-27,2.690000,2.750000,2.690000,2.720000,2.720000,16600
2017-04-28,2.740000,2.870000,2.740000,2.870000,2.870000,61100
2017-05-01,2.900000,3.000000,2.900000,2.970000,2.970000,21900
2017-05-02,2.950000,3.000000,2.950000,2.970000,2.970000,8000
2017-05-03,2.970000,2.970000,2.700000,2.730000,2.730000,21100
2017-05-04,2.730000,2.820000,2.720000,2.790000,2.790000,9000
2017-05-05,2.860000,2.860000,2.770000,2.780000,2.780000,8100
2017-05-08,2.790000,2.890000,2.740000,2.750000,2.750000,5900
2017-05-09,2.740000,2.860000,2.740000,2.840000,2.840000,3700
2017-05-10,2.850000,2.860000,2.730000,2.790000,2.790000,15700
2017-05-11,2.770000,2.800000,2.770000,2.780000,2.780000,400
2017-05-12,2.750000,2.840000,2.740000,2.800000,2.800000,9900
2017-05-15,2.740000,2.800000,2.700000,2.800000,2.800000,2800
2017-05-16,2.780000,2.850000,2.780000,2.850000,2.850000,2100
2017-05-17,2.850000,2.890000,2.790000,2.800000,2.800000,5000
2017-05-18,2.820000,2.880000,2.800000,2.850000,2.850000,27700
2017-05-19,2.850000,2.900000,2.820000,2.830000,2.830000,8000
2017-05-22,2.850000,2.870000,2.700000,2.790000,2.790000,5100
2017-05-23,2.770000,2.810000,2.710000,2.810000,2.810000,3600
2017-05-24,2.810000,2.840000,2.810000,2.840000,2.840000,3500
2017-05-25,2.870000,2.900000,2.800000,2.850000,2.850000,8200
2017-05-26,2.870000,2.970000,2.860000,2.920000,2.920000,19300
2017-05-30,2.920000,2.920000,2.920000,2.920000,2.920000,200
2017-05-31,2.600000,2.600000,2.210000,2.450000,2.450000,118800
2017-06-01,2.490000,2.490000,2.260000,2.330000,2.330000,41900
2017-06-02,2.310000,2.370000,2.250000,2.280000,2.280000,23400
2017-06-05,2.280000,2.400000,2.260000,2.310000,2.310000,13900
2017-06-06,2.340000,2.340000,2.320000,2.320000,2.320000,900
2017-06-07,2.270000,2.370000,2.270000,2.300000,2.300000,8700
2017-06-08,2.350000,2.350000,2.160000,2.270000,2.270000,26900
2017-06-09,2.330000,2.330000,2.290000,2.320000,2.320000,1600
2017-06-12,2.340000,2.340000,2.260000,2.290000,2.290000,11300
2017-06-13,2.300000,2.320000,2.290000,2.300000,2.300000,19800
2017-06-14,2.280000,2.340000,2.270000,2.270000,2.270000,2400
2017-06-15,2.290000,2.290000,2.270000,2.270000,2.270000,900
2017-06-16,2.260000,2.370000,2.260000,2.290000,2.290000,3600
2017-06-19,2.300000,2.350000,2.300000,2.300000,2.300000,6600
2017-06-20,2.300000,2.300000,2.300000,2.300000,2.300000,0
2017-06-21,2.260000,2.350000,2.210000,2.310000,2.310000,13000
2017-06-22,2.280000,2.280000,2.180000,2.250000,2.250000,1800
2017-06-23,2.270000,2.320000,2.270000,2.290000,2.290000,6800
2017-06-26,2.330000,2.360000,2.310000,2.360000,2.360000,6400
2017-06-27,2.370000,2.370000,2.310000,2.350000,2.350000,7500
2017-06-28,2.340000,2.370000,2.330000,2.370000,2.370000,4900
2017-06-29,2.350000,2.360000,2.310000,2.360000,2.360000,3400
2017-06-30,2.370000,2.370000,2.320000,2.360000,2.360000,2900
2017-07-03,2.360000,2.360000,2.360000,2.360000,2.360000,0
2017-07-05,2.340000,2.360000,2.330000,2.350000,2.350000,3000
2017-07-06,2.320000,2.330000,2.300000,2.300000,2.300000,800
2017-07-07,2.300000,2.320000,2.240000,2.280000,2.280000,4600
2017-07-10,2.300000,2.340000,2.270000,2.270000,2.270000,3000
2017-07-11,2.300000,2.300000,2.230000,2.240000,2.240000,12700
2017-07-12,2.280000,2.340000,2.270000,2.280000,2.280000,12500
2017-07-13,2.260000,2.300000,2.240000,2.250000,2.250000,3000
2017-07-14,2.240000,2.260000,2.230000,2.250000,2.250000,8000
2017-07-17,2.230000,2.290000,2.230000,2.270000,2.270000,1600
2017-07-18,2.250000,2.300000,2.240000,2.300000,2.300000,4700
2017-07-19,2.300000,2.300000,2.230000,2.260000,2.260000,9100
2017-07-20,2.290000,2.310000,2.270000,2.300000,2.300000,5700
2017-07-21,2.280000,2.310000,2.280000,2.300000,2.300000,600
2017-07-24,2.270000,2.300000,2.270000,2.300000,2.300000,6500
2017-07-25,2.280000,2.310000,2.270000,2.300000,2.300000,2000
2017-07-26,2.270000,2.310000,2.230000,2.310000,2.310000,5800
2017-07-27,2.310000,2.310000,2.270000,2.310000,2.310000,6000
2017-07-28,2.310000,2.330000,2.290000,2.330000,2.330000,3800
2017-07-31,2.330000,2.360000,2.300000,2.360000,2.360000,21300
2017-08-01,2.360000,2.360000,2.360000,2.360000,2.360000,0
2017-08-02,2.310000,2.310000,2.260000,2.270000,2.270000,2800
2017-08-03,2.290000,2.290000,2.250000,2.260000,2.260000,2400
2017-08-04,2.270000,2.290000,2.250000,2.290000,2.290000,24300
2017-08-07,2.310000,2.350000,2.270000,2.350000,2.350000,7900
2017-08-08,2.350000,2.350000,2.350000,2.350000,2.350000,0
2017-08-09,2.330000,2.350000,2.310000,2.340000,2.340000,2000
2017-08-10,2.300000,2.350000,2.290000,2.310000,2.310000,2700
2017-08-11,2.350000,2.350000,2.310000,2.350000,2.350000,2000
2017-08-14,2.330000,2.330000,2.330000,2.330000,2.330000,100
2017-08-15,2.350000,2.350000,2.290000,2.350000,2.350000,1500
2017-08-16,2.350000,2.350000,2.300000,2.330000,2.330000,8500
2017-08-17,2.320000,2.330000,2.320000,2.330000,2.330000,1200
2017-08-18,2.350000,2.350000,2.350000,2.350000,2.350000,200
2017-08-21,2.350000,2.350000,2.340000,2.340000,2.340000,200
2017-08-22,2.350000,2.350000,2.350000,2.350000,2.350000,100
2017-08-23,2.350000,2.350000,2.280000,2.290000,2.290000,56700
2017-08-24,2.320000,2.320000,2.200000,2.320000,2.320000,46900
2017-08-25,2.260000,2.350000,2.190000,2.280000,2.280000,78200
2017-08-28,2.270000,2.350000,2.270000,2.330000,2.330000,2800
2017-08-29,2.380000,2.380000,2.340000,2.370000,2.370000,3400
2017-08-30,2.290000,2.350000,2.290000,2.350000,2.350000,8300
2017-08-31,2.380000,2.380000,2.380000,2.380000,2.380000,1100
2017-09-01,2.360000,2.360000,2.250000,2.350000,2.350000,20100
2017-09-05,2.270000,2.360000,2.270000,2.360000,2.360000,400
2017-09-06,2.360000,2.360000,2.300000,2.350000,2.350000,2700
2017-09-07,2.310000,2.340000,2.270000,2.340000,2.340000,10100
2017-09-08,2.350000,2.350000,2.350000,2.350000,2.350000,2500
2017-09-11,2.320000,2.320000,2.320000,2.320000,2.320000,1700
2017-09-12,2.350000,2.540000,2.350000,2.430000,2.430000,20200
2017-09-13,2.430000,2.430000,2.400000,2.430000,2.430000,3800
2017-09-14,2.400000,2.420000,2.390000,2.390000,2.390000,25500
2017-09-15,2.370000,2.400000,2.370000,2.390000,2.390000,7500
2017-09-18,2.380000,2.400000,2.360000,2.400000,2.400000,9000
2017-09-19,2.450000,2.450000,2.360000,2.400000,2.400000,45600
2017-09-20,2.400000,2.400000,2.380000,2.400000,2.400000,33100
2017-09-21,2.420000,2.420000,2.390000,2.400000,2.400000,9900
2017-09-22,2.400000,2.400000,2.400000,2.400000,2.400000,0
2017-09-25,2.390000,2.420000,2.390000,2.420000,2.420000,400
2017-09-26,2.360000,2.440000,2.360000,2.430000,2.430000,1200
2017-09-27,2.440000,2.440000,2.430000,2.430000,2.430000,2100
2017-09-28,2.470000,2.470000,2.430000,2.440000,2.440000,400
2017-09-29,2.350000,2.440000,2.270000,2.430000,2.430000,10700
2017-10-02,2.350000,2.420000,2.350000,2.400000,2.400000,5000
2017-10-03,2.420000,2.440000,2.320000,2.400000,2.400000,11900
2017-10-04,2.400000,2.400000,2.400000,2.400000,2.400000,0
2017-10-05,2.400000,2.420000,2.330000,2.420000,2.420000,9200
2017-10-06,2.410000,2.410000,2.350000,2.400000,2.400000,300
2017-10-09,2.310000,2.430000,2.310000,2.400000,2.400000,700
2017-10-10,2.400000,2.400000,2.400000,2.400000,2.400000,0
2017-10-11,2.350000,2.360000,2.310000,2.360000,2.360000,8000
2017-10-12,2.360000,2.390000,2.320000,2.390000,2.390000,5100
2017-10-13,2.390000,2.390000,2.390000,2.390000,2.390000,0
2017-10-16,2.400000,2.400000,2.330000,2.390000,2.390000,1000
2017-10-17,2.330000,2.400000,2.290000,2.400000,2.400000,4100
2017-10-18,2.310000,2.400000,2.280000,2.350000,2.350000,14100
2017-10-19,2.380000,2.380000,2.380000,2.380000,2.380000,100
2017-10-20,2.320000,2.400000,2.320000,2.400000,2.400000,800
2017-10-23,2.330000,2.390000,2.330000,2.390000,2.390000,3900
2017-10-24,2.350000,2.380000,2.350000,2.380000,2.380000,600
2017-10-25,2.380000,2.380000,2.300000,2.380000,2.380000,5500
2017-10-26,2.350000,2.380000,2.340000,2.380000,2.380000,8100
2017-10-27,2.380000,2.380000,2.380000,2.380000,2.380000,0
2017-10-30,2.380000,2.440000,2.310000,2.440000,2.440000,1600
2017-10-31,2.440000,2.450000,2.350000,2.440000,2.440000,2500
2017-11-01,2.400000,2.400000,2.400000,2.400000,2.400000,200
2017-11-02,2.430000,2.430000,2.360000,2.420000,2.420000,1300
2017-11-03,2.330000,2.410000,2.330000,2.410000,2.410000,1600
2017-11-06,2.410000,2.410000,2.410000,2.410000,2.410000,0
2017-11-07,2.430000,2.430000,2.350000,2.420000,2.420000,1200
2017-11-08,2.390000,2.390000,2.330000,2.380000,2.380000,8800
2017-11-09,2.380000,2.400000,2.360000,2.390000,2.390000,8300
2017-11-10,2.390000,2.390000,2.340000,2.340000,2.340000,200
2017-11-13,2.390000,2.420000,2.290000,2.410000,2.410000,4500
2017-11-14,2.380000,2.420000,2.380000,2.420000,2.420000,200
2017-11-15,2.420000,2.420000,2.420000,2.420000,2.420000,100
2017-11-16,2.430000,2.430000,2.430000,2.430000,2.430000,100
2017-11-17,2.420000,2.440000,2.380000,2.440000,2.440000,5800
2017-11-20,2.300000,2.420000,2.300000,2.400000,2.400000,11500
2017-11-21,2.350000,2.400000,2.340000,2.400000,2.400000,9800
2017-11-22,2.400000,2.400000,2.350000,2.400000,2.400000,1300
2017-11-24,2.400000,2.400000,2.400000,2.400000,2.400000,1700
2017-11-27,2.350000,2.400000,2.350000,2.400000,2.400000,1800
2017-11-28,2.400000,2.400000,2.390000,2.400000,2.400000,3600
2017-11-29,2.310000,2.400000,2.310000,2.400000,2.400000,6700
2017-11-30,2.310000,2.440000,2.310000,2.390000,2.390000,54900
2017-12-01,2.320000,2.400000,2.320000,2.400000,2.400000,200
2017-12-04,2.390000,2.400000,2.220000,2.290000,2.290000,4500
2017-12-05,2.330000,2.400000,2.320000,2.390000,2.390000,7900
2017-12-06,2.350000,2.400000,2.350000,2.400000,2.400000,1100
2017-12-07,2.350000,2.390000,2.340000,2.390000,2.390000,5800
2017-12-08,2.330000,2.350000,2.310000,2.350000,2.350000,41000
2017-12-11,2.390000,2.390000,2.390000,2.390000,2.390000,100
2017-12-12,2.390000,2.390000,2.390000,2.390000,2.390000,0
2017-12-13,2.300000,2.390000,2.300000,2.390000,2.390000,8000
2017-12-14,2.350000,2.380000,2.340000,2.380000,2.380000,6100
2017-12-15,2.370000,2.380000,2.350000,2.380000,2.380000,5000
2017-12-18,2.340000,2.380000,2.320000,2.380000,2.380000,3100
2017-12-19,2.360000,2.380000,2.350000,2.380000,2.380000,2400
2017-12-20,2.340000,2.380000,2.340000,2.370000,2.370000,4400
2017-12-21,2.340000,2.370000,2.320000,2.370000,2.370000,8800
2017-12-22,2.370000,2.400000,2.340000,2.400000,2.400000,8600
2017-12-26,2.300000,2.400000,2.300000,2.400000,2.400000,9400
2017-12-27,2.330000,2.400000,2.330000,2.400000,2.400000,800
2017-12-28,2.360000,2.400000,2.350000,2.400000,2.400000,11400
2017-12-29,2.400000,2.440000,2.340000,2.400000,2.400000,55300
2018-01-02,2.380000,2.380000,2.380000,2.380000,2.380000,200
2018-01-03,2.450000,2.450000,2.450000,2.450000,2.450000,200
2018-01-04,2.440000,2.450000,2.330000,2.440000,2.440000,14800
2018-01-05,2.440000,2.440000,2.440000,2.440000,2.440000,0
2018-01-08,2.400000,2.450000,2.340000,2.440000,2.440000,7400
2018-01-09,2.440000,2.440000,2.440000,2.440000,2.440000,600
2018-01-10,2.440000,2.440000,2.440000,2.440000,2.440000,0
2018-01-11,2.350000,2.440000,2.350000,2.440000,2.440000,2300
2018-01-12,2.450000,2.450000,2.440000,2.440000,2.440000,1100
2018-01-16,2.360000,2.430000,2.360000,2.430000,2.430000,8400
2018-01-17,2.430000,2.430000,2.430000,2.430000,2.430000,0
2018-01-18,2.360000,2.420000,2.360000,2.360000,2.360000,12900
2018-01-19,2.350000,2.410000,2.350000,2.410000,2.410000,7400
2018-01-22,2.410000,2.410000,2.410000,2.410000,2.410000,0
2018-01-23,2.410000,2.410000,2.370000,2.410000,2.410000,2300
2018-01-24,2.410000,2.410000,2.410000,2.410000,2.410000,0
2018-01-25,2.430000,2.430000,2.380000,2.420000,2.420000,2900
2018-01-26,2.360000,2.440000,2.360000,2.420000,2.420000,700
2018-01-29,2.370000,2.430000,2.350000,2.400000,2.400000,34600
2018-01-30,2.350000,2.430000,2.350000,2.430000,2.430000,12500
2018-01-31,2.430000,2.440000,2.420000,2.440000,2.440000,1400
2018-02-01,2.360000,2.420000,2.340000,2.400000,2.400000,21200
2018-02-02,2.350000,2.400000,2.350000,2.380000,2.380000,8200
2018-02-05,2.380000,2.380000,2.330000,2.370000,2.370000,11800
2018-02-06,2.380000,2.400000,2.290000,2.350000,2.350000,7500
2018-02-07,2.410000,2.410000,2.360000,2.400000,2.400000,10500
2018-02-08,2.320000,2.410000,2.320000,2.410000,2.410000,3200
2018-02-09,2.390000,2.400000,2.370000,2.380000,2.380000,3200
2018-02-12,2.310000,2.430000,2.310000,2.400000,2.400000,600
2018-02-13,2.370000,2.380000,2.370000,2.380000,2.380000,900
2018-02-14,2.350000,2.400000,2.340000,2.390000,2.390000,10900
2018-02-15,2.330000,2.390000,2.320000,2.390000,2.390000,34300
2018-02-16,2.370000,2.380000,2.370000,2.380000,2.380000,9000
2018-02-20,2.340000,2.390000,2.320000,2.380000,2.380000,12700
2018-02-21,2.390000,2.440000,2.380000,2.390000,2.390000,14200
2018-02-22,2.330000,2.360000,2.310000,2.340000,2.340000,24600
2018-02-23,2.360000,2.390000,2.360000,2.370000,2.370000,10000
2018-02-26,2.410000,2.410000,2.360000,2.360000,2.360000,5100
2018-02-27,2.350000,2.400000,2.310000,2.390000,2.390000,20800
2018-02-28,2.430000,2.430000,2.370000,2.430000,2.430000,4000
2018-03-01,2.420000,2.420000,2.370000,2.370000,2.370000,3300
2018-03-02,2.350000,2.390000,2.330000,2.350000,2.350000,6100
2018-03-05,2.390000,2.390000,2.350000,2.350000,2.350000,9400
2018-03-06,2.370000,2.380000,2.350000,2.380000,2.380000,5300
2018-03-07,2.340000,2.390000,2.330000,2.380000,2.380000,2800
2018-03-08,2.400000,2.400000,2.400000,2.400000,2.400000,100
2018-03-09,2.360000,2.380000,2.360000,2.380000,2.380000,300
2018-03-12,2.310000,2.380000,2.250000,2.380000,2.380000,9200
2018-03-13,2.330000,2.390000,2.330000,2.390000,2.390000,4800
2018-03-14,2.350000,2.390000,2.350000,2.380000,2.380000,2100
2018-03-15,2.360000,2.390000,2.350000,2.390000,2.390000,4500
2018-03-16,2.360000,2.390000,2.360000,2.380000,2.380000,10700
2018-03-19,2.350000,2.350000,2.350000,2.350000,2.350000,4700
2018-03-20,2.380000,2.390000,2.380000,2.390000,2.390000,9400
2018-03-21,2.360000,2.390000,2.350000,2.390000,2.390000,11800
2018-03-22,2.350000,2.390000,2.350000,2.390000,2.390000,700
2018-03-23,2.380000,2.380000,2.380000,2.380000,2.380000,200
2018-03-26,2.380000,2.380000,2.380000,2.380000,2.380000,0
2018-03-27,2.360000,2.390000,2.360000,2.380000,2.380000,5900
2018-03-28,2.350000,2.350000,2.350000,2.350000,2.350000,4200
2018-03-29,2.400000,2.400000,2.310000,2.380000,2.380000,6000
2018-04-02,2.380000,2.380000,2.380000,2.380000,2.380000,0
2018-04-03,2.390000,2.410000,2.370000,2.410000,2.410000,4700
2018-04-04,2.430000,2.430000,2.370000,2.420000,2.420000,3200
2018-04-05,2.400000,2.420000,2.360000,2.420000,2.420000,6200
2018-04-06,2.330000,2.400000,2.330000,2.400000,2.400000,1800
2018-04-09,2.350000,2.420000,2.350000,2.410000,2.410000,2700
2018-04-10,2.380000,2.390000,2.360000,2.370000,2.370000,9700
2018-04-11,2.350000,2.390000,2.350000,2.390000,2.390000,900
2018-04-12,2.400000,2.400000,2.380000,2.390000,2.390000,3900
2018-04-13,2.360000,2.400000,2.360000,2.400000,2.400000,200
2018-04-16,2.400000,2.400000,2.370000,2.390000,2.390000,700
2018-04-17,2.380000,2.390000,2.350000,2.350000,2.350000,10100
2018-04-18,2.380000,2.410000,2.380000,2.400000,2.400000,22000
2018-04-19,2.410000,2.410000,2.410000,2.410000,2.410000,100
2018-04-20,2.360000,2.420000,2.350000,2.400000,2.400000,3900
2018-04-23,2.400000,2.400000,2.400000,2.400000,2.400000,0
2018-04-24,2.350000,2.410000,2.350000,2.400000,2.400000,5700
2018-04-25,2.400000,2.400000,2.350000,2.360000,2.360000,4300
2018-04-26,2.390000,2.390000,2.370000,2.380000,2.380000,6400
2018-04-27,2.350000,2.380000,2.280000,2.380000,2.380000,2700
2018-04-30,2.370000,2.400000,2.340000,2.380000,2.380000,12500
2018-05-01,2.360000,2.360000,2.350000,2.360000,2.360000,4300
2018-05-02,2.360000,2.400000,2.350000,2.390000,2.390000,20200
2018-05-03,2.400000,2.400000,2.400000,2.400000,2.400000,200
2018-05-04,2.390000,2.390000,2.370000,2.390000,2.390000,1400
2018-05-07,2.390000,2.390000,2.390000,2.390000,2.390000,0
2018-05-08,2.390000,2.390000,2.390000,2.390000,2.390000,5600
2018-05-09,2.380000,2.390000,2.380000,2.380000,2.380000,11700
2018-05-10,2.380000,2.390000,2.360000,2.390000,2.390000,20900
2018-05-11,2.350000,2.390000,2.350000,2.390000,2.390000,2100
2018-05-14,2.390000,2.390000,2.390000,2.390000,2.390000,3000
2018-05-15,2.400000,2.400000,2.350000,2.380000,2.380000,24600
2018-05-16,2.370000,2.390000,2.370000,2.390000,2.390000,17000
2018-05-17,2.370000,2.410000,2.370000,2.410000,2.410000,27300
2018-05-18,2.410000,2.420000,2.410000,2.410000,2.410000,700
2018-05-21,2.400000,2.400000,2.380000,2.400000,2.400000,8700
2018-05-22,2.410000,2.410000,2.380000,2.400000,2.400000,14400
2018-05-23,2.400000,2.410000,2.380000,2.390000,2.390000,24100
2018-05-24,2.390000,2.400000,2.390000,2.400000,2.400000,12100
2018-05-25,2.380000,2.380000,2.360000,2.380000,2.380000,11600
2018-05-29,2.410000,2.420000,2.350000,2.420000,2.420000,13100
2018-05-30,2.410000,2.420000,2.390000,2.420000,2.420000,6500
2018-05-31,2.410000,2.410000,2.410000,2.410000,2.410000,4100
2018-06-01,2.400000,2.420000,2.400000,2.410000,2.410000,26000
2018-06-04,2.410000,2.410000,2.380000,2.380000,2.380000,300
2018-06-05,2.400000,2.400000,2.400000,2.400000,2.400000,7900
2018-06-06,2.400000,2.400000,2.400000,2.400000,2.400000,0
2018-06-07,2.410000,2.410000,2.340000,2.370000,2.370000,49900
2018-06-08,2.390000,2.390000,2.390000,2.390000,2.390000,12600
2018-06-11,2.360000,2.370000,2.360000,2.370000,2.370000,1900
2018-06-12,2.330000,2.350000,2.330000,2.350000,2.350000,13700
2018-06-13,2.340000,2.360000,2.340000,2.360000,2.360000,2400
2018-06-14,2.330000,2.360000,2.330000,2.360000,2.360000,19500
2018-06-15,2.370000,2.380000,2.360000,2.380000,2.380000,11600
2018-06-18,2.400000,2.400000,2.330000,2.390000,2.390000,22800
2018-06-19,2.360000,2.370000,2.360000,2.360000,2.360000,1500
2018-06-20,2.350000,2.350000,2.350000,2.350000,2.350000,15200
2018-06-21,2.380000,2.390000,2.380000,2.390000,2.390000,7300
2018-06-22,2.390000,2.390000,2.390000,2.390000,2.390000,200
2018-06-25,2.390000,2.390000,2.390000,2.390000,2.390000,100
2018-06-26,2.350000,2.360000,2.350000,2.350000,2.350000,9900
2018-06-27,2.370000,2.370000,2.340000,2.340000,2.340000,1400
2018-06-28,2.350000,2.350000,2.350000,2.350000,2.350000,3100
2018-06-29,2.370000,2.370000,2.360000,2.360000,2.360000,9300
2018-07-02,2.370000,2.370000,2.340000,2.340000,2.340000,2600
2018-07-03,2.350000,2.350000,2.350000,2.350000,2.350000,15800
2018-07-05,2.350000,2.350000,2.340000,2.340000,2.340000,2500
2018-07-06,2.340000,2.340000,2.340000,2.340000,2.340000,1400
2018-07-09,2.310000,2.330000,2.310000,2.330000,2.330000,23200
2018-07-10,2.330000,2.330000,2.330000,2.330000,2.330000,1000
2018-07-11,2.330000,2.330000,2.330000,2.330000,2.330000,0
2018-07-12,2.330000,2.330000,2.330000,2.330000,2.330000,0
2018-07-13,2.280000,2.280000,2.280000,2.280000,2.280000,2500
2018-07-16,2.300000,2.300000,2.270000,2.280000,2.280000,15100
2018-07-17,2.280000,2.280000,2.250000,2.260000,2.260000,10400
2018-07-18,2.280000,2.290000,2.280000,2.280000,2.280000,22300
2018-07-19,2.260000,2.280000,2.260000,2.270000,2.270000,4000
2018-07-20,2.260000,2.260000,2.240000,2.240000,2.240000,10800
2018-07-23,2.250000,2.250000,2.240000,2.240000,2.240000,10100
2018-07-24,2.240000,2.250000,2.240000,2.240000,2.240000,11400
2018-07-25,2.230000,2.230000,2.140000,2.150000,2.150000,11600
2018-07-26,2.180000,2.180000,2.130000,2.160000,2.160000,23000
2018-07-27,2.160000,2.170000,2.150000,2.150000,2.150000,3800
2018-07-30,2.160000,2.160000,2.150000,2.150000,2.150000,3200
2018-07-31,2.140000,2.160000,2.140000,2.150000,2.150000,600
2018-08-01,2.150000,2.150000,2.130000,2.130000,2.130000,4800
2018-08-02,2.130000,2.160000,2.130000,2.150000,2.150000,6200
2018-08-03,2.150000,2.160000,2.150000,2.150000,2.150000,20900
2018-08-06,2.150000,2.150000,2.140000,2.140000,2.140000,2600
2018-08-07,2.130000,2.150000,2.130000,2.150000,2.150000,6300
2018-08-08,2.130000,2.150000,2.130000,2.150000,2.150000,5600
2018-08-09,2.130000,2.150000,2.130000,2.150000,2.150000,9700
2018-08-10,2.150000,2.150000,2.150000,2.150000,2.150000,2000
2018-08-13,2.150000,2.150000,2.140000,2.140000,2.140000,7500
2018-08-14,2.160000,2.160000,2.150000,2.150000,2.150000,4500
2018-08-15,2.140000,2.140000,2.130000,2.140000,2.140000,400
2018-08-16,2.130000,2.140000,2.130000,2.140000,2.140000,15700
2018-08-17,2.140000,2.140000,1.950000,2.130000,2.130000,99600
2018-08-20,2.110000,2.110000,2.110000,2.110000,2.110000,800
2018-08-21,2.080000,2.090000,1.960000,2.090000,2.090000,50400
2018-08-22,2.100000,2.100000,2.050000,2.050000,2.050000,2800
2018-08-23,2.070000,2.070000,2.040000,2.070000,2.070000,5400
2018-08-24,2.050000,2.070000,2.050000,2.070000,2.070000,12700
2018-08-27,2.070000,2.070000,2.070000,2.070000,2.070000,0
2018-08-28,2.040000,2.050000,2.000000,2.050000,2.050000,57700
2018-08-29,2.050000,2.050000,2.010000,2.010000,2.010000,5700
2018-08-30,2.000000,2.040000,1.970000,2.010000,2.010000,33800
2018-08-31,2.010000,2.020000,1.950000,2.020000,2.020000,8000
2018-09-04,1.980000,2.000000,1.910000,1.950000,1.950000,2100
2018-09-05,1.960000,1.990000,1.960000,1.990000,1.990000,4700
2018-09-06,1.950000,1.980000,1.950000,1.980000,1.980000,10000
2018-09-07,1.950000,1.980000,1.950000,1.980000,1.980000,7100
2018-09-10,1.960000,1.980000,1.950000,1.950000,1.950000,9000
2018-09-11,1.960000,1.990000,1.960000,1.990000,1.990000,4100
2018-09-12,2.000000,2.010000,1.990000,2.000000,2.000000,3800
2018-09-13,2.000000,2.000000,2.000000,2.000000,2.000000,0
2018-09-14,1.980000,2.010000,1.950000,1.950000,1.950000,16700
2018-09-17,1.950000,1.950000,1.950000,1.950000,1.950000,0
2018-09-18,1.960000,2.040000,1.960000,2.030000,2.030000,23700
2018-09-19,2.010000,2.040000,2.010000,2.040000,2.040000,2500
2018-09-20,2.030000,2.030000,2.020000,2.020000,2.020000,7700
2018-09-21,2.000000,2.000000,2.000000,2.000000,2.000000,400
2018-09-24,1.980000,2.000000,1.980000,2.000000,2.000000,7700
2018-09-25,2.030000,2.030000,1.960000,2.020000,2.020000,6800
2018-09-26,2.030000,2.030000,2.030000,2.030000,2.030000,200
2018-09-27,2.000000,2.000000,2.000000,2.000000,2.000000,200
2018-09-28,1.990000,1.990000,1.980000,1.990000,1.990000,500
2018-10-01,1.960000,2.010000,1.960000,2.000000,2.000000,17400
2018-10-02,1.950000,1.990000,1.950000,1.950000,1.950000,16500
2018-10-03,1.990000,1.990000,1.960000,1.990000,1.990000,1900
2018-10-04,1.990000,1.990000,1.990000,1.990000,1.990000,0
2018-10-05,2.020000,2.020000,2.020000,2.020000,2.020000,200
2018-10-08,2.000000,2.000000,2.000000,2.000000,2.000000,2200
2018-10-09,2.000000,2.000000,2.000000,2.000000,2.000000,200
2018-10-10,2.000000,2.000000,1.990000,1.990000,1.990000,5400
2018-10-11,1.970000,1.970000,1.970000,1.970000,1.970000,800
2018-10-12,1.960000,1.960000,1.950000,1.960000,1.960000,1500
2018-10-15,1.950000,1.970000,1.950000,1.960000,1.960000,1500
2018-10-16,1.960000,1.970000,1.960000,1.970000,1.970000,300
2018-10-17,1.980000,1.980000,1.930000,1.930000,1.930000,2600
2018-10-18,1.930000,1.930000,1.930000,1.930000,1.930000,0
2018-10-19,1.940000,1.960000,1.940000,1.960000,1.960000,4600
2018-10-22,1.950000,1.970000,1.950000,1.970000,1.970000,12700
2018-10-23,1.940000,1.940000,1.940000,1.940000,1.940000,200
2018-10-24,1.950000,1.950000,1.950000,1.950000,1.950000,200
2018-10-25,1.930000,1.960000,1.930000,1.960000,1.960000,2300
2018-10-26,2.000000,2.000000,2.000000,2.000000,2.000000,200
2018-10-29,1.950000,2.000000,1.950000,2.000000,2.000000,5000
2018-10-30,1.960000,1.980000,1.950000,1.950000,1.950000,1500
2018-10-31,1.960000,1.960000,1.960000,1.960000,1.960000,100
2018-11-01,1.970000,1.970000,1.910000,1.910000,1.910000,1400
2018-11-02,1.950000,1.950000,1.950000,1.950000,1.950000,100
2018-11-05,1.860000,1.960000,1.860000,1.960000,1.960000,6600
2018-11-06,1.920000,1.920000,1.920000,1.920000,1.920000,200
2018-11-07,1.930000,1.930000,1.900000,1.930000,1.930000,1700
2018-11-08,1.940000,1.990000,1.930000,1.990000,1.990000,8100
2018-11-09,1.990000,1.990000,1.990000,1.990000,1.990000,100
2018-11-12,1.890000,1.970000,1.850000,1.970000,1.970000,3500
2018-11-13,1.890000,1.900000,1.870000,1.890000,1.890000,1300
2018-11-14,1.890000,1.890000,1.890000,1.890000,1.890000,100
2018-11-15,1.890000,1.890000,1.890000,1.890000,1.890000,100
2018-11-16,1.900000,1.900000,1.900000,1.900000,1.900000,900
2018-11-19,1.900000,2.040000,1.900000,2.040000,2.040000,5700
2018-11-20,2.000000,2.140000,1.990000,2.120000,2.120000,9900
2018-11-21,2.190000,2.230000,1.970000,2.160000,2.160000,4700
2018-11-23,2.110000,2.110000,2.110000,2.110000,2.110000,100
2018-11-26,2.100000,2.100000,2.060000,2.060000,2.060000,7300
2018-11-27,2.010000,2.010000,2.010000,2.010000,2.010000,100
2018-11-28,2.010000,2.010000,2.010000,2.010000,2.010000,100
2018-11-29,2.060000,2.060000,2.060000,2.060000,2.060000,100
2018-11-30,1.990000,2.170000,1.980000,2.120000,2.120000,23800
2018-12-03,2.120000,2.160000,2.050000,2.050000,2.050000,4700
2018-12-04,2.110000,2.110000,2.110000,2.110000,2.110000,200
2018-12-06,1.840000,2.100000,1.840000,2.040000,2.040000,14900
2018-12-07,2.100000,2.190000,2.080000,2.170000,2.170000,1000
2018-12-10,2.150000,2.170000,2.150000,2.170000,2.170000,1200
2018-12-11,2.230000,2.230000,2.070000,2.160000,2.160000,5000
2018-12-12,2.210000,2.210000,2.100000,2.200000,2.200000,27000
2018-12-13,2.200000,2.200000,2.090000,2.120000,2.120000,5000
2018-12-14,2.080000,2.170000,1.990000,2.170000,2.170000,10600
2018-12-17,2.160000,2.160000,2.160000,2.160000,2.160000,200
2018-12-18,2.170000,2.170000,2.060000,2.060000,2.060000,900
2018-12-19,2.050000,2.050000,2.050000,2.050000,2.050000,400
2018-12-20,2.050000,2.050000,2.050000,2.050000,2.050000,100
2018-12-21,2.010000,2.010000,1.980000,1.980000,1.980000,700
2018-12-24,2.050000,2.050000,2.050000,2.050000,2.050000,100
2018-12-26,2.050000,2.050000,1.990000,2.050000,2.050000,1400
2018-12-27,2.050000,2.050000,2.050000,2.050000,2.050000,300
2018-12-28,2.020000,2.030000,2.000000,2.030000,2.030000,11500
2018-12-31,2.000000,2.000000,1.770000,1.960000,1.960000,144400
2019-01-02,1.960000,1.960000,1.960000,1.960000,1.960000,100
2019-01-03,1.950000,2.000000,1.950000,1.980000,1.980000,16900
2019-01-04,2.050000,2.050000,1.950000,1.950000,1.950000,42400
2019-01-07,1.950000,1.980000,1.920000,1.960000,1.960000,9900
2019-01-08,1.950000,1.950000,1.950000,1.950000,1.950000,400
2019-01-09,1.950000,1.950000,1.950000,1.950000,1.950000,100
2019-01-10,1.920000,1.950000,1.900000,1.950000,1.950000,26100
2019-01-11,1.950000,1.950000,1.950000,1.950000,1.950000,100
2019-01-14,1.950000,1.950000,1.950000,1.950000,1.950000,100
2019-01-15,1.870000,1.890000,1.810000,1.890000,1.890000,9400
2019-01-16,1.890000,1.890000,1.890000,1.890000,1.890000,100
2019-01-17,1.870000,1.870000,1.870000,1.870000,1.870000,1200
2019-01-18,1.870000,1.900000,1.870000,1.900000,1.900000,5200
2019-01-22,1.900000,1.900000,1.900000,1.900000,1.900000,0
2019-01-23,1.870000,1.920000,1.820000,1.850000,1.850000,13200
2019-01-24,1.890000,1.890000,1.890000,1.890000,1.890000,100
2019-01-25,1.850000,1.860000,1.850000,1.850000,1.850000,38800
2019-01-28,1.840000,1.840000,1.790000,1.790000,1.790000,15200
2019-01-29,1.830000,1.960000,1.790000,1.960000,1.960000,17000
2019-01-30,2.000000,2.000000,1.930000,1.960000,1.960000,3500
2019-01-31,1.940000,1.990000,1.920000,1.960000,1.960000,360600
2019-02-01,1.960000,1.960000,1.960000,1.960000,1.960000,100
2019-02-04,1.980000,1.980000,1.900000,1.940000,1.940000,7400
2019-02-05,1.950000,1.960000,1.900000,1.950000,1.950000,32100
2019-02-06,1.980000,1.980000,1.930000,1.970000,1.970000,65000
2019-02-07,1.930000,1.930000,1.930000,1.930000,1.930000,500
2019-02-08,1.920000,1.940000,1.890000,1.890000,1.890000,2500
2019-02-11,1.890000,1.930000,1.890000,1.930000,1.930000,8100
2019-02-12,1.910000,1.920000,1.910000,1.920000,1.920000,300
2019-02-13,1.910000,1.910000,1.910000,1.910000,1.910000,300
2019-02-14,1.920000,1.930000,1.920000,1.930000,1.930000,5700
2019-02-15,1.910000,1.920000,1.890000,1.890000,1.890000,32800
2019-02-19,1.870000,1.930000,1.860000,1.930000,1.930000,9100
2019-02-20,1.880000,1.880000,1.880000,1.880000,1.880000,1500
2019-02-21,1.830000,1.950000,1.830000,1.890000,1.890000,6900
2019-02-22,1.900000,1.940000,1.900000,1.940000,1.940000,5200
2019-02-25,1.910000,1.940000,1.900000,1.900000,1.900000,27600
2019-02-26,1.900000,1.950000,1.900000,1.940000,1.940000,1200
2019-02-27,1.910000,1.910000,1.910000,1.910000,1.910000,300
2019-02-28,1.910000,2.000000,1.910000,1.950000,1.950000,75400
2019-03-01,1.920000,1.920000,1.920000,1.920000,1.920000,400
2019-03-04,1.920000,1.920000,1.920000,1.920000,1.920000,5200
2019-03-05,1.840000,1.840000,1.770000,1.820000,1.820000,6800
2019-03-06,1.830000,1.880000,1.830000,1.850000,1.850000,9500
2019-03-07,1.800000,1.870000,1.800000,1.870000,1.870000,300
2019-03-08,1.840000,1.850000,1.830000,1.850000,1.850000,4300
2019-03-11,1.870000,1.880000,1.830000,1.880000,1.880000,11000
2019-03-12,1.900000,1.920000,1.900000,1.900000,1.900000,7900
2019-03-13,1.900000,1.910000,1.850000,1.900000,1.900000,22000
2019-03-14,1.950000,1.950000,1.900000,1.900000,1.900000,53400
2019-03-15,1.960000,1.960000,1.960000,1.960000,1.960000,100
2019-03-18,1.920000,1.920000,1.840000,1.920000,1.920000,700
2019-03-19,1.960000,1.960000,1.960000,1.960000,1.960000,100
2019-03-20,1.980000,1.980000,1.980000,1.980000,1.980000,100
2019-03-21,1.980000,1.980000,1.980000,1.980000,1.980000,100
2019-03-22,1.980000,1.980000,1.980000,1.980000,1.980000,0
2019-03-25,1.930000,1.930000,1.930000,1.930000,1.930000,100
2019-03-26,1.930000,1.930000,1.930000,1.930000,1.930000,100
2019-03-27,1.920000,1.920000,1.920000,1.920000,1.920000,100
2019-03-28,1.920000,1.930000,1.920000,1.920000,1.920000,1000
2019-03-29,1.880000,1.920000,1.880000,1.910000,1.910000,6200
2019-04-01,1.920000,1.920000,1.860000,1.860000,1.860000,1900
2019-04-02,1.890000,1.890000,1.820000,1.850000,1.850000,57900
2019-04-03,1.820000,1.820000,1.820000,1.820000,1.820000,100
2019-04-04,1.860000,1.870000,1.820000,1.830000,1.830000,24100
2019-04-05,1.770000,1.770000,1.770000,1.770000,1.770000,1600
2019-04-08,1.850000,1.860000,1.850000,1.860000,1.860000,3800
2019-04-09,1.830000,1.830000,1.830000,1.830000,1.830000,100
2019-04-10,1.830000,1.840000,1.780000,1.780000,1.780000,1800
2019-04-11,1.770000,1.770000,1.770000,1.770000,1.770000,200
2019-04-12,1.790000,1.800000,1.770000,1.770000,1.770000,1900
2019-04-15,1.760000,1.790000,1.700000,1.700000,1.700000,32000
2019-04-16,1.710000,1.710000,1.710000,1.710000,1.710000,4800
2019-04-17,1.740000,1.900000,1.740000,1.780000,1.780000,1400
2019-04-18,1.780000,1.820000,1.720000,1.750000,1.750000,4700
2019-04-22,1.720000,1.720000,1.720000,1.720000,1.720000,400
2019-04-23,1.720000,1.720000,1.720000,1.720000,1.720000,0
2019-04-24,1.670000,1.730000,1.670000,1.730000,1.730000,1700
2019-04-25,1.690000,1.690000,1.690000,1.690000,1.690000,400
2019-04-26,1.780000,1.780000,1.780000,1.780000,1.780000,400
2019-04-29,1.760000,1.760000,1.760000,1.760000,1.760000,400
2019-04-30,1.830000,1.830000,1.730000,1.800000,1.800000,3600
2019-05-01,1.740000,1.770000,1.650000,1.710000,1.710000,4100
2019-05-02,1.660000,1.660000,1.660000,1.660000,1.660000,1800
2019-05-03,1.720000,1.780000,1.660000,1.730000,1.730000,5900
2019-05-06,1.770000,1.770000,1.770000,1.770000,1.770000,300
2019-05-07,1.770000,1.770000,1.770000,1.770000,1.770000,0
2019-05-08,1.770000,1.770000,1.770000,1.770000,1.770000,0
2019-05-09,1.680000,1.680000,1.680000,1.680000,1.680000,800
2019-05-10,1.750000,1.790000,1.750000,1.790000,1.790000,200
2019-05-13,1.780000,1.780000,1.780000,1.780000,1.780000,100
2019-05-14,1.780000,1.780000,1.780000,1.780000,1.780000,100
2019-05-15,1.770000,1.780000,1.750000,1.750000,1.750000,3800
2019-05-16,1.690000,1.700000,1.690000,1.690000,1.690000,3600
2019-05-17,1.710000,1.730000,1.710000,1.730000,1.730000,600
2019-05-20,1.700000,1.780000,1.700000,1.780000,1.780000,400
2019-05-21,1.760000,1.760000,1.760000,1.760000,1.760000,100
2019-05-22,1.760000,1.760000,1.760000,1.760000,1.760000,0
2019-05-23,1.760000,1.760000,1.760000,1.760000,1.760000,0
2019-05-24,1.760000,1.760000,1.760000,1.760000,1.760000,100
2019-05-28,1.730000,1.780000,1.730000,1.780000,1.780000,1400
2019-05-29,1.710000,1.780000,1.710000,1.750000,1.750000,400
2019-05-30,1.690000,1.780000,1.690000,1.780000,1.780000,1600
2019-05-31,1.700000,1.780000,1.700000,1.780000,1.780000,2100
2019-06-03,1.700000,1.750000,1.700000,1.750000,1.750000,1100
2019-06-04,1.740000,1.740000,1.680000,1.700000,1.700000,32100
2019-06-05,1.750000,1.750000,1.750000,1.750000,1.750000,200
2019-06-06,1.750000,1.750000,1.750000,1.750000,1.750000,0
2019-06-07,1.780000,1.780000,1.750000,1.750000,1.750000,400
2019-06-10,1.750000,1.750000,1.750000,1.750000,1.750000,600
2019-06-11,1.700000,1.760000,1.680000,1.720000,1.720000,4500
2019-06-12,1.750000,1.750000,1.720000,1.720000,1.720000,1200
2019-06-13,1.720000,1.720000,1.720000,1.720000,1.720000,100
2019-06-14,1.720000,1.720000,1.720000,1.720000,1.720000,400
2019-06-17,1.680000,1.680000,1.680000,1.680000,1.680000,900
2019-06-18,1.760000,1.760000,1.680000,1.760000,1.760000,1100
2019-06-19,1.680000,1.680000,1.650000,1.650000,1.650000,800
2019-06-20,1.620000,1.700000,1.550000,1.670000,1.670000,9900
2019-06-21,1.690000,1.690000,1.680000,1.680000,1.680000,4400
2019-06-24,1.680000,1.680000,1.680000,1.680000,1.680000,100
2019-06-25,1.680000,1.680000,1.680000,1.680000,1.680000,0
2019-06-26,1.600000,1.650000,1.600000,1.650000,1.650000,5100
2019-06-27,1.680000,1.680000,1.600000,1.600000,1.600000,400
2019-06-28,1.600000,1.640000,1.600000,1.640000,1.640000,1300
2019-07-01,1.590000,1.660000,1.590000,1.600000,1.600000,3700
2019-07-02,1.600000,1.600000,1.600000,1.600000,1.600000,0
2019-07-03,1.590000,1.590000,1.590000,1.590000,1.590000,200
2019-07-05,1.590000,1.660000,1.590000,1.660000,1.660000,700
2019-07-08,1.600000,1.610000,1.600000,1.610000,1.610000,4600
2019-07-09,1.610000,1.610000,1.610000,1.610000,1.610000,0
2019-07-10,1.610000,1.610000,1.610000,1.610000,1.610000,100
2019-07-11,1.630000,1.660000,1.630000,1.640000,1.640000,23200
2019-07-12,1.690000,1.690000,1.620000,1.620000,1.620000,24900
2019-07-15,1.590000,1.600000,1.590000,1.600000,1.600000,600
2019-07-16,1.590000,1.620000,1.590000,1.620000,1.620000,8000
2019-07-17,1.670000,1.670000,1.670000,1.670000,1.670000,100
2019-07-18,1.660000,1.660000,1.660000,1.660000,1.660000,500
2019-07-19,1.750000,1.750000,1.740000,1.740000,1.740000,2200
2019-07-22,1.700000,1.700000,1.700000,1.700000,1.700000,100
2019-07-23,1.700000,1.700000,1.700000,1.700000,1.700000,100
2019-07-24,1.700000,1.700000,1.700000,1.700000,1.700000,0
2019-07-25,1.700000,1.700000,1.650000,1.690000,1.690000,1700
2019-07-26,1.660000,1.700000,1.570000,1.600000,1.600000,3500
2019-07-29,1.600000,1.600000,1.600000,1.600000,1.600000,500
2019-07-30,1.630000,1.630000,1.630000,1.630000,1.630000,600
2019-07-31,1.560000,1.610000,1.510000,1.550000,1.550000,4600
2019-08-01,1.600000,1.600000,1.590000,1.600000,1.600000,4200
2019-08-02,1.640000,1.680000,1.640000,1.680000,1.680000,200
2019-08-05,1.650000,1.660000,1.650000,1.650000,1.650000,1400
2019-08-06,1.650000,1.650000,1.610000,1.610000,1.610000,3100
2019-08-07,1.570000,1.620000,1.570000,1.620000,1.620000,1900
2019-08-08,1.620000,1.620000,1.620000,1.620000,1.620000,0
2019-08-09,1.620000,1.620000,1.570000,1.620000,1.620000,100
2019-08-12,1.640000,1.640000,1.640000,1.640000,1.640000,500
2019-08-13,1.710000,1.710000,1.510000,1.690000,1.690000,7300
2019-08-14,1.630000,1.650000,1.550000,1.640000,1.640000,2300
2019-08-15,1.590000,1.670000,1.550000,1.550000,1.550000,19000
2019-08-16,1.510000,1.690000,1.510000,1.690000,1.690000,900
2019-08-19,1.700000,1.700000,1.690000,1.700000,1.700000,1100
2019-08-20,1.630000,1.630000,1.630000,1.630000,1.630000,1300
2019-08-21,1.570000,1.660000,1.570000,1.660000,1.660000,3300
2019-08-22,1.570000,1.570000,1.570000,1.570000,1.570000,3900
2019-08-23,1.520000,1.690000,1.520000,1.690000,1.690000,3300
2019-08-26,1.690000,1.690000,1.690000,1.690000,1.690000,0
2019-08-27,1.660000,1.660000,1.620000,1.620000,1.620000,200
2019-08-28,1.680000,1.720000,1.680000,1.710000,1.710000,5000
2019-08-29,1.760000,1.760000,1.760000,1.760000,1.760000,100
2019-08-30,1.760000,1.760000,1.670000,1.750000,1.750000,4200
2019-09-03,1.690000,1.690000,1.620000,1.670000,1.670000,4400
2019-09-04,1.750000,1.750000,1.750000,1.750000,1.750000,100
2019-09-05,1.750000,1.750000,1.750000,1.750000,1.750000,0
2019-09-06,1.630000,1.750000,1.630000,1.750000,1.750000,1800
2019-09-09,1.750000,1.750000,1.750000,1.750000,1.750000,0
2019-09-10,1.630000,1.670000,1.630000,1.670000,1.670000,4000
2019-09-11,1.750000,1.750000,1.650000,1.650000,1.650000,3400
2019-09-12,1.650000,1.650000,1.650000,1.650000,1.650000,0
2019-09-13,1.720000,1.750000,1.690000,1.690000,1.690000,2800
2019-09-16,1.720000,1.720000,1.720000,1.720000,1.720000,500
2019-09-17,1.720000,1.720000,1.720000,1.720000,1.720000,100
2019-09-18,1.720000,1.720000,1.720000,1.720000,1.720000,0
2019-09-19,1.690000,1.690000,1.600000,1.660000,1.660000,3800
2019-09-20,1.650000,1.700000,1.650000,1.670000,1.670000,2500
2019-09-23,1.670000,1.670000,1.670000,1.670000,1.670000,100
2019-09-24,1.670000,1.670000,1.670000,1.670000,1.670000,0
2019-09-25,1.670000,1.670000,1.670000,1.670000,1.670000,0
2019-09-26,1.610000,1.650000,1.610000,1.610000,1.610000,3700
2019-09-27,1.610000,1.630000,1.600000,1.600000,1.600000,3600
2019-09-30,1.650000,1.650000,1.610000,1.610000,1.610000,2300
2019-10-01,1.620000,1.640000,1.620000,1.640000,1.640000,2300
2019-10-02,1.600000,1.640000,1.600000,1.640000,1.640000,3000
2019-10-03,1.600000,1.640000,1.600000,1.620000,1.620000,7800
2019-10-04,1.620000,1.620000,1.620000,1.620000,1.620000,0
2019-10-07,1.600000,1.640000,1.600000,1.630000,1.630000,7700
2019-10-08,1.620000,1.620000,1.530000,1.550000,1.550000,8100
2019-10-09,1.520000,1.600000,1.520000,1.590000,1.590000,1100
2019-10-10,1.590000,1.590000,1.590000,1.590000,1.590000,0
2019-10-11,1.570000,1.570000,1.550000,1.550000,1.550000,5400
2019-10-14,1.550000,1.580000,1.550000,1.550000,1.550000,6100
2019-10-15,1.630000,1.630000,1.520000,1.540000,1.540000,4100
2019-10-16,1.540000,1.540000,1.540000,1.540000,1.540000,0
2019-10-17,1.580000,1.580000,1.580000,1.580000,1.580000,400
2019-10-18,1.600000,1.650000,1.590000,1.650000,1.650000,10200
2019-10-21,1.700000,1.700000,1.670000,1.670000,1.670000,300
2019-10-22,1.560000,1.610000,1.560000,1.570000,1.570000,2000
2019-10-23,1.690000,1.690000,1.650000,1.650000,1.650000,200
2019-10-24,1.650000,1.650000,1.650000,1.650000,1.650000,0
2019-10-25,1.620000,1.620000,1.620000,1.620000,1.620000,400
2019-10-28,1.600000,1.600000,1.600000,1.600000,1.600000,9100
2019-10-29,1.500000,1.630000,1.500000,1.630000,1.630000,1100
2019-10-30,1.520000,1.570000,1.500000,1.500000,1.500000,28400
2019-10-31,1.550000,1.550000,1.510000,1.510000,1.510000,7900
2019-11-01,1.540000,1.540000,1.540000,1.540000,1.540000,100
2019-11-04,1.540000,1.540000,1.540000,1.540000,1.540000,10200
2019-11-05,1.520000,1.530000,1.520000,1.530000,1.530000,300
2019-11-06,1.520000,1.520000,1.520000,1.520000,1.520000,900
2019-11-07,1.520000,1.520000,1.520000,1.520000,1.520000,0
2019-11-08,1.560000,1.560000,1.540000,1.560000,1.560000,2600
2019-11-11,1.560000,1.560000,1.560000,1.560000,1.560000,0
2019-11-12,1.560000,1.560000,1.560000,1.560000,1.560000,0
2019-11-13,1.560000,1.560000,1.560000,1.560000,1.560000,0
2019-11-14,1.530000,1.550000,1.530000,1.550000,1.550000,1300
2019-11-15,1.570000,1.570000,1.530000,1.530000,1.530000,3500
2019-11-18,1.590000,1.590000,1.550000,1.560000,1.560000,1400
2019-11-19,1.530000,1.530000,1.530000,1.530000,1.530000,1000
2019-11-20,1.590000,1.630000,1.550000,1.550000,1.550000,2800
2019-11-21,1.610000,1.610000,1.570000,1.570000,1.570000,5700
2019-11-22,1.630000,1.630000,1.570000,1.580000,1.580000,3700
2019-11-25,1.640000,1.640000,1.570000,1.570000,1.570000,2400
2019-11-26,1.570000,1.570000,1.560000,1.560000,1.560000,4100
2019-11-27,1.550000,1.610000,1.550000,1.610000,1.610000,11100
2019-11-29,1.610000,1.610000,1.610000,1.610000,1.610000,200
2019-12-02,1.590000,1.590000,1.550000,1.580000,1.580000,7100
2019-12-03,1.580000,1.580000,1.580000,1.580000,1.580000,400
2019-12-04,1.570000,1.600000,1.560000,1.600000,1.600000,6100
2019-12-05,1.560000,1.600000,1.560000,1.600000,1.600000,3000
2019-12-06,1.570000,1.600000,1.550000,1.600000,1.600000,5100
2019-12-09,1.590000,1.600000,1.590000,1.600000,1.600000,2100
2019-12-10,1.570000,1.590000,1.570000,1.590000,1.590000,4200
2019-12-11,1.600000,1.600000,1.570000,1.570000,1.570000,12600
2019-12-12,1.570000,1.570000,1.540000,1.570000,1.570000,16700
2019-12-13,1.570000,1.600000,1.540000,1.580000,1.580000,3000
2019-12-16,1.540000,1.580000,1.530000,1.580000,1.580000,7200
2019-12-17,1.580000,1.600000,1.580000,1.600000,1.600000,8300
2019-12-18,1.570000,1.600000,1.570000,1.600000,1.600000,3200
2019-12-19,1.600000,1.610000,1.590000,1.610000,1.610000,6400
2019-12-20,1.560000,1.590000,1.560000,1.590000,1.590000,4600
2019-12-23,1.600000,1.600000,1.560000,1.590000,1.590000,800
2019-12-24,1.570000,1.600000,1.570000,1.590000,1.590000,3200
2019-12-26,1.600000,1.670000,1.600000,1.650000,1.650000,3500
2019-12-27,1.680000,1.700000,1.580000,1.670000,1.670000,7100
2019-12-30,1.630000,1.860000,1.600000,1.830000,1.830000,9600
2019-12-31,1.810000,1.830000,1.690000,1.820000,1.820000,11900
2020-01-02,1.790000,1.790000,1.790000,1.790000,1.790000,300
2020-01-03,1.640000,1.750000,1.640000,1.750000,1.750000,3800
2020-01-06,1.750000,1.750000,1.750000,1.750000,1.750000,0
2020-01-07,1.650000,1.650000,1.650000,1.650000,1.650000,700
2020-01-08,1.740000,1.770000,1.690000,1.740000,1.740000,2200
2020-01-09,1.740000,1.740000,1.740000,1.740000,1.740000,0
2020-01-10,1.760000,1.760000,1.720000,1.760000,1.760000,2300
2020-01-13,1.760000,1.760000,1.760000,1.760000,1.760000,0
2020-01-14,1.770000,1.770000,1.730000,1.760000,1.760000,2300
2020-01-15,1.730000,1.740000,1.700000,1.730000,1.730000,1700
2020-01-16,1.680000,1.750000,1.620000,1.720000,1.720000,5600
2020-01-17,1.660000,1.700000,1.660000,1.700000,1.700000,8200
2020-01-21,1.650000,1.690000,1.650000,1.690000,1.690000,300
2020-01-22,1.700000,1.700000,1.590000,1.700000,1.700000,2400
2020-01-23,1.740000,1.740000,1.740000,1.740000,1.740000,100
2020-01-24,1.740000,1.740000,1.740000,1.740000,1.740000,0
2020-01-27,1.760000,1.760000,1.760000,1.760000,1.760000,400
2020-01-28,1.760000,1.760000,1.760000,1.760000,1.760000,0
2020-01-29,1.780000,1.780000,1.740000,1.780000,1.780000,1300
2020-01-30,1.700000,1.780000,1.700000,1.780000,1.780000,1900
2020-01-31,1.780000,1.780000,1.780000,1.780000,1.780000,0
2020-02-03,1.790000,1.790000,1.710000,1.790000,1.790000,1700
2020-02-04,1.790000,1.790000,1.720000,1.720000,1.720000,1000
2020-02-05,1.700000,1.710000,1.660000,1.710000,1.710000,13900
2020-02-06,1.710000,1.710000,1.710000,1.710000,1.710000,0
2020-02-07,1.710000,1.710000,1.710000,1.710000,1.710000,0
2020-02-10,1.710000,1.710000,1.710000,1.710000,1.710000,0
2020-02-11,1.710000,1.780000,1.710000,1.780000,1.780000,8700
2020-02-12,1.750000,1.850000,1.750000,1.810000,1.810000,5900
2020-02-13,1.810000,1.810000,1.810000,1.810000,1.810000,0
2020-02-14,1.830000,1.850000,1.830000,1.850000,1.850000,2400
2020-02-18,1.780000,1.840000,1.780000,1.840000,1.840000,600
2020-02-19,1.850000,1.890000,1.840000,1.890000,1.890000,2200
2020-02-20,1.890000,1.890000,1.890000,1.890000,1.890000,200
2020-02-21,1.720000,1.850000,1.720000,1.850000,1.850000,1100
2020-02-24,1.770000,1.830000,1.770000,1.770000,1.770000,1200
2020-02-25,1.890000,1.890000,1.790000,1.790000,1.790000,1400
2020-02-26,1.760000,1.880000,1.760000,1.880000,1.880000,900
2020-02-27,1.890000,1.890000,1.790000,1.790000,1.790000,10300
2020-02-28,1.740000,1.880000,1.740000,1.780000,1.780000,3900
2020-03-02,1.720000,1.720000,1.530000,1.640000,1.640000,35400
2020-03-03,1.650000,1.650000,1.600000,1.600000,1.600000,800
2020-03-04,1.560000,1.600000,1.530000,1.600000,1.600000,11800
2020-03-05,1.540000,1.620000,1.500000,1.570000,1.570000,5800
2020-03-06,1.420000,1.550000,1.420000,1.530000,1.530000,5700
2020-03-09,1.470000,1.470000,1.010000,1.190000,1.190000,26600
2020-03-10,1.270000,1.320000,1.080000,1.200000,1.200000,34100
2020-03-11,1.210000,1.250000,1.150000,1.160000,1.160000,62600
2020-03-12,1.260000,1.310000,1.260000,1.310000,1.310000,2100
2020-03-13,1.090000,1.290000,1.050000,1.290000,1.290000,6700
2020-03-16,1.290000,1.390000,1.010000,1.300000,1.300000,7100
2020-03-17,1.130000,1.130000,1.130000,1.130000,1.130000,100
2020-03-18,1.130000,1.130000,1.130000,1.130000,1.130000,0
2020-03-19,1.130000,1.130000,1.130000,1.130000,1.130000,200
2020-03-20,1.010000,1.050000,0.890000,1.010000,1.010000,21600
2020-03-23,0.820000,0.990000,0.820000,0.990000,0.990000,1600
2020-03-24,1.010000,1.010000,0.830000,0.960000,0.960000,9200
2020-03-25,1.010000,1.130000,0.990000,1.020000,1.020000,9400
2020-03-26,1.020000,1.050000,0.970000,1.040000,1.040000,18000
2020-03-27,0.850000,1.000000,0.850000,1.000000,1.000000,300
2020-03-30,0.830000,1.010000,0.740000,1.010000,1.010000,8300
2020-03-31,1.010000,1.010000,0.950000,0.950000,0.950000,6100
2020-04-01,0.950000,0.950000,0.950000,0.950000,0.950000,0
2020-04-02,0.990000,0.990000,0.990000,0.990000,0.990000,400
2020-04-03,0.870000,0.970000,0.870000,0.970000,0.970000,300
2020-04-06,0.980000,0.990000,0.950000,0.990000,0.990000,2700
2020-04-07,0.990000,0.990000,0.990000,0.990000,0.990000,0
2020-04-08,0.940000,0.990000,0.940000,0.990000,0.990000,600
2020-04-09,0.990000,1.110000,0.980000,1.110000,1.110000,14800
2020-04-13,1.100000,1.130000,1.030000,1.070000,1.070000,1000
2020-04-14,1.130000,1.130000,1.020000,1.090000,1.090000,4700
2020-04-15,1.130000,1.130000,1.130000,1.130000,1.130000,100
2020-04-16,1.090000,1.140000,1.090000,1.120000,1.120000,3800
2020-04-17,1.050000,1.150000,1.050000,1.150000,1.150000,2100
2020-04-20,1.150000,1.150000,1.150000,1.150000,1.150000,0
2020-04-21,1.150000,1.150000,1.070000,1.100000,1.100000,800
2020-04-22,1.020000,1.090000,1.020000,1.080000,1.080000,6200
2020-04-23,1.080000,1.080000,1.080000,1.080000,1.080000,0
2020-04-24,1.020000,1.020000,1.020000,1.020000,1.020000,500
2020-04-27,1.070000,1.070000,1.070000,1.070000,1.070000,14500
2020-04-28,1.140000,1.140000,1.140000,1.140000,1.140000,100
2020-04-29,1.060000,1.190000,1.050000,1.110000,1.110000,27300
2020-04-30,1.140000,1.220000,1.130000,1.130000,1.130000,4300
2020-05-01,1.130000,1.180000,1.130000,1.180000,1.180000,1100
2020-05-04,1.180000,1.180000,1.180000,1.180000,1.180000,0
2020-05-05,1.190000,1.200000,1.190000,1.200000,1.200000,7000
2020-05-06,1.150000,1.240000,1.150000,1.240000,1.240000,600
2020-05-07,1.240000,1.250000,1.220000,1.240000,1.240000,2400
2020-05-08,1.300000,1.330000,1.160000,1.170000,1.170000,8500
2020-05-11,1.250000,1.250000,1.150000,1.230000,1.230000,2600
2020-05-12,1.080000,1.170000,1.050000,1.160000,1.160000,5500
2020-05-13,1.050000,1.130000,1.050000,1.050000,1.050000,14000
2020-05-14,1.040000,1.040000,0.990000,1.020000,1.020000,11400
2020-05-15,1.040000,1.050000,0.960000,1.050000,1.050000,122700
2020-05-18,1.100000,1.100000,0.960000,1.020000,1.020000,146500
2020-05-19,0.990000,1.070000,0.880000,1.030000,1.030000,135600
2020-05-20,1.030000,1.080000,1.030000,1.080000,1.080000,1100
2020-05-21,1.130000,1.190000,1.040000,1.170000,1.170000,4700
2020-05-22,1.140000,1.170000,1.050000,1.170000,1.170000,7200
2020-05-26,1.080000,1.200000,1.080000,1.150000,1.150000,10100
2020-05-27,1.110000,1.170000,1.030000,1.120000,1.120000,28000
2020-05-28,1.110000,1.140000,1.050000,1.100000,1.100000,10100
2020-05-29,1.290000,1.290000,1.030000,1.080000,1.080000,6400
2020-06-01,1.110000,1.180000,1.110000,1.150000,1.150000,8200
2020-06-02,1.220000,1.250000,1.000000,1.190000,1.190000,5000
2020-06-03,1.170000,1.230000,1.130000,1.230000,1.230000,11600
2020-06-04,1.280000,1.280000,1.280000,1.280000,1.280000,200
2020-06-05,1.380000,1.380000,1.210000,1.240000,1.240000,35200
2020-06-08,1.150000,1.250000,1.150000,1.150000,1.150000,15400
2020-06-09,1.190000,1.240000,1.110000,1.110000,1.110000,16600
2020-06-10,1.180000,1.250000,1.100000,1.120000,1.120000,4600
2020-06-11,1.190000,1.250000,1.110000,1.120000,1.120000,11000
2020-06-12,1.180000,1.200000,1.100000,1.200000,1.200000,14700
2020-06-15,1.110000,1.180000,1.110000,1.180000,1.180000,3600
2020-06-16,1.250000,1.270000,1.180000,1.190000,1.190000,4500
2020-06-17,1.270000,1.270000,1.140000,1.150000,1.150000,3700
2020-06-18,1.190000,1.260000,1.110000,1.150000,1.150000,4800
2020-06-19,1.150000,1.170000,1.120000,1.120000,1.120000,15500
2020-06-22,1.190000,1.190000,1.120000,1.150000,1.150000,23000
2020-06-23,1.110000,1.200000,1.110000,1.200000,1.200000,6000
2020-06-24,1.230000,1.230000,1.140000,1.200000,1.200000,1300
2020-06-25,1.110000,1.200000,1.110000,1.190000,1.190000,600
2020-06-26,1.210000,1.210000,1.150000,1.190000,1.190000,300
2020-06-29,1.220000,1.220000,1.190000,1.190000,1.190000,1200
2020-06-30,1.180000,1.250000,1.170000,1.170000,1.170000,3000
2020-07-01,1.230000,1.250000,1.190000,1.190000,1.190000,600
2020-07-02,1.250000,1.330000,1.150000,1.150000,1.150000,43700
2020-07-06,1.210000,1.240000,1.110000,1.230000,1.230000,11900
2020-07-07,1.170000,1.260000,1.170000,1.260000,1.260000,400
2020-07-08,1.200000,1.250000,1.170000,1.200000,1.200000,4900
2020-07-09,1.170000,1.170000,1.140000,1.170000,1.170000,5400
2020-07-10,1.170000,1.190000,1.130000,1.140000,1.140000,900
2020-07-13,1.240000,1.240000,1.150000,1.150000,1.150000,7900
2020-07-14,1.180000,1.250000,1.170000,1.170000,1.170000,700
2020-07-15,1.350000,1.350000,1.160000,1.170000,1.170000,4100
2020-07-16,1.260000,1.260000,1.140000,1.140000,1.140000,1600
2020-07-17,1.200000,1.200000,1.200000,1.200000,1.200000,400
2020-07-20,1.350000,1.610000,1.200000,1.410000,1.410000,82000
2020-07-21,1.340000,1.610000,1.320000,1.350000,1.350000,46800
2020-07-22,1.360000,1.440000,1.360000,1.440000,1.440000,15800
2020-07-23,1.440000,1.450000,1.250000,1.400000,1.400000,18100
2020-07-24,1.320000,1.360000,1.250000,1.310000,1.310000,13600
2020-07-27,1.370000,1.420000,1.370000,1.420000,1.420000,800
2020-07-28,1.330000,1.400000,1.330000,1.400000,1.400000,2200
2020-07-29,1.330000,1.400000,1.330000,1.390000,1.390000,2500
2020-07-30,1.330000,1.380000,1.330000,1.380000,1.380000,2500
2020-07-31,1.420000,1.420000,1.330000,1.380000,1.380000,6400
2020-08-03,1.380000,1.380000,1.380000,1.380000,1.380000,0
2020-08-04,1.380000,1.380000,1.320000,1.360000,1.360000,17900
2020-08-05,1.260000,1.380000,1.260000,1.380000,1.380000,300
2020-08-06,1.270000,1.370000,1.250000,1.370000,1.370000,2500
2020-08-07,1.370000,1.370000,1.370000,1.370000,1.370000,200
2020-08-10,1.380000,1.380000,1.290000,1.380000,1.380000,2100
2020-08-11,1.380000,1.430000,1.340000,1.430000,1.430000,14600
2020-08-12,1.360000,1.450000,1.360000,1.420000,1.420000,5100
2020-08-13,1.360000,1.440000,1.310000,1.430000,1.430000,18700
2020-08-14,1.380000,1.420000,1.380000,1.420000,1.420000,300
2020-08-17,1.450000,1.530000,1.400000,1.510000,1.510000,31500
2020-08-18,1.530000,1.560000,1.500000,1.500000,1.500000,1200
2020-08-19,1.500000,1.580000,1.450000,1.450000,1.450000,10500
2020-08-20,1.560000,1.560000,1.410000,1.480000,1.480000,7000
2020-08-21,1.430000,1.550000,1.430000,1.500000,1.500000,900
2020-08-24,1.500000,1.500000,1.450000,1.500000,1.500000,1100
2020-08-25,1.410000,1.520000,1.340000,1.420000,1.420000,26100
2020-08-26,1.320000,1.430000,1.320000,1.430000,1.430000,3400
2020-08-27,1.410000,1.480000,1.410000,1.480000,1.480000,700
2020-08-28,1.310000,1.440000,1.310000,1.420000,1.420000,1500
2020-08-31,1.420000,1.420000,1.420000,1.420000,1.420000,100
2020-09-01,1.490000,1.490000,1.320000,1.400000,1.400000,5100
2020-09-02,1.320000,1.400000,1.320000,1.400000,1.400000,400
2020-09-03,1.380000,1.390000,1.330000,1.360000,1.360000,1800
2020-09-04,1.340000,1.370000,1.340000,1.370000,1.370000,600
2020-09-08,1.410000,1.410000,1.390000,1.390000,1.390000,600
2020-09-09,1.320000,1.410000,1.320000,1.410000,1.410000,200
2020-09-10,1.430000,1.440000,1.380000,1.440000,1.440000,1000
2020-09-11,1.430000,1.430000,1.430000,1.430000,1.430000,200
2020-09-14,1.330000,1.410000,1.330000,1.350000,1.350000,2500
2020-09-15,1.350000,1.350000,1.300000,1.300000,1.300000,3800
2020-09-16,1.320000,1.330000,1.250000,1.300000,1.300000,13600
2020-09-17,1.300000,1.300000,1.300000,1.300000,1.300000,400
2020-09-18,1.230000,1.280000,1.170000,1.180000,1.180000,16800
2020-09-21,1.170000,1.230000,1.170000,1.230000,1.230000,2600
2020-09-22,1.250000,1.330000,1.240000,1.250000,1.250000,4600
2020-09-23,1.290000,1.300000,1.150000,1.150000,1.150000,2700
2020-09-24,1.170000,1.170000,1.090000,1.160000,1.160000,19400
2020-09-25,1.120000,1.170000,1.100000,1.170000,1.170000,7900
2020-09-28,1.160000,1.250000,1.160000,1.190000,1.190000,8600
2020-09-29,1.160000,1.180000,1.150000,1.180000,1.180000,16700
2020-09-30,1.200000,1.220000,1.170000,1.210000,1.210000,3100
2020-10-01,1.120000,1.240000,1.120000,1.240000,1.240000,1200
2020-10-02,1.200000,1.250000,1.140000,1.230000,1.230000,5400
2020-10-05,1.170000,1.240000,1.170000,1.240000,1.240000,1500
2020-10-06,1.250000,1.250000,1.250000,1.250000,1.250000,200
2020-10-07,1.130000,1.150000,1.130000,1.150000,1.150000,8000
2020-10-08,1.150000,1.210000,1.150000,1.170000,1.170000,2900
2020-10-09,1.140000,1.170000,1.140000,1.170000,1.170000,4000
2020-10-12,1.200000,1.220000,1.160000,1.210000,1.210000,6500
2020-10-13,1.210000,1.210000,1.210000,1.210000,1.210000,0
2020-10-14,1.220000,1.220000,1.110000,1.190000,1.190000,12200
2020-10-15,1.190000,1.190000,1.190000,1.190000,1.190000,0
2020-10-16,1.160000,1.220000,1.160000,1.200000,1.200000,800
2020-10-19,1.140000,1.200000,1.130000,1.200000,1.200000,1600
2020-10-20,1.130000,1.180000,1.130000,1.180000,1.180000,4300
2020-10-21,1.200000,1.200000,1.200000,1.200000,1.200000,200
2020-10-22,1.170000,1.220000,1.160000,1.190000,1.190000,16900
2020-10-23,1.210000,1.250000,1.160000,1.190000,1.190000,33600
2020-10-26,1.130000,1.210000,1.120000,1.200000,1.200000,40100
2020-10-27,1.190000,1.200000,1.140000,1.190000,1.190000,5300
2020-10-28,1.150000,1.190000,1.130000,1.190000,1.190000,6800
2020-10-29,1.210000,1.210000,1.150000,1.190000,1.190000,1000
2020-10-30,1.200000,1.230000,1.140000,1.170000,1.170000,2700
2020-11-02,1.220000,1.240000,1.100000,1.200000,1.200000,50600
2020-11-03,1.210000,1.210000,1.030000,1.180000,1.180000,27300
2020-11-04,1.200000,1.230000,1.130000,1.230000,1.230000,1100
2020-11-05,1.170000,1.220000,1.160000,1.180000,1.180000,9800
2020-11-06,1.160000,1.190000,1.140000,1.180000,1.180000,6700
2020-11-09,1.190000,1.680000,1.190000,1.240000,1.240000,930800
2020-11-10,1.260000,1.260000,1.120000,1.150000,1.150000,93000
2020-11-11,1.150000,1.160000,1.040000,1.100000,1.100000,48300
2020-11-12,1.080000,1.140000,1.080000,1.130000,1.130000,18700
2020-11-13,1.100000,1.130000,1.090000,1.110000,1.110000,6900
2020-11-16,1.080000,1.150000,1.080000,1.130000,1.130000,9200
2020-11-17,1.140000,1.200000,1.030000,1.120000,1.120000,33300
2020-11-18,1.100000,1.150000,1.100000,1.120000,1.120000,15200
2020-11-19,1.130000,1.140000,1.130000,1.140000,1.140000,500
2020-11-20,1.050000,1.130000,1.050000,1.120000,1.120000,2400
2020-11-23,1.150000,1.190000,1.090000,1.150000,1.150000,6400
2020-11-24,1.150000,1.160000,1.120000,1.150000,1.150000,1600
2020-11-25,1.130000,1.180000,1.120000,1.120000,1.120000,7200
2020-11-27,1.120000,1.170000,1.120000,1.160000,1.160000,15700
2020-11-30,1.180000,1.180000,1.120000,1.140000,1.140000,22400
2020-12-01,1.140000,1.200000,1.140000,1.190000,1.190000,79600
2020-12-02,1.200000,1.200000,1.170000,1.180000,1.180000,10700
2020-12-03,1.180000,1.220000,1.170000,1.210000,1.210000,29100
2020-12-04,1.190000,1.220000,1.010000,1.130000,1.130000,338100
2020-12-07,1.170000,1.170000,1.070000,1.130000,1.130000,27500
2020-12-08,1.100000,1.130000,1.060000,1.130000,1.130000,24500
2020-12-09,1.100000,1.140000,1.060000,1.110000,1.110000,4900
2020-12-10,1.130000,1.130000,1.080000,1.130000,1.130000,112000
2020-12-11,1.660000,1.910000,1.370000,1.660000,1.660000,1276800
2020-12-14,1.850000,1.880000,1.670000,1.680000,1.680000,247300
2020-12-15,1.710000,1.860000,1.690000,1.770000,1.770000,65200
2020-12-16,1.800000,1.820000,1.710000,1.820000,1.820000,90900
2020-12-17,1.810000,1.810000,1.660000,1.690000,1.690000,75300
2020-12-18,1.700000,1.920000,1.700000,1.820000,1.820000,222500
2020-12-21,1.740000,1.890000,1.710000,1.830000,1.830000,32000
2020-12-22,1.800000,2.000000,1.800000,2.000000,2.000000,158000
2020-12-23,2.000000,2.130000,1.950000,2.110000,2.110000,177000
2020-12-24,2.130000,2.250000,2.020000,2.180000,2.180000,144500
2020-12-28,2.160000,2.300000,2.040000,2.300000,2.300000,148000
2020-12-29,2.300000,2.300000,2.180000,2.230000,2.230000,23300
2020-12-30,2.200000,2.240000,2.090000,2.170000,2.170000,23900
2020-12-31,2.130000,2.320000,2.130000,2.160000,2.160000,129400
2021-01-04,2.110000,2.200000,2.030000,2.140000,2.140000,46800
2021-01-05,2.140000,2.140000,1.750000,1.780000,1.780000,301700
2021-01-06,1.790000,1.830000,1.670000,1.720000,1.720000,56100
2021-01-07,1.770000,1.770000,1.690000,1.760000,1.760000,14800
2021-01-08,1.770000,1.770000,1.650000,1.690000,1.690000,29400
2021-01-11,1.730000,1.730000,1.670000,1.720000,1.720000,8100
2021-01-12,1.730000,1.770000,1.650000,1.720000,1.720000,9500
2021-01-13,1.770000,1.770000,1.660000,1.720000,1.720000,19900
2021-01-14,1.670000,1.770000,1.650000,1.670000,1.670000,90500
2021-01-15,1.710000,1.710000,1.650000,1.650000,1.650000,5900
2021-01-19,1.610000,1.650000,1.600000,1.610000,1.610000,94700
2021-01-20,1.640000,1.770000,1.560000,1.760000,1.760000,462300
2021-01-21,1.770000,1.850000,1.610000,1.710000,1.710000,58100
2021-01-22,1.650000,1.850000,1.630000,1.760000,1.760000,53300
2021-01-25,1.800000,1.850000,1.630000,1.820000,1.820000,132800
2021-01-26,1.910000,1.910000,1.770000,1.820000,1.820000,74800
2021-01-27,1.800000,1.860000,1.700000,1.770000,1.770000,174200
2021-01-28,1.730000,1.950000,1.730000,1.880000,1.880000,80900
2021-01-29,1.930000,1.930000,1.750000,1.750000,1.750000,58500
2021-02-01,1.720000,1.840000,1.720000,1.770000,1.770000,111900
2021-02-02,1.860000,1.980000,1.830000,1.880000,1.880000,36500
2021-02-03,1.980000,1.980000,1.850000,1.900000,1.900000,21400
2021-02-04,1.910000,1.930000,1.810000,1.880000,1.880000,11700
2021-02-05,1.880000,1.910000,1.880000,1.900000,1.900000,9600
2021-02-08,1.970000,1.980000,1.880000,1.950000,1.950000,25200
2021-02-09,1.980000,1.980000,1.820000,1.960000,1.960000,14400
2021-02-10,1.980000,1.980000,1.870000,1.890000,1.890000,6400
2021-02-11,1.820000,1.900000,1.820000,1.860000,1.860000,13400
2021-02-12,1.830000,1.940000,1.830000,1.940000,1.940000,3500
2021-02-16,1.980000,2.300000,1.920000,2.140000,2.140000,423900
2021-02-17,2.100000,2.240000,2.030000,2.230000,2.230000,181500
2021-02-18,2.190000,2.200000,2.020000,2.050000,2.050000,86800
2021-02-19,2.150000,2.150000,2.020000,2.070000,2.070000,45300
2021-02-22,2.060000,2.140000,2.030000,2.090000,2.090000,41200
2021-02-23,2.090000,2.150000,1.950000,2.050000,2.050000,55300
2021-02-24,1.990000,2.120000,1.990000,2.080000,2.080000,31600
2021-02-25,2.030000,2.090000,1.600000,1.840000,1.840000,283900
2021-02-26,1.750000,1.900000,1.750000,1.840000,1.840000,84100
2021-03-01,1.800000,2.000000,1.760000,1.800000,1.800000,38000
2021-03-02,1.880000,1.880000,1.700000,1.860000,1.860000,36100
2021-03-03,1.800000,1.890000,1.730000,1.790000,1.790000,13900
2021-03-04,1.790000,1.870000,1.740000,1.770000,1.770000,23300
2021-03-05,1.730000,1.840000,1.710000,1.790000,1.790000,10400
2021-03-08,1.750000,1.900000,1.710000,1.790000,1.790000,35100
2021-03-09,1.850000,1.850000,1.760000,1.820000,1.820000,2700
2021-03-10,1.830000,1.850000,1.810000,1.820000,1.820000,7800
2021-03-11,1.850000,1.850000,1.740000,1.830000,1.830000,6300
2021-03-12,1.850000,1.850000,1.750000,1.850000,1.850000,11000
2021-03-15,1.820000,1.920000,1.780000,1.900000,1.900000,11200
2021-03-16,1.920000,2.150000,1.850000,2.000000,2.000000,231500
2021-03-17,2.090000,2.090000,1.910000,1.960000,1.960000,39500
2021-03-18,1.900000,2.000000,1.850000,2.000000,2.000000,28100
2021-03-19,1.930000,2.050000,1.860000,2.050000,2.050000,22000
2021-03-22,2.060000,2.160000,1.890000,1.970000,1.970000,266800
2021-03-23,2.010000,2.150000,1.880000,2.010000,2.010000,314200
2021-03-24,2.020000,2.020000,1.900000,1.930000,1.930000,35500
2021-03-25,1.990000,1.990000,1.770000,1.910000,1.910000,46600
2021-03-26,1.910000,1.910000,1.780000,1.890000,1.890000,24200
2021-03-29,1.910000,1.910000,1.820000,1.900000,1.900000,1400
2021-03-30,1.820000,1.900000,1.820000,1.890000,1.890000,11600
2021-03-31,1.840000,1.980000,1.840000,1.950000,1.950000,23100
2021-04-01,1.880000,2.100000,1.840000,1.940000,1.940000,197900
2021-04-05,1.940000,1.970000,1.850000,1.910000,1.910000,32200
2021-04-06,1.910000,1.940000,1.850000,1.930000,1.930000,5100
2021-04-07,1.980000,1.980000,1.860000,1.880000,1.880000,8900
2021-04-08,1.850000,1.980000,1.850000,1.920000,1.920000,32900
2021-04-09,1.920000,1.940000,1.880000,1.920000,1.920000,11400
2021-04-12,1.920000,1.990000,1.900000,1.950000,1.950000,21200
2021-04-13,2.030000,2.030000,1.860000,1.960000,1.960000,7300
2021-04-14,1.920000,1.960000,1.860000,1.900000,1.900000,3900
2021-04-15,1.940000,1.940000,1.850000,1.910000,1.910000,41300
2021-04-16,1.960000,1.960000,1.900000,1.910000,1.910000,4700
2021-04-19,1.870000,1.960000,1.860000,1.890000,1.890000,6400
2021-04-20,1.890000,1.960000,1.820000,1.820000,1.820000,63900
2021-04-21,1.840000,1.950000,1.830000,1.900000,1.900000,88700
2021-04-22,1.930000,1.930000,1.850000,1.860000,1.860000,22800
2021-04-23,1.860000,1.940000,1.850000,1.920000,1.920000,30900
2021-04-26,1.950000,1.950000,1.860000,1.920000,1.920000,26100
2021-04-27,1.950000,1.950000,1.900000,1.920000,1.920000,7600
2021-04-28,1.910000,1.940000,1.890000,1.920000,1.920000,3700
2021-04-29,1.950000,1.950000,1.880000,1.930000,1.930000,12500
2021-04-30,1.930000,1.930000,1.880000,1.900000,1.900000,7600
2021-05-03,1.890000,1.940000,1.880000,1.890000,1.890000,5000
2021-05-04,1.920000,1.950000,1.860000,1.900000,1.900000,18600
2021-05-05,1.910000,1.920000,1.870000,1.910000,1.910000,5000
2021-05-06,1.920000,1.950000,1.830000,1.950000,1.950000,41000
2021-05-07,1.890000,1.950000,1.870000,1.920000,1.920000,6000
2021-05-10,1.890000,1.950000,1.880000,1.930000,1.930000,6500
2021-05-11,1.890000,1.940000,1.890000,1.940000,1.940000,6600
2021-05-12,1.900000,1.900000,1.900000,1.900000,1.900000,1000
2021-05-13,1.900000,1.900000,1.850000,1.900000,1.900000,9300
2021-05-14,1.870000,1.930000,1.860000,1.930000,1.930000,12100
2021-05-17,1.950000,1.950000,1.850000,1.850000,1.850000,4300
2021-05-18,1.860000,1.920000,1.860000,1.920000,1.920000,4200
2021-05-19,1.870000,1.930000,1.860000,1.920000,1.920000,28400
2021-05-20,1.900000,1.900000,1.880000,1.900000,1.900000,7700
2021-05-21,1.870000,1.900000,1.870000,1.900000,1.900000,300
2021-05-24,1.870000,1.890000,1.830000,1.890000,1.890000,18300
2021-05-25,1.890000,1.900000,1.850000,1.900000,1.900000,2400
2021-05-26,1.870000,1.900000,1.870000,1.900000,1.900000,1800
2021-05-27,1.900000,1.900000,1.860000,1.900000,1.900000,3500
2021-05-28,1.900000,1.900000,1.830000,1.890000,1.890000,4900
2021-06-01,1.860000,1.900000,1.860000,1.890000,1.890000,36300
2021-06-02,1.860000,1.950000,1.810000,1.910000,1.910000,54900
2021-06-03,1.890000,1.900000,1.850000,1.900000,1.900000,1100
2021-06-04,1.870000,1.900000,1.850000,1.900000,1.900000,3400
2021-06-07,1.890000,1.900000,1.890000,1.900000,1.900000,1700
2021-06-08,1.900000,1.900000,1.850000,1.890000,1.890000,2200
2021-06-09,1.860000,1.940000,1.850000,1.940000,1.940000,47100
2021-06-10,1.900000,1.950000,1.860000,1.950000,1.950000,52200
2021-06-11,1.950000,2.000000,1.890000,1.950000,1.950000,90800
2021-06-14,1.950000,1.990000,1.850000,1.910000,1.910000,28800
2021-06-15,1.900000,1.900000,1.820000,1.890000,1.890000,6600
2021-06-16,1.880000,1.880000,1.880000,1.880000,1.880000,1000
2021-06-17,1.880000,1.900000,1.870000,1.890000,1.890000,4700
2021-06-18,1.870000,1.880000,1.870000,1.880000,1.880000,1800
2021-06-21,1.940000,1.990000,1.850000,1.990000,1.990000,35900
2021-06-22,1.990000,1.990000,1.940000,1.990000,1.990000,2500
2021-06-23,1.960000,1.990000,1.900000,1.970000,1.970000,4800
2021-06-24,1.950000,1.990000,1.940000,1.980000,1.980000,2800
2021-06-25,1.990000,1.990000,1.980000,1.980000,1.980000,700
2021-06-28,1.970000,1.970000,1.880000,1.950000,1.950000,8200
2021-06-29,1.970000,1.970000,1.910000,1.920000,1.920000,2200
2021-06-30,1.920000,1.960000,1.920000,1.950000,1.950000,3200
2021-07-01,1.950000,1.950000,1.930000,1.930000,1.930000,1600
2021-07-02,1.890000,1.950000,1.890000,1.940000,1.940000,1600
2021-07-06,1.930000,1.930000,1.930000,1.930000,1.930000,900
2021-07-07,1.930000,1.930000,1.900000,1.930000,1.930000,18100
2021-07-08,1.910000,1.930000,1.910000,1.930000,1.930000,1100
2021-07-09,1.920000,1.920000,1.920000,1.920000,1.920000,300
2021-07-12,1.910000,1.910000,1.890000,1.890000,1.890000,2600
2021-07-13,1.810000,2.060000,1.810000,2.060000,2.060000,144000
2021-07-14,2.060000,2.200000,1.860000,2.090000,2.090000,249000
2021-07-15,2.160000,2.350000,1.950000,2.200000,2.200000,136900
2021-07-16,2.190000,2.580000,2.100000,2.350000,2.350000,769100
2021-07-19,2.310000,2.450000,2.040000,2.450000,2.450000,267000
2021-07-20,2.450000,2.910000,2.160000,2.420000,2.420000,286500
2021-07-21,2.390000,2.440000,2.350000,2.430000,2.430000,31100
2021-07-22,2.490000,2.490000,2.410000,2.460000,2.460000,75200
2021-07-23,2.480000,2.660000,2.460000,2.490000,2.490000,107100
2021-07-26,2.550000,2.550000,2.440000,2.460000,2.460000,34200
2021-07-27,2.450000,2.450000,2.400000,2.400000,2.400000,10400
2021-07-28,2.370000,2.500000,2.370000,2.490000,2.490000,131700
2021-07-29,2.490000,2.490000,2.420000,2.490000,2.490000,10600
2021-07-30,2.490000,2.490000,2.400000,2.460000,2.460000,14600
2021-08-02,2.500000,2.530000,2.500000,2.500000,2.500000,86700
2021-08-03,2.470000,2.520000,2.450000,2.500000,2.500000,6700
2021-08-04,2.500000,2.570000,2.470000,2.570000,2.570000,46400
2021-08-05,2.570000,2.700000,2.570000,2.660000,2.660000,43400
2021-08-06,2.700000,2.720000,2.580000,2.650000,2.650000,32100
2021-08-09,2.590000,2.700000,2.540000,2.630000,2.630000,124400
2021-08-10,2.630000,2.700000,2.600000,2.700000,2.700000,62100
2021-08-11,2.700000,2.700000,2.680000,2.690000,2.690000,86000
2021-08-12,2.700000,2.700000,2.630000,2.690000,2.690000,93300
2021-08-13,2.700000,2.740000,2.660000,2.670000,2.670000,154100
2021-08-16,2.650000,2.730000,2.650000,2.730000,2.730000,37300
2021-08-17,2.730000,2.750000,2.650000,2.720000,2.720000,142600
2021-08-18,2.750000,2.750000,2.670000,2.750000,2.750000,5000
2021-08-19,2.700000,2.750000,2.670000,2.700000,2.700000,41200
2021-08-20,2.700000,2.730000,2.680000,2.700000,2.700000,182500
2021-08-23,2.720000,2.730000,2.670000,2.710000,2.710000,33500
2021-08-24,2.730000,2.730000,2.660000,2.690000,2.690000,20200
2021-08-25,2.710000,2.710000,2.690000,2.700000,2.700000,16800
2021-08-26,2.730000,2.730000,2.590000,2.670000,2.670000,54800
2021-08-27,2.630000,2.670000,2.470000,2.620000,2.620000,34000
2021-08-30,2.620000,2.640000,2.460000,2.490000,2.490000,14000
2021-08-31,2.460000,2.500000,2.440000,2.490000,2.490000,41500
2021-09-01,2.460000,2.530000,2.440000,2.490000,2.490000,38300
2021-09-02,2.440000,2.510000,2.320000,2.460000,2.460000,43700
2021-09-03,2.460000,2.550000,2.390000,2.550000,2.550000,55600
2021-09-07,2.620000,2.630000,2.490000,2.560000,2.560000,23200
2021-09-08,2.500000,2.550000,2.500000,2.500000,2.500000,9600
2021-09-09,2.490000,2.550000,2.460000,2.500000,2.500000,35600
2021-09-10,2.470000,2.540000,2.450000,2.510000,2.510000,5500
2021-09-13,2.470000,2.530000,2.470000,2.480000,2.480000,4500
2021-09-14,2.440000,2.510000,2.380000,2.440000,2.440000,8500
2021-09-15,2.440000,2.500000,2.420000,2.460000,2.460000,18200
2021-09-16,2.460000,2.460000,2.410000,2.420000,2.420000,2200
2021-09-17,2.430000,2.430000,2.400000,2.420000,2.420000,1500
2021-09-20,2.400000,2.410000,2.280000,2.380000,2.380000,12600
2021-09-21,2.310000,2.380000,2.310000,2.340000,2.340000,9300
2021-09-22,2.310000,2.360000,2.310000,2.330000,2.330000,2900
2021-09-23,2.300000,2.390000,2.300000,2.370000,2.370000,3600
2021-09-24,2.340000,2.400000,2.270000,2.340000,2.340000,14900
2021-09-27,2.330000,2.380000,2.290000,2.380000,2.380000,1600
2021-09-28,2.400000,2.400000,2.270000,2.370000,2.370000,4500
2021-09-29,2.330000,2.380000,2.250000,2.320000,2.320000,10700
2021-09-30,2.280000,2.350000,2.280000,2.320000,2.320000,500
2021-10-01,2.250000,2.350000,2.200000,2.240000,2.240000,73400
2021-10-04,2.250000,2.250000,2.110000,2.150000,2.150000,54100
2021-10-05,2.180000,2.300000,2.080000,2.140000,2.140000,104400
2021-10-06,2.290000,2.290000,2.290000,2.290000,2.290000,5500
2021-10-07,2.250000,2.290000,2.130000,2.280000,2.280000,20200
2021-10-08,2.230000,2.270000,2.120000,2.160000,2.160000,44500
2021-10-11,2.160000,2.180000,2.100000,2.150000,2.150000,2700
2021-10-12,2.150000,2.180000,2.120000,2.140000,2.140000,5000
2021-10-13,2.110000,2.170000,2.110000,2.150000,2.150000,7400
2021-10-14,2.190000,2.250000,2.120000,2.250000,2.250000,1200
2021-10-15,2.220000,2.220000,2.090000,2.120000,2.120000,6100
2021-10-18,2.040000,2.240000,2.040000,2.220000,2.220000,28500
2021-10-19,2.180000,2.240000,2.170000,2.200000,2.200000,21700
2021-10-20,2.170000,2.170000,2.170000,2.170000,2.170000,3100
2021-10-21,2.220000,2.230000,2.180000,2.210000,2.210000,15900
2021-10-22,2.290000,2.290000,2.230000,2.260000,2.260000,1700
2021-10-25,2.230000,2.250000,2.230000,2.240000,2.240000,1800
2021-10-26,2.200000,2.250000,2.180000,2.220000,2.220000,12400
2021-10-27,2.160000,2.330000,2.160000,2.250000,2.250000,59000
2021-10-28,2.210000,2.250000,2.150000,2.200000,2.200000,76600
2021-10-29,2.230000,2.330000,2.170000,2.260000,2.260000,86900
2021-11-01,2.350000,2.400000,2.280000,2.340000,2.340000,31200
2021-11-02,2.300000,2.370000,2.290000,2.350000,2.350000,17400
2021-11-03,2.370000,2.440000,2.340000,2.430000,2.430000,6300
2021-11-04,2.380000,2.440000,2.340000,2.370000,2.370000,15600
2021-11-05,2.400000,2.440000,2.340000,2.340000,2.340000,28600
2021-11-08,2.300000,2.380000,2.300000,2.340000,2.340000,6500
2021-11-09,2.310000,2.370000,2.310000,2.360000,2.360000,6200
2021-11-10,2.400000,2.420000,2.320000,2.370000,2.370000,5400
2021-11-11,2.370000,2.440000,2.370000,2.420000,2.420000,3300
2021-11-12,2.370000,2.440000,2.310000,2.390000,2.390000,7100
2021-11-15,2.370000,2.380000,2.320000,2.370000,2.370000,3600
2021-11-16,2.330000,2.380000,2.200000,2.290000,2.290000,99000
2021-11-17,2.270000,2.340000,2.270000,2.320000,2.320000,7100
2021-11-18,2.320000,2.380000,2.310000,2.340000,2.340000,221600
2021-11-19,2.340000,2.340000,2.280000,2.310000,2.310000,800
2021-11-22,2.280000,2.300000,2.240000,2.290000,2.290000,12000
2021-11-23,2.280000,2.450000,2.270000,2.400000,2.400000,64900
2021-11-24,2.400000,2.400000,2.330000,2.370000,2.370000,11700
2021-11-26,2.370000,2.370000,2.310000,2.370000,2.370000,2300
2021-11-29,2.330000,2.500000,2.300000,2.480000,2.480000,21000
2021-11-30,2.490000,2.490000,2.320000,2.460000,2.460000,45200
2021-12-01,2.330000,2.580000,2.290000,2.400000,2.400000,26900
2021-12-02,2.350000,2.480000,2.270000,2.360000,2.360000,8400
2021-12-03,2.320000,2.430000,2.230000,2.380000,2.380000,63500
2021-12-06,2.420000,2.420000,2.280000,2.350000,2.350000,2600
2021-12-07,2.370000,2.370000,2.260000,2.270000,2.270000,9600
2021-12-08,2.230000,2.420000,2.190000,2.340000,2.340000,21300
2021-12-09,2.340000,2.380000,2.300000,2.340000,2.340000,27600
2021-12-10,2.380000,2.390000,2.280000,2.320000,2.320000,7400
2021-12-13,2.280000,2.390000,2.250000,2.310000,2.310000,27800
2021-12-14,2.290000,2.310000,2.200000,2.240000,2.240000,25900
2021-12-15,2.200000,2.440000,2.200000,2.350000,2.350000,25500
2021-12-16,2.360000,2.430000,2.310000,2.380000,2.380000,1600
2021-12-17,2.340000,2.410000,2.320000,2.380000,2.380000,18700
2021-12-20,2.340000,2.440000,2.340000,2.410000,2.410000,2500
2021-12-21,2.400000,2.400000,2.290000,2.370000,2.370000,9100
2021-12-22,2.340000,2.400000,2.340000,2.390000,2.390000,10400
2021-12-23,2.390000,2.410000,2.340000,2.360000,2.360000,36100
2021-12-27,2.410000,2.410000,2.370000,2.400000,2.400000,11500
2021-12-28,2.410000,2.410000,2.320000,2.360000,2.360000,9700
2021-12-29,2.270000,2.410000,2.250000,2.250000,2.250000,40400
2021-12-30,2.300000,2.370000,2.220000,2.350000,2.350000,46500
2021-12-31,2.390000,2.390000,2.350000,2.380000,2.380000,700
2022-01-03,2.310000,2.390000,2.300000,2.380000,2.380000,3300
2022-01-04,2.310000,2.420000,2.310000,2.380000,2.380000,3800
2022-01-05,2.390000,2.410000,2.290000,2.380000,2.380000,10900
2022-01-06,2.340000,2.420000,2.280000,2.330000,2.330000,3900
2022-01-07,2.350000,2.350000,2.300000,2.310000,2.310000,2000
2022-01-10,2.210000,2.330000,2.200000,2.200000,2.200000,64300
2022-01-11,2.270000,2.340000,2.270000,2.290000,2.290000,1300
2022-01-12,2.340000,2.340000,2.340000,2.340000,2.340000,1100
2022-01-13,2.280000,2.340000,2.280000,2.310000,2.310000,900
2022-01-14,2.270000,2.420000,2.270000,2.420000,2.420000,1500
2022-01-18,2.420000,2.420000,2.290000,2.420000,2.420000,11100
2022-01-19,2.580000,2.590000,2.440000,2.460000,2.460000,5300
2022-01-20,2.530000,2.530000,2.430000,2.440000,2.440000,9600
2022-01-21,2.390000,2.430000,2.380000,2.380000,2.380000,1600
2022-01-24,2.380000,2.410000,2.250000,2.410000,2.410000,11400
2022-01-25,2.360000,2.410000,2.350000,2.380000,2.380000,1700
2022-01-26,2.410000,2.410000,2.310000,2.350000,2.350000,3100
2022-01-27,2.420000,2.470000,2.340000,2.430000,2.430000,21500
2022-01-28,2.420000,2.660000,2.340000,2.640000,2.640000,30400
2022-01-31,2.690000,2.690000,2.600000,2.690000,2.690000,6600
2022-02-01,2.690000,2.690000,2.580000,2.680000,2.680000,16100
2022-02-02,2.650000,2.690000,2.540000,2.680000,2.680000,3800
2022-02-03,2.610000,2.680000,2.610000,2.680000,2.680000,500
2022-02-04,2.600000,2.600000,2.600000,2.600000,2.600000,200
2022-02-07,2.600000,2.650000,2.510000,2.570000,2.570000,20600
2022-02-08,2.650000,2.680000,2.550000,2.670000,2.670000,7300
2022-02-09,2.700000,2.700000,2.580000,2.580000,2.580000,18900
2022-02-10,2.520000,2.590000,2.520000,2.590000,2.590000,5500
2022-02-11,2.690000,2.690000,2.590000,2.590000,2.590000,17600
2022-02-14,2.630000,2.650000,2.590000,2.590000,2.590000,800
2022-02-15,2.590000,2.590000,2.510000,2.550000,2.550000,5000
2022-02-16,2.580000,2.580000,2.420000,2.440000,2.440000,18300
2022-02-17,2.450000,2.500000,2.400000,2.500000,2.500000,17200
2022-02-18,2.430000,2.450000,2.420000,2.440000,2.440000,4600
2022-02-22,2.400000,2.580000,2.370000,2.480000,2.480000,84800
2022-02-23,2.350000,2.560000,2.350000,2.400000,2.400000,25200
2022-02-24,2.420000,2.420000,2.350000,2.390000,2.390000,2700
2022-02-25,2.380000,2.660000,2.370000,2.600000,2.600000,24300
2022-02-28,2.550000,2.600000,2.500000,2.580000,2.580000,38400
2022-03-01,2.650000,2.650000,2.400000,2.590000,2.590000,3300
2022-03-02,2.600000,2.600000,2.510000,2.580000,2.580000,29900
2022-03-03,2.590000,2.590000,2.590000,2.590000,2.590000,500
2022-03-04,2.600000,2.600000,2.600000,2.600000,2.600000,300
2022-03-07,2.570000,2.580000,2.480000,2.580000,2.580000,46600
2022-03-08,2.560000,2.580000,2.510000,2.560000,2.560000,54900
2022-03-09,2.580000,2.590000,2.580000,2.590000,2.590000,1300
2022-03-10,2.580000,2.580000,2.550000,2.550000,2.550000,23100
2022-03-11,2.570000,2.580000,2.540000,2.570000,2.570000,2500
2022-03-14,2.530000,2.580000,2.530000,2.580000,2.580000,20700
2022-03-15,2.550000,2.580000,2.470000,2.570000,2.570000,1200
2022-03-16,2.580000,2.580000,2.580000,2.580000,2.580000,400
2022-03-17,2.580000,2.580000,2.470000,2.570000,2.570000,6500
2022-03-18,2.570000,2.580000,2.570000,2.570000,2.570000,2100
2022-03-21,2.500000,2.580000,2.500000,2.570000,2.570000,1600
2022-03-22,2.580000,2.580000,2.470000,2.470000,2.470000,4900
2022-03-23,2.500000,2.570000,2.470000,2.550000,2.550000,8600
2022-03-24,2.510000,2.570000,2.490000,2.560000,2.560000,2600
2022-03-25,2.450000,2.580000,2.450000,2.550000,2.550000,5200
2022-03-28,2.480000,2.700000,2.480000,2.690000,2.690000,31300
2022-03-29,2.690000,2.710000,2.630000,2.700000,2.700000,4400
2022-03-30,2.710000,2.710000,2.710000,2.710000,2.710000,800
2022-03-31,2.620000,2.720000,2.500000,2.570000,2.570000,37100
2022-04-01,2.650000,2.650000,2.650000,2.650000,2.650000,600
2022-04-04,2.670000,2.670000,2.490000,2.650000,2.650000,21700
2022-04-05,2.710000,2.710000,2.500000,2.520000,2.520000,18300
2022-04-06,2.550000,2.570000,2.430000,2.500000,2.500000,18100
2022-04-07,2.510000,2.560000,2.450000,2.560000,2.560000,5800
2022-04-08,2.450000,2.560000,2.450000,2.550000,2.550000,8000
2022-04-11,2.550000,2.550000,2.550000,2.550000,2.550000,100
2022-04-12,2.450000,2.550000,2.450000,2.550000,2.550000,1500
2022-04-13,2.480000,2.570000,2.480000,2.550000,2.550000,2800
2022-04-14,2.470000,2.560000,2.460000,2.550000,2.550000,1600
2022-04-18,2.550000,2.550000,2.380000,2.440000,2.440000,54300
2022-04-19,2.490000,2.510000,2.390000,2.510000,2.510000,29500
2022-04-20,2.510000,2.510000,2.510000,2.510000,2.510000,100
2022-04-21,2.500000,2.500000,2.500000,2.500000,2.500000,200
2022-04-22,2.460000,2.490000,2.410000,2.440000,2.440000,1000
2022-04-25,2.400000,2.400000,2.360000,2.400000,2.400000,10000
2022-04-26,2.400000,2.400000,2.360000,2.400000,2.400000,1400
2022-04-27,2.370000,2.500000,2.370000,2.490000,2.490000,24200
2022-04-28,2.460000,2.520000,2.410000,2.500000,2.500000,33400
2022-04-29,2.510000,2.550000,2.460000,2.550000,2.550000,4300
2022-05-02,2.510000,2.550000,2.410000,2.480000,2.480000,2600
2022-05-03,2.520000,2.520000,2.470000,2.470000,2.470000,7200
2022-05-04,2.510000,2.540000,2.410000,2.440000,2.440000,6700
2022-05-05,2.470000,2.540000,2.320000,2.460000,2.460000,42700
2022-05-06,2.470000,2.530000,2.390000,2.490000,2.490000,13100
2022-05-09,2.440000,2.500000,2.440000,2.500000,2.500000,6800
2022-05-10,2.470000,2.470000,2.470000,2.470000,2.470000,300
2022-05-11,2.350000,2.460000,2.250000,2.450000,2.450000,20500
2022-05-12,2.400000,2.400000,2.370000,2.370000,2.370000,300
2022-05-13,2.400000,2.400000,2.350000,2.400000,2.400000,7900
2022-05-16,2.440000,2.550000,2.350000,2.350000,2.350000,11100
2022-05-17,2.520000,2.520000,2.400000,2.400000,2.400000,11200
2022-05-18,2.350000,2.520000,2.350000,2.490000,2.490000,11100
2022-05-19,2.440000,2.510000,2.440000,2.500000,2.500000,11100
2022-05-20,2.460000,2.500000,2.410000,2.410000,2.410000,10900
2022-05-23,2.450000,2.550000,2.330000,2.460000,2.460000,34600
2022-05-24,2.460000,2.460000,2.460000,2.460000,2.460000,0
2022-05-25,2.530000,2.560000,2.520000,2.560000,2.560000,4700
2022-05-26,2.520000,2.520000,2.510000,2.510000,2.510000,300
2022-05-27,2.510000,2.510000,2.510000,2.510000,2.510000,0
2022-05-31,2.480000,2.570000,2.480000,2.560000,2.560000,3700
2022-06-01,2.560000,2.600000,2.550000,2.600000,2.600000,10400
2022-06-02,2.640000,2.640000,2.600000,2.600000,2.600000,4500
2022-06-03,2.550000,2.550000,2.520000,2.520000,2.520000,300
2022-06-06,2.370000,2.650000,2.370000,2.610000,2.610000,14400
2022-06-07,2.520000,2.610000,2.520000,2.610000,2.610000,1700
2022-06-08,2.520000,2.640000,2.520000,2.610000,2.610000,800
2022-06-09,2.570000,2.650000,2.440000,2.600000,2.600000,37500
2022-06-10,2.590000,2.610000,2.470000,2.470000,2.470000,13600
2022-06-13,2.400000,2.700000,2.390000,2.700000,2.700000,800
2022-06-14,2.640000,2.700000,2.610000,2.690000,2.690000,36600
2022-06-15,2.650000,2.700000,2.540000,2.700000,2.700000,7700
2022-06-16,2.650000,2.650000,2.650000,2.650000,2.650000,1600
2022-06-17,2.650000,2.650000,2.650000,2.650000,2.650000,0
2022-06-21,2.700000,2.700000,2.610000,2.690000,2.690000,2100
2022-06-22,2.690000,2.690000,2.690000,2.690000,2.690000,0
2022-06-23,2.560000,2.650000,2.560000,2.560000,2.560000,800
2022-06-24,2.560000,2.560000,2.560000,2.560000,2.560000,0
2022-06-27,2.490000,2.550000,2.490000,2.550000,2.550000,12000
2022-06-28,2.510000,2.670000,2.510000,2.620000,2.620000,3100
2022-06-29,2.520000,2.600000,2.500000,2.520000,2.520000,28500
2022-06-30,2.660000,2.660000,2.540000,2.610000,2.610000,8200
2022-07-01,2.490000,2.670000,2.490000,2.630000,2.630000,9800
2022-07-05,2.600000,2.600000,2.470000,2.500000,2.500000,11600
2022-07-06,2.700000,2.700000,2.520000,2.520000,2.520000,1400
2022-07-07,2.680000,2.680000,2.000000,2.220000,2.220000,428700
2022-07-08,2.230000,2.310000,2.140000,2.220000,2.220000,10700
2022-07-11,2.300000,2.320000,2.270000,2.290000,2.290000,1000
2022-07-12,2.230000,2.240000,2.190000,2.240000,2.240000,13000
2022-07-13,2.240000,2.240000,2.240000,2.240000,2.240000,200
2022-07-14,2.240000,2.240000,2.240000,2.240000,2.240000,0
2022-07-15,2.200000,2.200000,2.190000,2.190000,2.190000,900
2022-07-18,2.200000,2.200000,2.110000,2.110000,2.110000,12900
2022-07-19,2.150000,2.150000,2.150000,2.150000,2.150000,300
2022-07-20,2.150000,2.150000,2.150000,2.150000,2.150000,0
2022-07-21,2.150000,2.150000,2.150000,2.150000,2.150000,0
2022-07-22,2.120000,2.140000,2.090000,2.090000,2.090000,2600
2022-07-25,2.080000,2.150000,2.050000,2.070000,2.070000,9400
2022-07-26,2.090000,2.090000,2.020000,2.020000,2.020000,5000
2022-07-27,2.000000,2.220000,2.000000,2.200000,2.200000,22600
2022-07-28,2.160000,2.160000,2.050000,2.050000,2.050000,7500
2022-07-29,2.090000,2.170000,2.060000,2.170000,2.170000,6400
2022-08-01,2.130000,2.200000,2.090000,2.090000,2.090000,4500
2022-08-02,2.150000,2.150000,2.060000,2.060000,2.060000,11100
2022-08-03,2.070000,2.070000,2.070000,2.070000,2.070000,200
2022-08-04,2.090000,2.090000,2.090000,2.090000,2.090000,300
2022-08-05,2.050000,2.060000,2.020000,2.020000,2.020000,2000
2022-08-08,2.040000,2.040000,2.040000,2.040000,2.040000,100
2022-08-09,2.050000,2.060000,2.000000,2.030000,2.030000,1600
2022-08-10,2.030000,2.070000,2.030000,2.070000,2.070000,1200
2022-08-11,2.080000,2.170000,2.050000,2.170000,2.170000,6400
2022-08-12,2.170000,2.170000,2.170000,2.170000,2.170000,0
2022-08-15,2.080000,2.130000,2.080000,2.130000,2.130000,200
2022-08-16,2.130000,2.130000,2.130000,2.130000,2.130000,0
2022-08-17,2.080000,2.080000,2.080000,2.080000,2.080000,200
2022-08-18,2.020000,2.020000,1.980000,1.990000,1.990000,11600
2022-08-19,2.060000,2.060000,2.060000,2.060000,2.060000,600
2022-08-22,1.960000,2.050000,1.960000,2.050000,2.050000,1000
2022-08-23,2.080000,2.080000,2.070000,2.070000,2.070000,2400
2022-08-24,2.050000,2.080000,2.050000,2.080000,2.080000,14700
2022-08-25,2.050000,2.070000,2.050000,2.060000,2.060000,500
2022-08-26,2.100000,2.280000,2.090000,2.130000,2.130000,28100
2022-08-29,2.080000,2.150000,2.080000,2.120000,2.120000,4300
2022-08-30,2.050000,2.100000,2.040000,2.100000,2.100000,10600
2022-08-31,2.060000,2.060000,2.030000,2.030000,2.030000,2600
2022-09-01,2.030000,2.030000,2.030000,2.030000,2.030000,0
2022-09-02,2.010000,2.060000,2.010000,2.060000,2.060000,400
2022-09-06,2.020000,2.020000,2.000000,2.000000,2.000000,8900
2022-09-07,2.000000,2.040000,2.000000,2.040000,2.040000,1100
2022-09-08,2.040000,2.040000,1.990000,1.990000,1.990000,200
2022-09-09,2.080000,2.090000,2.060000,2.060000,2.060000,2700
2022-09-12,1.970000,1.970000,1.970000,1.970000,1.970000,200
2022-09-13,1.980000,2.000000,1.970000,2.000000,2.000000,4700
2022-09-14,1.920000,1.970000,1.920000,1.920000,1.920000,5100
2022-09-15,1.970000,1.970000,1.970000,1.970000,1.970000,100
2022-09-16,1.930000,1.940000,1.930000,1.940000,1.940000,200
2022-09-19,1.980000,1.980000,1.900000,1.900000,1.900000,17400
2022-09-20,1.900000,1.900000,1.850000,1.850000,1.850000,1500
2022-09-21,1.850000,1.850000,1.810000,1.840000,1.840000,5200
2022-09-22,1.780000,1.780000,1.780000,1.780000,1.780000,700
2022-09-23,1.830000,1.830000,1.740000,1.740000,1.740000,2400
2022-09-26,1.720000,1.780000,1.700000,1.780000,1.780000,7700
2022-09-27,1.760000,1.760000,1.710000,1.730000,1.730000,2200
2022-09-28,1.740000,1.790000,1.720000,1.720000,1.720000,4600
2022-09-29,1.710000,1.720000,1.340000,1.490000,1.490000,545800
2022-09-30,1.500000,1.640000,1.500000,1.640000,1.640000,61400
2022-10-03,1.700000,1.700000,1.600000,1.600000,1.600000,600
2022-10-04,1.600000,1.600000,1.600000,1.600000,1.600000,0
2022-10-05,1.460000,1.460000,1.460000,1.460000,1.460000,100
2022-10-06,1.590000,1.830000,1.490000,1.830000,1.830000,25100
2022-10-07,1.790000,1.790000,1.650000,1.650000,1.650000,4200
2022-10-10,1.650000,1.650000,1.650000,1.650000,1.650000,0
2022-10-11,1.620000,1.620000,1.620000,1.620000,1.620000,200
2022-10-12,1.620000,1.650000,1.620000,1.650000,1.650000,5100
2022-10-13,1.540000,1.560000,1.540000,1.550000,1.550000,300
2022-10-14,1.450000,1.550000,1.450000,1.550000,1.550000,5200
2022-10-17,1.550000,1.550000,1.550000,1.550000,1.550000,0
2022-10-18,1.730000,1.730000,1.720000,1.730000,1.730000,2700
2022-10-19,1.560000,1.720000,1.560000,1.720000,1.720000,300
2022-10-20,1.720000,1.720000,1.720000,1.720000,1.720000,0
2022-10-21,1.720000,1.720000,1.620000,1.620000,1.620000,200
2022-10-24,1.930000,1.950000,1.710000,1.710000,1.710000,5200
2022-10-25,1.660000,1.660000,1.660000,1.660000,1.660000,200
2022-10-26,1.760000,1.760000,1.760000,1.760000,1.760000,200
2022-10-27,1.710000,1.710000,1.710000,1.710000,1.710000,100
2022-10-28,1.660000,1.660000,1.610000,1.610000,1.610000,400
2022-10-31,1.780000,1.780000,1.730000,1.770000,1.770000,2700
2022-11-01,1.650000,1.650000,1.650000,1.650000,1.650000,100
2022-11-02,1.700000,1.740000,1.690000,1.720000,1.720000,21400
2022-11-03,1.630000,1.720000,1.630000,1.720000,1.720000,2200
2022-11-04,1.580000,1.750000,1.580000,1.750000,1.750000,5600
2022-11-07,1.670000,1.750000,1.670000,1.720000,1.720000,2600
2022-11-08,1.620000,1.690000,1.620000,1.690000,1.690000,1500
2022-11-09,1.510000,1.740000,1.510000,1.740000,1.740000,2800
2022-11-10,1.660000,1.740000,1.620000,1.740000,1.740000,6800
2022-11-11,1.750000,1.750000,1.750000,1.750000,1.750000,100
2022-11-14,1.590000,1.730000,1.550000,1.730000,1.730000,2200
2022-11-15,1.620000,1.620000,1.620000,1.620000,1.620000,200
2022-11-16,1.730000,1.730000,1.730000,1.730000,1.730000,200
2022-11-17,1.650000,1.720000,1.630000,1.720000,1.720000,4900
2022-11-18,1.620000,1.720000,1.620000,1.710000,1.710000,4800
2022-11-21,1.710000,1.710000,1.710000,1.710000,1.710000,0
2022-11-22,1.560000,1.690000,1.560000,1.690000,1.690000,300
2022-11-23,1.710000,1.710000,1.710000,1.710000,1.710000,100
2022-11-25,1.590000,1.720000,1.590000,1.680000,1.680000,800
2022-11-28,1.720000,1.720000,1.630000,1.710000,1.710000,1600
2022-11-29,1.570000,1.710000,1.570000,1.710000,1.710000,400
2022-11-30,1.540000,1.720000,1.540000,1.700000,1.700000,5300
2022-12-01,1.710000,1.720000,1.590000,1.720000,1.720000,300
2022-12-02,1.600000,1.710000,1.600000,1.650000,1.650000,8800
2022-12-05,1.650000,1.650000,1.650000,1.650000,1.650000,0
2022-12-06,1.640000,1.640000,1.640000,1.640000,1.640000,100
2022-12-07,1.540000,1.620000,1.520000,1.620000,1.620000,2500
2022-12-08,1.470000,1.620000,1.470000,1.620000,1.620000,1900
2022-12-09,1.520000,1.620000,1.520000,1.610000,1.610000,2700
2022-12-12,1.610000,1.650000,1.580000,1.650000,1.650000,900
2022-12-13,1.650000,1.650000,1.650000,1.650000,1.650000,0
2022-12-14,1.660000,1.660000,1.660000,1.660000,1.660000,200
2022-12-15,1.540000,1.630000,1.510000,1.600000,1.600000,8000
2022-12-16,1.680000,1.680000,1.590000,1.600000,1.600000,500
2022-12-19,1.490000,1.580000,1.490000,1.580000,1.580000,2600
2022-12-20,1.510000,1.580000,1.510000,1.570000,1.570000,700
2022-12-21,1.590000,1.590000,1.590000,1.590000,1.590000,100
2022-12-22,1.520000,1.590000,1.520000,1.590000,1.590000,800
2022-12-23,1.630000,1.630000,1.630000,1.630000,1.630000,200
2022-12-27,1.520000,1.620000,1.390000,1.520000,1.520000,10100
2022-12-28,1.520000,1.570000,1.360000,1.390000,1.390000,35200
2022-12-29,1.480000,1.490000,1.450000,1.470000,1.470000,3600
2022-12-30,1.450000,1.450000,1.400000,1.430000,1.430000,16800
2023-01-03,1.530000,1.530000,1.470000,1.470000,1.470000,400
2023-01-04,1.550000,1.550000,1.530000,1.550000,1.550000,3500
2023-01-05,1.550000,1.550000,1.550000,1.550000,1.550000,0
2023-01-06,1.490000,1.560000,1.490000,1.550000,1.550000,3900
2023-01-09,1.440000,1.540000,1.440000,1.520000,1.520000,1600
2023-01-10,1.470000,1.550000,1.470000,1.550000,1.550000,5500
2023-01-11,1.510000,1.540000,1.460000,1.540000,1.540000,1100
2023-01-12,1.560000,1.630000,1.550000,1.630000,1.630000,8600
2023-01-13,1.470000,1.610000,1.470000,1.600000,1.600000,1400
2023-01-17,1.710000,1.710000,1.610000,1.700000,1.700000,3400
2023-01-18,1.700000,1.700000,1.530000,1.690000,1.690000,2400
2023-01-19,1.710000,1.710000,1.710000,1.710000,1.710000,500
2023-01-20,1.580000,1.720000,1.580000,1.720000,1.720000,600
2023-01-23,1.730000,1.730000,1.650000,1.710000,1.710000,1100
2023-01-24,1.710000,1.710000,1.710000,1.710000,1.710000,0
2023-01-25,1.680000,1.700000,1.680000,1.700000,1.700000,200
2023-01-26,1.590000,1.710000,1.590000,1.710000,1.710000,300
2023-01-27,1.710000,1.710000,1.710000,1.710000,1.710000,0
2023-01-30,1.720000,1.720000,1.720000,1.720000,1.720000,300
2023-01-31,1.750000,1.750000,1.670000,1.700000,1.700000,800
2023-02-01,1.620000,1.710000,1.620000,1.710000,1.710000,400
2023-02-02,1.750000,1.750000,1.750000,1.750000,1.750000,200
2023-02-03,1.750000,1.750000,1.750000,1.750000,1.750000,3200
2023-02-06,1.730000,1.730000,1.630000,1.670000,1.670000,2600
2023-02-07,1.680000,1.680000,1.680000,1.680000,1.680000,2800
2023-02-08,1.620000,1.680000,1.620000,1.680000,1.680000,2200
2023-02-09,1.580000,1.710000,1.580000,1.710000,1.710000,800
2023-02-10,1.600000,1.720000,1.600000,1.720000,1.720000,400
2023-02-13,1.620000,1.720000,1.620000,1.720000,1.720000,500
2023-02-14,1.720000,1.720000,1.720000,1.720000,1.720000,0
2023-02-15,1.700000,1.700000,1.700000,1.700000,1.700000,100
2023-02-16,1.700000,1.700000,1.620000,1.690000,1.690000,1200
2023-02-17,1.700000,1.700000,1.700000,1.700000,1.700000,100
2023-02-21,1.620000,1.700000,1.620000,1.700000,1.700000,300
2023-02-22,1.580000,1.690000,1.580000,1.690000,1.690000,300
2023-02-23,1.700000,1.700000,1.540000,1.590000,1.590000,9900
2023-02-24,1.590000,1.590000,1.590000,1.590000,1.590000,200
2023-02-27,1.590000,1.590000,1.550000,1.570000,1.570000,2500
2023-02-28,1.580000,1.580000,1.560000,1.580000,1.580000,400
2023-03-01,1.590000,1.590000,1.590000,1.590000,1.590000,100
2023-03-02,1.480000,1.580000,1.480000,1.580000,1.580000,1900
2023-03-03,1.590000,1.590000,1.530000,1.570000,1.570000,3800
2023-03-06,1.590000,1.590000,1.590000,1.590000,1.590000,100
2023-03-07,1.530000,1.530000,1.520000,1.530000,1.530000,4300
2023-03-08,1.590000,1.590000,1.530000,1.550000,1.550000,1200
2023-03-09,1.550000,1.550000,1.430000,1.540000,1.540000,4100
2023-03-10,1.550000,1.550000,1.430000,1.440000,1.440000,29000
2023-03-13,1.440000,1.500000,1.430000,1.480000,1.480000,3900
2023-03-14,1.550000,1.550000,1.480000,1.540000,1.540000,60200
2023-03-15,1.500000,1.590000,1.480000,1.590000,1.590000,1600
2023-03-16,1.500000,1.500000,1.430000,1.500000,1.500000,19900
2023-03-17,1.500000,1.500000,1.440000,1.480000,1.480000,600
2023-03-20,1.500000,1.500000,1.490000,1.490000,1.490000,5600
2023-03-21,1.500000,1.560000,1.500000,1.560000,1.560000,2500
2023-03-22,1.590000,1.590000,1.510000,1.510000,1.510000,500
2023-03-23,1.560000,1.560000,1.510000,1.510000,1.510000,300
2023-03-24,1.550000,1.550000,1.470000,1.540000,1.540000,1200
2023-03-27,1.580000,1.580000,1.470000,1.530000,1.530000,5300
2023-03-28,1.590000,1.590000,1.470000,1.520000,1.520000,1200
2023-03-29,1.520000,1.560000,1.520000,1.560000,1.560000,1100
2023-03-30,1.560000,1.580000,1.540000,1.580000,1.580000,1600
2023-03-31,1.590000,1.590000,1.510000,1.560000,1.560000,800
2023-04-03,1.580000,1.580000,1.510000,1.580000,1.580000,2400
2023-04-04,1.560000,1.590000,1.470000,1.500000,1.500000,8100
2023-04-05,1.500000,1.500000,1.460000,1.460000,1.460000,800
2023-04-06,1.470000,1.500000,1.430000,1.480000,1.480000,18800
2023-04-10,1.500000,1.560000,1.490000,1.560000,1.560000,2800
2023-04-11,1.590000,1.590000,1.590000,1.590000,1.590000,500
2023-04-12,1.590000,1.590000,1.550000,1.590000,1.590000,900
2023-04-13,1.590000,1.590000,1.590000,1.590000,1.590000,100
2023-04-14,1.590000,1.590000,1.550000,1.590000,1.590000,600
2023-04-17,1.590000,1.590000,1.590000,1.590000,1.590000,200
2023-04-18,1.470000,1.590000,1.470000,1.590000,1.590000,2900
2023-04-19,1.580000,1.580000,1.470000,1.570000,1.570000,5400
2023-04-20,1.560000,1.560000,1.480000,1.540000,1.540000,5700
2023-04-21,1.540000,1.570000,1.490000,1.570000,1.570000,800
2023-04-24,1.500000,1.590000,1.500000,1.560000,1.560000,9500
2023-04-25,1.560000,1.580000,1.560000,1.570000,1.570000,400
2023-04-26,1.480000,1.560000,1.440000,1.560000,1.560000,3800
2023-04-27,1.560000,1.600000,1.480000,1.600000,1.600000,10900
2023-04-28,1.480000,1.590000,1.480000,1.590000,1.590000,43600
2023-05-01,1.500000,1.590000,1.490000,1.550000,1.550000,30300
2023-05-02,1.550000,1.550000,1.510000,1.510000,1.510000,200
2023-05-03,1.590000,1.590000,1.580000,1.580000,1.580000,10700
2023-05-04,1.570000,1.570000,1.540000,1.570000,1.570000,800
2023-05-05,1.570000,1.590000,1.560000,1.560000,1.560000,4000
2023-05-08,1.500000,1.590000,1.500000,1.580000,1.580000,1000
2023-05-09,1.590000,1.590000,1.560000,1.580000,1.580000,700
2023-05-10,1.590000,1.590000,1.530000,1.580000,1.580000,4500
2023-05-11,1.590000,1.590000,1.590000,1.590000,1.590000,100
2023-05-12,1.590000,1.590000,1.490000,1.580000,1.580000,8100
2023-05-15,1.510000,1.580000,1.490000,1.580000,1.580000,18400
2023-05-16,1.590000,1.590000,1.550000,1.580000,1.580000,1700
2023-05-17,1.590000,1.590000,1.530000,1.550000,1.550000,2200
2023-05-18,1.520000,1.660000,1.500000,1.530000,1.530000,3200
2023-05-19,1.580000,1.580000,1.520000,1.580000,1.580000,300
2023-05-22,1.520000,1.570000,1.520000,1.570000,1.570000,2500
2023-05-23,1.590000,1.650000,1.530000,1.650000,1.650000,10700
2023-05-24,1.590000,1.590000,1.580000,1.580000,1.580000,400
2023-05-25,1.590000,1.590000,1.590000,1.590000,1.590000,2100
2023-05-26,1.590000,1.590000,1.590000,1.590000,1.590000,900
2023-05-30,1.590000,1.590000,1.590000,1.590000,1.590000,200
2023-05-31,1.510000,1.630000,1.480000,1.630000,1.630000,37100
2023-06-01,1.580000,1.580000,1.470000,1.500000,1.500000,4500
2023-06-02,1.530000,1.570000,1.480000,1.550000,1.550000,2800
2023-06-05,1.560000,1.560000,1.560000,1.560000,1.560000,100
2023-06-06,1.590000,1.590000,1.540000,1.570000,1.570000,700
2023-06-07,1.570000,1.570000,1.570000,1.570000,1.570000,100
2023-06-08,1.500000,1.580000,1.500000,1.550000,1.550000,3300
2023-06-09,1.560000,1.630000,1.480000,1.630000,1.630000,13500
2023-06-12,1.560000,1.570000,1.470000,1.500000,1.500000,3600
2023-06-13,1.480000,1.530000,1.480000,1.500000,1.500000,2600
2023-06-14,1.450000,1.510000,1.450000,1.510000,1.510000,400
2023-06-15,1.550000,1.570000,1.480000,1.570000,1.570000,2100
2023-06-16,1.570000,1.570000,1.450000,1.490000,1.490000,800
2023-06-20,1.450000,1.530000,1.450000,1.510000,1.510000,700
2023-06-21,1.540000,1.560000,1.490000,1.560000,1.560000,500
2023-06-22,1.550000,1.550000,1.490000,1.550000,1.550000,500
2023-06-23,1.540000,1.540000,1.480000,1.540000,1.540000,500
2023-06-26,1.550000,1.550000,1.550000,1.550000,1.550000,300
2023-06-27,1.460000,1.540000,1.450000,1.540000,1.540000,2400
2023-06-28,1.530000,1.530000,1.530000,1.530000,1.530000,100
2023-06-29,1.520000,1.520000,1.520000,1.520000,1.520000,100
2023-06-30,1.520000,1.520000,1.520000,1.520000,1.520000,0
2023-07-03,1.510000,1.510000,1.450000,1.510000,1.510000,1300
2023-07-05,1.460000,1.510000,1.460000,1.500000,1.500000,4200
2023-07-06,1.500000,1.500000,1.500000,1.500000,1.500000,100
2023-07-07,1.500000,1.500000,1.500000,1.500000,1.500000,100
2023-07-10,1.460000,1.500000,1.460000,1.500000,1.500000,400
2023-07-11,1.500000,1.500000,1.500000,1.500000,1.500000,0
2023-07-12,1.450000,1.490000,1.430000,1.480000,1.480000,5100
2023-07-13,1.490000,1.490000,1.490000,1.490000,1.490000,100
2023-07-14,1.500000,1.500000,1.470000,1.490000,1.490000,2200
2023-07-17,1.490000,1.500000,1.470000,1.500000,1.500000,2300
2023-07-18,1.500000,1.500000,1.500000,1.500000,1.500000,200
2023-07-19,1.500000,1.500000,1.500000,1.500000,1.500000,0
2023-07-20,1.450000,1.490000,1.450000,1.490000,1.490000,1000
2023-07-21,1.450000,1.490000,1.450000,1.490000,1.490000,1300
2023-07-24,1.500000,1.500000,1.450000,1.490000,1.490000,600
2023-07-25,1.440000,1.470000,1.430000,1.450000,1.450000,1900
2023-07-26,1.440000,1.500000,1.420000,1.470000,1.470000,19600
2023-07-27,1.450000,1.470000,1.450000,1.470000,1.470000,500
2023-07-28,1.490000,1.530000,1.460000,1.520000,1.520000,1100
2023-07-31,1.490000,1.550000,1.460000,1.550000,1.550000,1400
2023-08-01,1.420000,1.500000,1.340000,1.350000,1.350000,109600
2023-08-02,1.370000,1.450000,1.320000,1.450000,1.450000,4900
2023-08-03,1.410000,1.430000,1.380000,1.410000,1.410000,2800
2023-08-04,1.480000,1.480000,1.410000,1.470000,1.470000,800
2023-08-07,1.500000,1.500000,1.410000,1.480000,1.480000,3300
2023-08-08,1.500000,1.500000,1.500000,1.500000,1.500000,200
2023-08-09,1.490000,1.550000,1.470000,1.540000,1.540000,5700
2023-08-10,1.500000,1.550000,1.490000,1.550000,1.550000,2500
2023-08-11,1.420000,1.540000,1.420000,1.540000,1.540000,1400
2023-08-14,1.480000,1.520000,1.400000,1.520000,1.520000,24900
2023-08-15,1.480000,1.540000,1.410000,1.540000,1.540000,32400
2023-08-16,1.520000,1.540000,1.440000,1.540000,1.540000,16800
2023-08-17,1.550000,1.550000,1.440000,1.510000,1.510000,38700
2023-08-18,1.480000,1.550000,1.480000,1.500000,1.500000,2600
2023-08-21,1.440000,1.540000,1.400000,1.400000,1.400000,5800
2023-08-22,1.420000,1.540000,1.420000,1.540000,1.540000,28600
2023-08-23,1.510000,1.530000,1.440000,1.510000,1.510000,3100
2023-08-24,1.450000,1.510000,1.450000,1.500000,1.500000,1900
2023-08-25,1.470000,1.510000,1.470000,1.510000,1.510000,500
2023-08-28,1.510000,1.510000,1.510000,1.510000,1.510000,0
2023-08-29,1.500000,1.510000,1.450000,1.500000,1.500000,1000
2023-08-30,1.490000,1.530000,1.440000,1.530000,1.530000,4000
2023-08-31,1.440000,1.520000,1.430000,1.520000,1.520000,9700
2023-09-01,1.540000,1.540000,1.540000,1.540000,1.540000,9900
2023-09-05,1.530000,1.550000,1.520000,1.530000,1.530000,18700
2023-09-06,1.460000,1.530000,1.460000,1.530000,1.530000,800
2023-09-07,1.520000,1.520000,1.520000,1.520000,1.520000,100
2023-09-08,1.520000,1.520000,1.520000,1.520000,1.520000,100
2023-09-11,1.460000,1.520000,1.460000,1.510000,1.510000,1000
2023-09-12,1.520000,1.520000,1.520000,1.520000,1.520000,100
2023-09-13,1.520000,1.520000,1.520000,1.520000,1.520000,100
2023-09-14,1.530000,1.530000,1.470000,1.510000,1.510000,1400
2023-09-15,1.520000,1.520000,1.510000,1.510000,1.510000,2000
2023-09-18,1.480000,1.510000,1.480000,1.500000,1.500000,3000
2023-09-19,1.480000,1.500000,1.440000,1.500000,1.500000,400
2023-09-20,1.500000,1.520000,1.440000,1.500000,1.500000,2600
2023-09-21,1.510000,1.520000,1.400000,1.480000,1.480000,503500
2023-09-22,1.450000,1.510000,1.450000,1.510000,1.510000,2700
2023-09-25,1.460000,1.500000,1.460000,1.500000,1.500000,600
2023-09-26,1.520000,1.520000,1.430000,1.520000,1.520000,300
2023-09-27,1.420000,1.510000,1.420000,1.470000,1.470000,3300
2023-09-28,1.490000,1.500000,1.490000,1.500000,1.500000,200
2023-09-29,1.410000,1.500000,1.400000,1.480000,1.480000,1100
2023-10-02,1.410000,1.510000,1.380000,1.510000,1.510000,9500
2023-10-03,1.480000,1.500000,1.470000,1.470000,1.470000,900
2023-10-04,1.490000,1.490000,1.490000,1.490000,1.490000,100
2023-10-05,1.510000,1.510000,1.500000,1.500000,1.500000,20500
2023-10-06,1.400000,1.510000,1.400000,1.510000,1.510000,462400
2023-10-09,1.470000,1.500000,1.400000,1.460000,1.460000,142600
2023-10-10,1.450000,1.500000,1.380000,1.490000,1.490000,43900
2023-10-11,1.440000,1.480000,1.390000,1.450000,1.450000,18000
2023-10-12,1.450000,1.480000,1.350000,1.380000,1.380000,5000
2023-10-13,1.400000,1.480000,1.370000,1.480000,1.480000,129800
2023-10-16,1.450000,1.470000,1.380000,1.470000,1.470000,6900
2023-10-17,1.410000,1.520000,1.410000,1.450000,1.450000,1000
2023-10-18,1.470000,1.500000,1.400000,1.440000,1.440000,1900
2023-10-19,1.470000,1.470000,1.460000,1.460000,1.460000,700
2023-10-20,1.490000,1.490000,1.430000,1.470000,1.470000,2200
2023-10-23,1.490000,1.490000,1.440000,1.440000,1.440000,200
2023-10-24,1.460000,1.490000,1.380000,1.470000,1.470000,7000
2023-10-25,1.370000,1.490000,1.370000,1.440000,1.440000,5100
2023-10-26,1.490000,1.490000,1.460000,1.460000,1.460000,300
2023-10-27,1.410000,1.480000,1.410000,1.480000,1.480000,200
2023-10-30,1.410000,1.480000,1.390000,1.450000,1.450000,44000
2023-10-31,1.430000,1.430000,1.400000,1.420000,1.420000,2200
2023-11-01,1.430000,1.470000,1.420000,1.470000,1.470000,10000
2023-11-02,1.420000,1.500000,1.370000,1.500000,1.500000,1000
2023-11-03,1.420000,1.460000,1.380000,1.430000,1.430000,20700
2023-11-06,1.460000,1.460000,1.380000,1.440000,1.440000,900
2023-11-07,1.450000,1.500000,1.430000,1.440000,1.440000,17800
2023-11-08,1.440000,1.470000,1.410000,1.470000,1.470000,38700
2023-11-09,1.410000,1.470000,1.410000,1.460000,1.460000,33200
2023-11-10,1.480000,1.490000,1.460000,1.490000,1.490000,900
2023-11-13,1.420000,1.480000,1.410000,1.480000,1.480000,1700
2023-11-14,1.490000,1.490000,1.400000,1.400000,1.400000,2300
2023-11-15,1.450000,1.450000,1.410000,1.450000,1.450000,23900
2023-11-16,1.440000,1.480000,1.400000,1.400000,1.400000,6300
2023-11-17,1.430000,1.500000,1.430000,1.470000,1.470000,21700
2023-11-20,1.410000,1.460000,1.400000,1.440000,1.440000,5900
2023-11-21,1.440000,1.500000,1.440000,1.500000,1.500000,27300
2023-11-22,1.460000,1.530000,1.430000,1.510000,1.510000,8500
2023-11-24,1.530000,1.530000,1.470000,1.500000,1.500000,5300
2023-11-27,1.510000,1.510000,1.460000,1.500000,1.500000,5000
2023-11-28,1.460000,1.510000,1.450000,1.490000,1.490000,5300
2023-11-29,1.460000,1.490000,1.460000,1.490000,1.490000,700
2023-11-30,1.460000,1.510000,1.420000,1.510000,1.510000,14800
2023-12-01,1.510000,1.510000,1.460000,1.470000,1.470000,6000
2023-12-04,1.430000,1.450000,1.430000,1.450000,1.450000,1100
2023-12-05,1.490000,1.490000,1.430000,1.490000,1.490000,700
2023-12-06,1.450000,1.500000,1.450000,1.490000,1.490000,10200
2023-12-07,1.450000,1.500000,1.440000,1.500000,1.500000,12400
2023-12-08,1.430000,1.500000,1.430000,1.490000,1.490000,3800
2023-12-11,1.470000,1.490000,1.470000,1.490000,1.490000,1200
2023-12-12,1.490000,1.490000,1.450000,1.450000,1.450000,8300
2023-12-13,1.490000,1.490000,1.450000,1.490000,1.490000,8400
2023-12-14,1.450000,1.500000,1.450000,1.490000,1.490000,27700
2023-12-15,1.400000,1.490000,1.400000,1.490000,1.490000,57200