Date,Open,High,Low,Close,Adj Close,Volume
2009-11-03,10.340000,10.600000,10.340000,10.490000,6.316469,327000
2009-11-04,10.600000,10.600000,10.410000,10.500000,6.322492,35600
2009-11-05,10.500000,10.600000,10.430000,10.500000,6.322492,42000
2009-11-06,10.500000,10.520000,10.360000,10.520000,6.334533,32900
2009-11-09,10.500000,10.500000,10.390000,10.480000,6.310446,79200
2009-11-10,10.480000,10.480000,10.320000,10.370000,6.244211,114000
2009-11-11,10.450000,10.480000,10.330000,10.450000,6.292382,57600
2009-11-12,10.450000,10.450000,10.350000,10.390000,6.256252,81100
2009-11-13,10.450000,10.450000,10.350000,10.400000,6.262275,23700
2009-11-16,10.500000,10.500000,10.400000,10.450000,6.292382,86400
2009-11-17,10.470000,10.490000,10.400000,10.430000,6.280339,39200
2009-11-18,10.400000,10.470000,10.350000,10.390000,6.256252,732400
2009-11-19,10.420000,10.420000,10.320000,10.350000,6.232169,85400
2009-11-20,10.380000,10.390000,10.290000,10.320000,6.214102,157700
2009-11-23,10.370000,10.420000,10.340000,10.350000,6.232169,17900
2009-11-24,10.440000,10.440000,10.300000,10.390000,6.256252,40700
2009-11-25,10.450000,10.450000,10.330000,10.420000,6.274317,71500
2009-11-27,10.300000,10.400000,10.290000,10.400000,6.262275,57600
2009-11-30,10.400000,10.440000,10.300000,10.390000,6.256252,66000
2009-12-01,10.400000,10.400000,10.310000,10.360000,6.238192,57500
2009-12-02,10.400000,10.410000,10.290000,10.370000,6.244211,93600
2009-12-03,10.350000,10.400000,10.350000,10.350000,6.232169,30300
2009-12-04,10.250000,10.390000,10.250000,10.390000,6.256252,63900
2009-12-07,10.480000,10.480000,10.350000,10.400000,6.262275,161800
2009-12-08,10.390000,10.400000,10.370000,10.400000,6.262275,52400
2009-12-09,10.400000,10.400000,10.250000,10.270000,6.183996,345100
2009-12-10,10.330000,10.350000,10.140000,10.210000,6.147870,1040800
2009-12-11,10.240000,10.320000,10.200000,10.270000,6.183996,484400
2009-12-14,10.310000,10.350000,10.240000,10.350000,6.232169,275700
2009-12-15,10.300000,10.350000,10.180000,10.310000,6.208082,727600
2009-12-16,10.330000,10.330000,10.120000,10.220000,6.153892,1082400
2009-12-17,10.290000,10.290000,10.110000,10.110000,6.087656,593600
2009-12-18,10.290000,10.290000,10.010000,10.190000,6.135827,392100
2009-12-21,10.300000,10.300000,10.210000,10.210000,6.147870,23900
2009-12-22,10.100000,10.250000,10.100000,10.230000,6.159909,53300
2009-12-23,10.290000,10.340000,10.090000,10.300000,6.202063,35100
2009-12-24,10.300000,10.300000,10.200000,10.220000,6.153892,52900
2009-12-28,10.290000,10.310000,10.200000,10.300000,6.202063,81000
2009-12-29,10.280000,10.290000,10.180000,10.220000,6.153892,72900
2009-12-30,10.320000,10.320000,10.160000,10.180000,6.129805,40900
2009-12-31,10.300000,10.300000,10.010000,10.090000,6.075614,189600
2010-01-04,10.150000,10.260000,10.110000,10.180000,6.129805,323200
2010-01-05,10.280000,10.380000,10.160000,10.240000,6.165933,736500
2010-01-06,10.300000,10.300000,10.190000,10.250000,6.171955,138300
2010-01-07,10.170000,10.340000,10.170000,10.280000,6.190019,255300
2010-01-08,10.240000,10.340000,10.240000,10.290000,6.196039,141300
2010-01-11,10.290000,10.340000,10.240000,10.260000,6.177978,156900
2010-01-12,10.300000,10.390000,10.260000,10.300000,6.202063,486100
2010-01-13,10.280000,10.380000,10.280000,10.300000,6.202063,131700
2010-01-14,10.350000,10.350000,10.280000,10.290000,6.196039,202100
2010-01-15,10.280000,10.350000,10.280000,10.350000,6.232169,72000
2010-01-19,10.330000,10.430000,10.300000,10.430000,6.280339,134800
2010-01-20,10.370000,10.490000,10.370000,10.490000,6.316469,6600
2010-01-21,10.500000,10.500000,10.310000,10.410000,6.268299,66700
2010-01-22,10.460000,10.460000,10.320000,10.340000,6.226144,19100
2010-01-25,10.250000,10.440000,10.250000,10.340000,6.226144,211300
2010-01-26,10.430000,10.430000,10.310000,10.350000,6.232169,48500
2010-01-27,10.350000,10.450000,10.300000,10.350000,6.232169,17500
2010-01-28,10.360000,10.410000,10.200000,10.310000,6.208082,44000
2010-01-29,10.280000,10.360000,10.260000,10.280000,6.190019,73200
2010-02-01,10.320000,10.350000,10.260000,10.270000,6.183996,90200
2010-02-02,10.260000,10.350000,10.240000,10.310000,6.208082,152100
2010-02-03,10.270000,10.340000,10.270000,10.300000,6.202063,25700
2010-02-04,10.270000,10.350000,10.250000,10.300000,6.202063,71700
2010-02-05,10.270000,10.310000,10.240000,10.280000,6.190019,21900
2010-02-08,10.240000,10.270000,10.220000,10.230000,6.159909,26900
2010-02-09,10.240000,10.300000,10.210000,10.240000,6.165933,32400
2010-02-10,10.220000,10.260000,10.140000,10.240000,6.165933,27300
2010-02-11,10.150000,10.330000,10.150000,10.280000,6.190019,5400
2010-02-12,10.210000,10.290000,10.150000,10.210000,6.147870,148500
2010-02-16,10.200000,10.250000,10.160000,10.220000,6.153892,31700
2010-02-17,10.280000,10.290000,10.160000,10.200000,6.141846,119100
2010-02-18,10.170000,10.230000,10.110000,10.190000,6.135827,48700
2010-02-19,10.180000,10.290000,10.120000,10.220000,6.153892,38100
2010-02-22,10.180000,10.210000,10.110000,10.180000,6.129805,112800
2010-02-23,10.150000,10.200000,10.120000,10.150000,6.111742,44600
2010-02-24,10.150000,10.290000,10.080000,10.160000,6.117763,146900
2010-02-25,10.060000,10.210000,10.060000,10.100000,6.081635,33300
2010-02-26,10.120000,10.150000,9.950000,10.000000,6.021418,889700
2010-03-01,10.010000,10.090000,9.960000,10.000000,6.021418,111900
2010-03-02,10.030000,10.040000,9.960000,9.980000,6.009377,70100
2010-03-03,10.050000,10.070000,9.960000,10.000000,6.021418,159900
2010-03-04,9.970000,10.200000,9.970000,10.190000,6.135827,431400
2010-03-05,10.250000,10.250000,10.180000,10.230000,6.159909,186000
2010-03-08,10.240000,10.280000,10.160000,10.240000,6.165933,137300
2010-03-09,10.200000,10.270000,10.150000,10.250000,6.171955,296800
2010-03-10,10.210000,10.330000,10.210000,10.300000,6.202063,107700
2010-03-11,10.380000,10.380000,10.170000,10.280000,6.190019,34200
2010-03-12,10.350000,10.350000,10.270000,10.300000,6.202063,36800
2010-03-15,10.240000,10.300000,10.200000,10.210000,6.147870,209700
2010-03-16,10.250000,10.250000,10.200000,10.240000,6.165933,125900
2010-03-17,10.110000,10.400000,10.110000,10.380000,6.250234,159300
2010-03-18,10.210000,10.370000,10.210000,10.330000,6.220127,188700
2010-03-19,10.250000,10.320000,10.200000,10.250000,6.171955,1179300
2010-03-22,10.250000,10.290000,10.150000,10.200000,6.141846,199100
2010-03-23,10.160000,10.220000,10.140000,10.200000,6.141846,18000
2010-03-24,10.190000,10.310000,10.160000,10.200000,6.141846,759700
2010-03-25,10.170000,10.390000,10.130000,10.260000,6.177978,401000
2010-03-26,10.290000,10.320000,10.190000,10.230000,6.159909,1243600
2010-03-29,10.190000,10.290000,10.110000,10.150000,6.111742,169600
2010-03-30,10.390000,10.390000,10.090000,10.150000,6.111742,192900
2010-03-31,10.110000,10.180000,10.010000,10.120000,6.093676,390500
2010-04-01,10.120000,10.170000,10.100000,10.140000,6.105719,320200
2010-04-05,10.180000,10.320000,10.180000,10.250000,6.171955,220800
2010-04-06,10.260000,10.270000,10.170000,10.200000,6.141846,213600
2010-04-07,10.230000,10.640000,10.130000,10.150000,6.111742,1339700
2010-04-08,10.410000,10.410000,10.230000,10.240000,6.165933,562800
2010-04-09,10.350000,10.350000,10.190000,10.220000,6.153892,222800
2010-04-12,10.300000,10.330000,10.190000,10.190000,6.135827,118200
2010-04-13,10.260000,10.260000,10.140000,10.190000,6.135827,165600
2010-04-14,10.250000,10.250000,10.160000,10.180000,6.129805,328700
2010-04-15,10.240000,10.240000,9.990000,10.000000,6.021418,1005000
2010-04-16,10.100000,10.130000,9.910000,9.950000,5.991312,1103000
2010-04-19,10.000000,10.000000,9.920000,9.930000,5.979271,172800
2010-04-20,10.000000,10.000000,9.900000,9.920000,5.973248,449600
2010-04-21,9.980000,9.980000,9.710000,9.850000,5.931098,710300
2010-04-22,9.880000,9.900000,9.820000,9.860000,5.937119,190700
2010-04-23,9.910000,10.010000,9.850000,9.900000,5.961205,121100
2010-04-26,9.950000,10.010000,9.880000,9.920000,5.973248,201200
2010-04-27,9.980000,10.010000,9.820000,9.860000,5.937119,161000
2010-04-28,9.920000,9.950000,9.780000,9.780000,5.888948,129200
2010-04-29,9.860000,9.990000,9.780000,9.910000,5.967227,129300
2010-04-30,9.940000,9.970000,9.840000,9.880000,5.949163,81100
2010-05-03,9.910000,9.990000,9.860000,9.940000,5.985291,196500
2010-05-04,9.990000,9.990000,9.750000,9.770000,5.882928,189700
2010-05-05,9.750000,9.930000,9.750000,9.840000,5.925077,206900
2010-05-06,9.820000,9.930000,9.610000,9.680000,5.828733,343700
2010-05-07,9.700000,9.760000,9.600000,9.700000,5.840777,201800
2010-05-10,9.900000,9.900000,9.730000,9.740000,5.864862,238100
2010-05-11,9.750000,9.760000,9.700000,9.740000,5.864862,223900
2010-05-12,9.800000,9.900000,9.660000,9.800000,5.900989,452000
2010-05-13,9.800000,9.800000,9.690000,9.800000,5.900989,511600
2010-05-14,9.760000,9.790000,9.730000,9.770000,5.882928,265100
2010-05-17,9.710000,9.780000,9.530000,9.590000,5.774541,375700
2010-05-18,9.650000,9.770000,9.620000,9.620000,5.792606,429900
2010-05-19,9.610000,9.760000,9.420000,9.620000,5.792606,483300
2010-05-20,9.520000,9.680000,9.340000,9.440000,5.684222,415100
2010-05-21,9.350000,9.680000,9.350000,9.680000,5.828733,477000
2010-05-24,9.620000,9.760000,9.560000,9.600000,5.816616,692900
2010-05-25,9.500000,9.640000,9.350000,9.610000,5.822675,425800
2010-05-26,9.650000,9.930000,9.650000,9.800000,5.937795,4822400
2010-05-27,9.910000,9.960000,9.520000,9.840000,5.962031,419300
2010-05-28,9.790000,9.790000,9.610000,9.660000,5.852968,171800
2010-06-01,9.650000,9.770000,9.550000,9.630000,5.834794,183100
2010-06-02,9.690000,9.790000,9.600000,9.760000,5.913559,221800
2010-06-03,9.720000,9.910000,9.600000,9.830000,5.955972,151500
2010-06-04,9.720000,9.780000,9.590000,9.590000,5.810559,125600
2010-06-07,9.630000,9.720000,9.470000,9.500000,5.756026,203200
2010-06-08,9.550000,9.670000,9.410000,9.510000,5.762085,255200
2010-06-09,9.570000,9.580000,9.410000,9.450000,5.725733,60100
2010-06-10,9.440000,9.530000,9.400000,9.530000,5.774202,132000
2010-06-11,9.460000,9.590000,9.460000,9.580000,5.804498,106300
2010-06-14,9.620000,9.640000,9.520000,9.520000,5.768143,198200
2010-06-15,9.560000,9.680000,9.520000,9.680000,5.865088,220300
2010-06-16,9.630000,9.760000,9.600000,9.730000,5.895382,119100
2010-06-17,9.740000,9.740000,9.600000,9.620000,5.828732,161900
2010-06-18,9.600000,9.750000,9.600000,9.730000,5.895382,102500
2010-06-21,9.670000,9.750000,9.600000,9.670000,5.859029,121900
2010-06-22,9.720000,9.880000,9.660000,9.770000,5.919618,343800
2010-06-23,9.720000,9.840000,9.700000,9.750000,5.907501,226700
2010-06-24,9.720000,9.850000,9.710000,9.750000,5.907501,307600
2010-06-25,9.800000,10.040000,9.700000,9.920000,6.010503,6476600
2010-06-28,9.930000,9.940000,9.740000,9.880000,5.986266,294900
2010-06-29,9.770000,9.820000,9.640000,9.670000,5.859029,325400
2010-06-30,9.700000,9.730000,9.610000,9.650000,5.846910,266900
2010-07-01,9.690000,9.690000,9.510000,9.610000,5.822675,238100
2010-07-02,9.690000,9.700000,9.560000,9.610000,5.822675,107900
2010-07-06,9.720000,9.730000,9.500000,9.530000,5.774202,316300
2010-07-07,9.580000,9.660000,9.510000,9.660000,5.852968,213800
2010-07-08,9.720000,9.720000,9.500000,9.600000,5.816616,150800
2010-07-09,9.620000,9.750000,9.560000,9.600000,5.816616,93100
2010-07-12,9.600000,9.740000,9.500000,9.590000,5.810559,119000
2010-07-13,9.690000,9.720000,9.600000,9.700000,5.877208,209000
2010-07-14,9.660000,9.750000,9.630000,9.690000,5.871148,99800
2010-07-15,9.720000,9.720000,9.600000,9.650000,5.846910,73900
2010-07-16,9.630000,9.660000,9.520000,9.580000,5.804498,222700
2010-07-19,9.640000,9.690000,9.550000,9.620000,5.828732,113700
2010-07-20,9.540000,9.650000,9.510000,9.640000,5.840850,160500
2010-07-21,9.690000,9.730000,9.560000,9.570000,5.798439,97000
2010-07-22,9.670000,9.750000,9.630000,9.740000,5.901441,147300
2010-07-23,9.690000,9.850000,9.690000,9.800000,5.937795,129100
2010-07-26,9.840000,9.940000,9.770000,9.900000,5.998386,179700
2010-07-27,9.940000,10.000000,9.880000,9.960000,6.034740,138500
2010-07-28,9.950000,10.000000,9.920000,9.960000,6.034740,135700
2010-07-29,10.000000,10.000000,9.900000,9.930000,6.016562,90100
2010-07-30,9.850000,10.050000,9.800000,9.820000,5.949914,157700
2010-08-02,9.930000,10.040000,9.900000,10.020000,6.071093,175500
2010-08-03,9.990000,9.990000,9.890000,9.910000,6.004444,101700
2010-08-04,9.950000,10.050000,9.950000,10.000000,6.058974,112900
2010-08-05,9.930000,10.010000,9.870000,9.870000,5.980209,336500
2010-08-06,9.820000,9.870000,9.750000,9.790000,5.931734,109100
2010-08-09,9.830000,9.880000,9.760000,9.870000,5.980209,67300
2010-08-10,9.830000,9.860000,9.680000,9.760000,5.913559,71900
2010-08-11,9.680000,9.860000,9.630000,9.650000,5.846910,164300
2010-08-12,9.610000,9.850000,9.610000,9.740000,5.901441,102200
2010-08-13,9.700000,9.720000,9.510000,9.510000,5.762085,110800
2010-08-16,9.510000,9.610000,9.510000,9.610000,5.822675,71400
2010-08-17,9.680000,9.740000,9.590000,9.710000,5.883264,89900
2010-08-18,9.670000,9.790000,9.610000,9.780000,5.925679,54800
2010-08-19,9.710000,9.760000,9.510000,9.520000,5.768143,195800
2010-08-20,9.500000,9.570000,9.420000,9.540000,5.780261,121200
2010-08-23,9.580000,9.650000,9.430000,9.510000,5.762085,184700
2010-08-24,9.400000,9.520000,9.390000,9.410000,5.737697,154700
2010-08-25,9.370000,9.520000,9.370000,9.400000,5.731597,236100
2010-08-26,9.400000,9.540000,9.360000,9.360000,5.707209,89800
2010-08-27,9.450000,9.530000,9.370000,9.500000,5.792572,212700
2010-08-30,9.460000,9.580000,9.380000,9.380000,5.719404,1062000
2010-08-31,9.400000,9.490000,9.350000,9.450000,5.762087,248700
2010-09-01,9.550000,9.620000,9.520000,9.590000,5.847451,207000
2010-09-02,9.590000,9.760000,9.550000,9.680000,5.902326,151500
2010-09-03,9.730000,9.820000,9.720000,9.780000,5.963303,86700
2010-09-07,9.760000,9.810000,9.660000,9.680000,5.902326,106100
2010-09-08,9.720000,9.760000,9.540000,9.610000,5.859644,72700
2010-09-09,9.680000,9.760000,9.580000,9.600000,5.853546,55800
2010-09-10,9.610000,9.740000,9.610000,9.690000,5.908424,72000
2010-09-13,9.720000,9.950000,9.720000,9.920000,6.048666,518500
2010-09-14,9.910000,9.980000,9.820000,9.860000,6.012080,152200
2010-09-15,9.830000,9.920000,9.750000,9.880000,6.024274,123800
2010-09-16,9.850000,9.960000,9.640000,9.820000,5.987692,117800
2010-09-17,9.900000,10.180000,9.680000,9.700000,5.914523,855100
2010-09-20,9.720000,9.850000,9.700000,9.840000,5.999886,190100
2010-09-21,9.860000,9.900000,9.700000,9.740000,5.938911,129600
2010-09-22,9.740000,9.860000,9.660000,9.690000,5.908424,249500
2010-09-23,9.620000,9.660000,9.420000,9.480000,5.780376,161800
2010-09-24,9.580000,9.640000,9.520000,9.550000,5.823060,245400
2010-09-27,9.580000,9.690000,9.500000,9.540000,5.816962,146300
2010-09-28,9.580000,9.660000,9.510000,9.630000,5.871839,154100
2010-09-29,9.580000,9.720000,9.510000,9.590000,5.847451,631100
2010-09-30,9.700000,9.720000,9.560000,9.570000,5.835255,396200
2010-10-01,9.650000,9.730000,9.550000,9.600000,5.853546,254000
2010-10-04,9.620000,9.670000,9.530000,9.570000,5.835255,196100
2010-10-05,9.670000,9.910000,9.580000,9.870000,6.018179,296400
2010-10-06,9.870000,9.950000,9.750000,9.810000,5.981593,206500
2010-10-07,9.890000,9.920000,9.730000,9.730000,5.932814,214700
2010-10-08,9.750000,9.830000,9.710000,9.730000,5.932814,191300
2010-10-11,9.720000,9.790000,9.700000,9.760000,5.951105,97600
2010-10-12,9.770000,9.770000,9.600000,9.700000,5.914523,127000
2010-10-13,9.740000,9.740000,9.600000,9.620000,5.865740,400500
2010-10-14,9.620000,9.660000,9.620000,9.640000,5.877935,87900
2010-10-15,9.730000,9.730000,9.600000,9.630000,5.871839,162500
2010-10-18,9.620000,9.730000,9.610000,9.700000,5.914523,186600
2010-10-19,9.610000,9.720000,9.600000,9.620000,5.865740,185300
2010-10-20,9.680000,9.730000,9.580000,9.710000,5.920619,169300
2010-10-21,9.750000,9.750000,9.620000,9.680000,5.902326,267100
2010-10-22,9.700000,9.700000,9.630000,9.690000,5.908424,71000
2010-10-25,9.700000,9.740000,9.680000,9.700000,5.914523,90400
2010-10-26,9.660000,9.790000,9.660000,9.790000,5.969396,75500
2010-10-27,9.730000,9.790000,9.600000,9.620000,5.865740,173300
2010-10-28,9.690000,9.690000,9.590000,9.630000,5.871839,138100
2010-10-29,9.600000,9.750000,9.600000,9.600000,5.853546,108000
2010-11-01,9.670000,9.720000,9.580000,9.700000,5.914523,100500
2010-11-02,9.750000,9.800000,9.650000,9.750000,5.945009,308900
2010-11-03,9.930000,9.930000,9.770000,9.860000,6.012080,205200
2010-11-04,9.880000,10.000000,9.840000,9.970000,6.079153,250500
2010-11-05,10.000000,10.000000,9.910000,9.930000,6.054763,108700
2010-11-08,9.960000,9.980000,9.900000,9.950000,6.066958,95800
2010-11-09,9.950000,9.960000,9.860000,9.890000,6.030371,131800
2010-11-10,9.940000,9.980000,9.820000,9.850000,6.005983,158600
2010-11-11,9.850000,9.890000,9.830000,9.830000,5.993787,111800
2010-11-12,9.800000,9.880000,9.800000,9.840000,5.999886,90500
2010-11-15,9.900000,9.900000,9.720000,9.730000,5.932814,80500
2010-11-16,9.700000,9.810000,9.550000,9.570000,5.835255,235700
2010-11-17,9.580000,9.800000,9.580000,9.710000,5.920619,81900
2010-11-18,9.770000,9.850000,9.690000,9.830000,5.993787,76200
2010-11-19,9.850000,9.900000,9.760000,9.890000,6.030371,112800
2010-11-22,9.860000,9.920000,9.740000,9.810000,5.981593,94200
2010-11-23,9.720000,9.820000,9.620000,9.750000,5.981592,78200
2010-11-24,9.840000,9.910000,9.730000,9.910000,6.079752,89800
2010-11-26,9.840000,9.840000,9.710000,9.710000,5.957053,41400
2010-11-29,9.710000,9.880000,9.700000,9.790000,6.006131,67900
2010-11-30,9.760000,9.920000,9.630000,9.830000,6.030672,546100
2010-12-01,9.940000,9.940000,9.850000,9.870000,6.055214,110600
2010-12-02,9.850000,9.950000,9.830000,9.950000,6.104293,61300
2010-12-03,9.940000,10.080000,9.890000,10.020000,6.147236,222700
2010-12-06,10.020000,10.080000,9.990000,10.030000,6.153371,112800
2010-12-07,10.080000,10.170000,10.050000,10.110000,6.202451,149900
2010-12-08,10.160000,10.160000,10.080000,10.090000,6.190184,105200
2010-12-09,10.140000,10.140000,10.050000,10.050000,6.165640,188600
2010-12-10,10.090000,10.090000,10.000000,10.080000,6.184046,176500
2010-12-13,10.060000,10.100000,10.000000,10.000000,6.134967,165400
2010-12-14,10.050000,10.050000,9.940000,9.950000,6.104293,158100
2010-12-15,9.980000,10.000000,9.830000,9.830000,6.030672,278900
2010-12-16,9.860000,9.880000,9.710000,9.720000,5.963191,261700
2010-12-17,9.740000,9.810000,9.660000,9.670000,5.932514,584300
2010-12-20,9.650000,9.700000,9.650000,9.690000,5.944784,373400
2010-12-21,9.690000,9.700000,9.630000,9.650000,5.920241,854100
2010-12-22,9.650000,9.650000,9.590000,9.600000,5.889566,686000
2010-12-23,9.640000,9.660000,9.520000,9.530000,5.846622,661600
2010-12-27,9.530000,9.800000,9.530000,9.770000,5.993863,1320100
2010-12-28,9.800000,9.840000,9.640000,9.670000,5.932514,301300
2010-12-29,9.650000,9.870000,9.650000,9.760000,5.987726,1295800
2010-12-30,9.780000,10.070000,9.750000,9.840000,6.036809,309600
2010-12-31,9.860000,9.980000,9.860000,9.910000,6.079752,106200
2011-01-03,9.970000,10.130000,9.970000,10.060000,6.171774,296600
2011-01-04,10.080000,10.080000,9.880000,9.980000,6.122700,321300
2011-01-05,9.980000,9.990000,9.890000,9.970000,6.116563,162900
2011-01-06,9.950000,9.990000,9.910000,9.940000,6.098156,78900
2011-01-07,9.940000,9.980000,9.850000,9.930000,6.092022,77500
2011-01-10,9.920000,9.920000,9.810000,9.900000,6.073619,98800
2011-01-11,9.950000,9.950000,9.850000,9.880000,6.061347,101600
2011-01-12,10.110000,10.110000,9.960000,10.030000,6.153371,422400
2011-01-13,10.040000,10.050000,9.980000,10.000000,6.134967,129200
2011-01-14,10.000000,10.060000,9.960000,10.000000,6.134967,92000
2011-01-18,9.980000,10.030000,9.810000,9.850000,6.042943,119300
2011-01-19,9.850000,9.890000,9.750000,9.780000,5.999999,132900
2011-01-20,9.770000,9.840000,9.750000,9.750000,5.981592,101200
2011-01-21,9.810000,9.840000,9.620000,9.650000,5.920241,234100
2011-01-24,9.670000,9.850000,9.670000,9.830000,6.030672,76300
2011-01-25,9.810000,9.970000,9.740000,9.900000,6.073619,150100
2011-01-26,9.880000,9.910000,9.810000,9.880000,6.061347,85700
2011-01-27,9.860000,9.950000,9.830000,9.920000,6.085888,100100
2011-01-28,9.890000,9.900000,9.720000,9.750000,5.981592,220800
2011-01-31,9.800000,9.900000,9.780000,9.800000,6.012267,114500
2011-02-01,9.810000,9.910000,9.720000,9.910000,6.079752,185900
2011-02-02,9.870000,9.960000,9.870000,9.930000,6.092022,132300
2011-02-03,9.900000,9.960000,9.900000,9.940000,6.098156,75800
2011-02-04,9.910000,9.950000,9.810000,9.940000,6.098156,158200
2011-02-07,9.930000,10.030000,9.880000,10.000000,6.134967,148300
2011-02-08,10.000000,10.020000,9.920000,10.020000,6.147236,129100
2011-02-09,9.960000,10.020000,9.960000,10.010000,6.141102,124400
2011-02-10,10.000000,10.210000,10.000000,10.080000,6.184046,283800
2011-02-11,10.080000,10.210000,10.010000,10.200000,6.257668,204100
2011-02-14,10.200000,10.300000,10.150000,10.250000,6.288342,161000
2011-02-15,10.260000,10.300000,10.210000,10.280000,6.306745,191800
2011-02-16,10.330000,10.340000,10.260000,10.300000,6.319015,121700
2011-02-17,10.300000,10.400000,10.260000,10.360000,6.355827,157000
2011-02-18,10.430000,10.450000,10.310000,10.450000,6.411039,283900
2011-02-22,10.440000,10.500000,10.390000,10.440000,6.404903,388900
2011-02-23,10.460000,10.760000,10.460000,10.650000,6.533740,447000
2011-02-24,10.750000,10.960000,10.720000,10.830000,6.644168,382900
2011-02-25,10.950000,10.960000,10.870000,10.940000,6.711652,370300
2011-02-28,11.150000,11.180000,10.980000,11.010000,6.754598,376100
2011-03-01,11.070000,11.120000,10.890000,10.890000,6.680979,771400
2011-03-02,10.940000,10.940000,10.590000,10.590000,6.496930,372100
2011-03-03,10.730000,10.940000,10.730000,10.900000,6.687114,368100
2011-03-04,10.950000,11.220000,10.830000,10.890000,6.680979,186500
2011-03-07,10.950000,10.980000,10.700000,10.750000,6.595090,144000
2011-03-08,10.770000,10.950000,10.740000,10.870000,6.668708,244600
2011-03-09,10.900000,11.070000,10.850000,11.040000,6.773008,453600
2011-03-10,10.990000,11.030000,10.850000,10.880000,6.674846,234100
2011-03-11,10.800000,11.010000,10.760000,11.010000,6.804632,259600
2011-03-14,10.950000,11.150000,10.930000,11.040000,6.823176,231400
2011-03-15,10.950000,11.110000,10.900000,11.070000,6.841713,284400
2011-03-16,11.090000,11.100000,10.940000,11.070000,6.841713,303200
2011-03-17,11.210000,11.250000,10.970000,10.990000,6.792272,512300
2011-03-18,11.110000,11.250000,11.040000,11.100000,6.860255,955100
2011-03-21,11.220000,11.300000,11.090000,11.160000,6.897340,433300
2011-03-22,11.250000,11.250000,11.070000,11.070000,6.841713,163000
2011-03-23,11.150000,11.150000,10.900000,11.000000,6.798453,294500
2011-03-24,11.010000,11.010000,10.900000,10.930000,6.755191,240600
2011-03-25,10.940000,11.010000,10.890000,10.900000,6.736647,177700
2011-03-28,10.930000,10.930000,10.800000,10.820000,6.687204,162200
2011-03-29,10.800000,10.860000,10.690000,10.800000,6.674845,141900
2011-03-30,10.860000,10.930000,10.710000,10.900000,6.736647,247800
2011-03-31,10.760000,10.940000,10.700000,10.940000,6.761371,413900
2011-04-01,10.940000,10.990000,10.880000,10.900000,6.736647,127000
2011-04-04,10.980000,10.980000,10.770000,10.780000,6.662483,85000
2011-04-05,10.770000,10.800000,10.670000,10.710000,6.619222,176300
2011-04-06,10.730000,10.860000,10.730000,10.820000,6.687204,88100
2011-04-07,10.800000,10.840000,10.570000,10.660000,6.588318,141500
2011-04-08,10.740000,10.800000,10.500000,10.500000,6.489433,176000
2011-04-11,10.510000,10.650000,10.380000,10.380000,6.415266,267800
2011-04-12,10.380000,10.560000,10.320000,10.320000,6.378185,127100
2011-04-13,10.410000,10.500000,10.330000,10.390000,6.421449,128700
2011-04-14,10.330000,10.450000,10.300000,10.420000,6.439988,88200
2011-04-15,10.380000,10.520000,10.300000,10.520000,6.501794,116200
2011-04-18,10.460000,10.460000,10.400000,10.420000,6.439988,100700
2011-04-19,10.470000,10.490000,10.370000,10.420000,6.439988,111400
2011-04-20,10.520000,10.590000,10.440000,10.550000,6.520333,164800
2011-04-21,10.620000,10.670000,10.510000,10.660000,6.588318,98900
2011-04-25,10.680000,10.830000,10.680000,10.740000,6.637762,91900
2011-04-26,10.780000,10.950000,10.720000,10.900000,6.736647,135500
2011-04-27,10.930000,11.720000,10.800000,11.240000,6.946783,964800
2011-04-28,11.580000,11.600000,11.250000,11.290000,6.977686,491600
2011-04-29,11.400000,11.440000,11.250000,11.290000,6.977686,319000
2011-05-02,11.390000,11.390000,11.120000,11.130000,6.878798,245300
2011-05-03,11.200000,11.280000,11.000000,11.050000,6.829357,285900
2011-05-04,11.320000,11.320000,11.000000,11.010000,6.804632,377000
2011-05-05,11.010000,11.170000,10.900000,10.910000,6.742827,230400
2011-05-06,11.010000,11.130000,10.800000,10.870000,6.718107,313300
2011-05-09,10.900000,10.930000,10.800000,10.910000,6.742827,220900
2011-05-10,11.000000,11.100000,10.930000,10.960000,6.773733,259100
2011-05-11,11.000000,11.030000,10.660000,10.750000,6.643941,514000
2011-05-12,10.760000,10.930000,10.690000,10.710000,6.619222,350000
2011-05-13,10.710000,10.880000,10.520000,10.540000,6.514155,277900
2011-05-16,10.570000,10.680000,10.540000,10.540000,6.514155,322200
2011-05-17,10.520000,10.690000,10.520000,10.580000,6.538874,163000
2011-05-18,10.650000,10.940000,10.590000,10.930000,6.755191,359400
2011-05-19,10.980000,11.000000,10.810000,10.990000,6.792272,129500
2011-05-20,10.940000,10.960000,10.750000,10.760000,6.650123,151700
2011-05-23,10.710000,10.750000,10.560000,10.660000,6.588318,183600
2011-05-24,10.720000,10.820000,10.570000,10.600000,6.551238,189000
2011-05-25,10.600000,10.780000,10.520000,10.700000,6.613041,418300
2011-05-26,10.620000,10.810000,10.510000,10.800000,6.731465,283600
2011-05-27,10.860000,10.860000,10.650000,10.810000,6.737698,712900
2011-05-31,10.910000,10.970000,10.750000,10.960000,6.831190,273300
2011-06-01,10.860000,10.900000,10.610000,10.660000,6.644204,281100
2011-06-02,10.700000,10.810000,10.650000,10.740000,6.694068,63700
2011-06-03,10.660000,10.780000,10.620000,10.660000,6.644204,152800
2011-06-06,10.630000,10.750000,10.610000,10.660000,6.644204,131300
2011-06-07,10.700000,10.850000,10.640000,10.690000,6.662899,85200
2011-06-08,10.650000,10.820000,10.630000,10.660000,6.644204,105800
2011-06-09,10.650000,10.780000,10.620000,10.670000,6.650440,114200
2011-06-10,10.620000,10.660000,10.420000,10.530000,6.563177,272100
2011-06-13,10.540000,10.580000,10.420000,10.500000,6.544478,167400
2011-06-14,10.560000,10.720000,10.520000,10.720000,6.681602,123700
2011-06-15,10.630000,10.680000,10.460000,10.540000,6.569411,146500
2011-06-16,10.530000,10.720000,10.530000,10.580000,6.594340,197900
2011-06-17,10.620000,10.680000,10.490000,10.650000,6.637971,374900
2011-06-20,10.600000,10.750000,10.580000,10.700000,6.669137,80900
2011-06-21,10.770000,10.770000,10.670000,10.750000,6.700300,170300
2011-06-22,10.730000,10.790000,10.650000,10.710000,6.675367,151400
2011-06-23,10.600000,10.760000,10.520000,10.660000,6.644204,138800
2011-06-24,10.700000,10.710000,10.590000,10.620000,6.619271,251500
2011-06-27,10.660000,10.750000,10.630000,10.730000,6.687835,125000
2011-06-28,10.740000,10.760000,10.650000,10.740000,6.694068,104300
2011-06-29,10.770000,10.790000,10.690000,10.780000,6.719001,78000
2011-06-30,10.760000,10.780000,10.700000,10.760000,6.706534,80000
2011-07-01,10.780000,10.880000,10.750000,10.850000,6.762628,171200
2011-07-05,10.890000,11.020000,10.890000,11.000000,6.856122,194600
2011-07-06,11.000000,11.080000,10.940000,11.060000,6.893517,151900
2011-07-07,11.090000,11.200000,11.060000,11.190000,6.974546,154200
2011-07-08,11.120000,11.170000,11.070000,11.110000,6.924680,139900
2011-07-11,11.050000,11.080000,10.960000,10.970000,6.837421,113400
2011-07-12,10.960000,11.150000,10.960000,11.050000,6.887287,122300
2011-07-13,11.050000,11.190000,11.000000,11.070000,6.899749,91500
2011-07-14,11.100000,11.100000,10.860000,10.940000,6.818726,184200
2011-07-15,10.940000,11.030000,10.920000,10.970000,6.837421,124000
2011-07-18,10.970000,11.000000,10.880000,10.960000,6.831190,87300
2011-07-19,11.050000,11.150000,11.050000,11.060000,6.893517,217400
2011-07-20,11.100000,11.200000,11.020000,11.170000,6.962080,78600
2011-07-21,11.210000,11.300000,11.180000,11.210000,6.987013,203000
2011-07-22,11.240000,11.280000,11.200000,11.260000,7.018173,135100
2011-07-25,11.170000,11.280000,11.130000,11.230000,6.999474,138200
2011-07-26,11.260000,11.270000,11.130000,11.210000,6.987013,81000
2011-07-27,11.200000,11.240000,10.980000,10.990000,6.849888,254900
2011-07-28,11.000000,11.210000,11.000000,11.140000,6.943380,151000
2011-07-29,11.040000,11.190000,11.040000,11.120000,6.930916,120400
2011-08-01,11.300000,11.340000,11.060000,11.140000,6.943380,184100
2011-08-02,11.110000,11.180000,10.980000,10.990000,6.849888,344000
2011-08-03,11.000000,11.160000,10.850000,11.140000,6.943380,269400
2011-08-04,11.050000,11.130000,10.860000,10.860000,6.768860,336900
2011-08-05,10.920000,11.040000,10.750000,10.800000,6.731465,445800
2011-08-08,10.600000,10.800000,10.320000,10.340000,6.444754,1022600
2011-08-09,10.500000,10.750000,10.210000,10.750000,6.700300,523200
2011-08-10,10.690000,10.770000,10.420000,10.450000,6.513314,322700
2011-08-11,10.530000,10.750000,10.420000,10.700000,6.669137,307400
2011-08-12,10.740000,10.850000,10.620000,10.810000,6.737698,270200
2011-08-15,10.880000,11.080000,10.800000,11.030000,6.874820,281400
2011-08-16,10.950000,11.110000,10.820000,11.060000,6.893517,433100
2011-08-17,11.120000,11.150000,10.930000,11.130000,6.937148,115300
2011-08-18,10.920000,11.060000,10.850000,10.950000,6.824956,326900
2011-08-19,10.850000,11.130000,10.800000,11.000000,6.856122,371000
2011-08-22,11.170000,11.170000,10.870000,11.000000,6.856122,214000
2011-08-23,11.000000,11.150000,10.930000,11.150000,6.949614,216700
2011-08-24,11.090000,11.200000,11.090000,11.200000,6.980778,177400
2011-08-25,11.250000,11.250000,10.900000,10.900000,6.793793,153400
2011-08-26,10.880000,11.020000,10.750000,11.010000,6.862352,248600
2011-08-29,11.030000,11.230000,10.930000,11.180000,7.032184,204800
2011-08-30,11.120000,11.220000,10.970000,11.180000,7.032184,187900
2011-08-31,11.220000,11.270000,11.110000,11.190000,7.038474,193600
2011-09-01,11.200000,11.220000,11.000000,11.020000,6.931542,182800
2011-09-02,10.850000,11.040000,10.850000,10.870000,6.837194,253700
2011-09-06,10.710000,11.080000,10.700000,11.000000,6.918964,184900
2011-09-07,11.050000,11.300000,11.020000,11.250000,7.076213,319900
2011-09-08,11.220000,11.380000,11.210000,11.250000,7.076213,339100
2011-09-09,11.170000,11.190000,11.020000,11.040000,6.944126,180800
2011-09-12,10.950000,11.190000,10.900000,11.060000,6.956705,150100
2011-09-13,11.110000,11.110000,10.920000,11.070000,6.962994,242000
2011-09-14,11.150000,11.250000,11.010000,11.160000,7.019604,177200
2011-09-15,11.250000,11.280000,11.120000,11.280000,7.095082,169000
2011-09-16,11.300000,11.300000,11.120000,11.280000,7.095082,439500
2011-09-19,11.100000,11.300000,11.090000,11.200000,7.044764,258300
2011-09-20,11.240000,11.330000,11.120000,11.130000,7.000732,341000
2011-09-21,11.170000,11.200000,11.050000,11.100000,6.981864,203000
2011-09-22,10.990000,11.210000,10.960000,11.050000,6.950414,467500
2011-09-23,11.030000,11.150000,11.000000,11.130000,7.000732,206400
2011-09-26,11.230000,11.230000,11.070000,11.210000,7.051055,188800
2011-09-27,11.330000,11.350000,11.230000,11.290000,7.101373,434200
2011-09-28,11.280000,11.350000,11.080000,11.080000,6.969283,289500
2011-09-29,11.240000,11.260000,11.040000,11.200000,7.044764,167900
2011-09-30,11.070000,11.260000,11.000000,11.080000,6.969283,262300
2011-10-03,11.050000,11.210000,10.750000,10.800000,6.793164,463300
2011-10-04,10.750000,10.810000,10.450000,10.770000,6.774295,771400
2011-10-05,10.780000,10.790000,10.460000,10.710000,6.736554,374100
2011-10-06,10.700000,10.800000,10.620000,10.750000,6.761713,203200
2011-10-07,10.770000,10.790000,10.470000,10.530000,6.623334,213000
2011-10-10,10.670000,10.810000,10.650000,10.800000,6.793164,254500
2011-10-11,10.800000,10.930000,10.740000,10.870000,6.837194,159000
2011-10-12,10.960000,10.960000,10.870000,10.940000,6.881226,204500
2011-10-13,10.920000,10.940000,10.770000,10.890000,6.849775,113200
2011-10-14,10.990000,10.990000,10.860000,10.940000,6.881226,143800
2011-10-17,10.910000,10.950000,10.720000,10.740000,6.755424,173900
2011-10-18,10.790000,11.020000,10.670000,11.020000,6.931542,181200
2011-10-19,11.020000,11.100000,10.750000,10.780000,6.780585,164900
2011-10-20,10.780000,10.950000,10.710000,10.930000,6.874936,126400
2011-10-21,11.050000,11.050000,10.830000,10.900000,6.856061,124900
2011-10-24,10.970000,11.100000,10.960000,11.070000,6.962994,163400
2011-10-25,11.010000,11.120000,11.000000,11.050000,6.950414,228400
2011-10-26,11.120000,11.130000,11.000000,11.120000,6.994443,173300
2011-10-27,11.130000,11.270000,11.080000,11.260000,7.082505,354200
2011-10-28,11.240000,11.370000,11.200000,11.310000,7.113955,316400
2011-10-31,11.210000,11.420000,11.210000,11.370000,7.151691,245400
2011-11-01,11.410000,11.470000,11.350000,11.460000,7.208304,284000
2011-11-02,11.410000,11.470000,11.320000,11.460000,7.208304,218100
2011-11-03,11.500000,11.500000,11.320000,11.430000,7.189433,227500
2011-11-04,11.370000,11.480000,11.310000,11.450000,7.202011,140200
2011-11-07,11.500000,11.500000,11.360000,11.460000,7.208304,233600
2011-11-08,11.560000,11.750000,11.390000,11.620000,7.308941,218500
2011-11-09,11.410000,11.460000,11.250000,11.250000,7.150051,229600
2011-11-10,11.370000,11.420000,11.260000,11.380000,7.232673,178600
2011-11-11,11.500000,11.500000,11.430000,11.450000,7.277166,348000
2011-11-14,11.440000,11.450000,11.330000,11.380000,7.232673,275700
2011-11-15,11.370000,11.600000,11.370000,11.500000,7.308940,219800
2011-11-16,11.450000,11.610000,11.410000,11.530000,7.328008,253000
2011-11-17,11.540000,11.680000,11.480000,11.610000,7.378852,434500
2011-11-18,11.610000,11.670000,11.590000,11.640000,7.397920,398100
2011-11-21,11.620000,11.630000,11.440000,11.520000,7.321652,247800
2011-11-22,11.560000,11.720000,11.420000,11.430000,7.264453,160300
2011-11-23,11.410000,11.640000,11.410000,11.420000,7.258096,271300
2011-11-25,11.410000,11.480000,11.400000,11.410000,7.251742,98100
2011-11-28,11.550000,11.640000,11.530000,11.630000,7.391564,253200
2011-11-29,11.620000,11.620000,11.500000,11.580000,7.359787,152300
2011-11-30,11.750000,11.860000,11.650000,11.780000,7.486898,497800
2011-12-01,11.440000,11.490000,11.110000,11.170000,7.099207,872900
2011-12-02,11.200000,11.290000,11.050000,11.160000,7.092854,3417600
2011-12-05,11.170000,11.270000,11.100000,11.170000,7.099207,469600
2011-12-06,11.120000,11.310000,11.070000,11.220000,7.130983,464900
2011-12-07,11.340000,11.340000,11.120000,11.230000,7.137339,366900
2011-12-08,11.200000,11.200000,11.010000,11.060000,7.029296,343800
2011-12-09,11.260000,11.340000,11.150000,11.300000,7.181830,788300
2011-12-12,11.350000,11.350000,11.220000,11.290000,7.175474,507500
2011-12-13,11.350000,11.390000,11.260000,11.290000,7.175474,533400
2011-12-14,11.300000,11.420000,11.300000,11.410000,7.251742,585500
2011-12-15,11.470000,11.500000,11.350000,11.470000,7.289876,392900
2011-12-16,11.500000,11.580000,11.400000,11.550000,7.340719,2107300
2011-12-19,11.600000,11.600000,11.500000,11.500000,7.308940,408300
2011-12-20,11.600000,11.700000,11.540000,11.670000,7.416988,455700
2011-12-21,11.700000,11.850000,11.650000,11.830000,7.518678,600900
2011-12-22,11.890000,11.930000,11.820000,11.830000,7.518678,275800
2011-12-23,11.890000,11.890000,11.800000,11.820000,7.512321,132500
2011-12-27,11.850000,11.850000,11.730000,11.820000,7.512321,153000
2011-12-28,11.840000,11.900000,11.680000,11.720000,7.448767,147800
2011-12-29,11.780000,11.850000,11.760000,11.810000,7.505965,159200
2011-12-30,11.770000,11.870000,11.700000,11.840000,7.525033,189400
2012-01-03,11.940000,11.950000,11.700000,11.820000,7.512321,379800
2012-01-04,11.800000,11.890000,11.750000,11.820000,7.512321,262000
2012-01-05,11.750000,11.920000,11.710000,11.890000,7.556810,229500
2012-01-06,11.910000,11.940000,11.750000,11.790000,7.493252,201000
2012-01-09,11.840000,11.840000,11.640000,11.670000,7.416988,224200
2012-01-10,11.780000,11.830000,11.690000,11.760000,7.474189,242200
2012-01-11,11.720000,11.870000,11.690000,11.780000,7.486898,275800
2012-01-12,11.780000,11.820000,11.650000,11.760000,7.474189,317200
2012-01-13,11.700000,11.760000,11.660000,11.720000,7.448767,187100
2012-01-17,11.750000,11.840000,11.650000,11.670000,7.416988,200000
2012-01-18,11.680000,11.770000,11.640000,11.770000,7.480544,178500
2012-01-19,11.790000,11.790000,11.650000,11.700000,7.436052,232500
2012-01-20,11.670000,11.800000,11.670000,11.750000,7.467832,237900
2012-01-23,11.790000,11.850000,11.550000,11.630000,7.391564,218300
2012-01-24,11.560000,11.860000,11.560000,11.850000,7.531387,367700
2012-01-25,11.840000,11.880000,11.730000,11.870000,7.544099,209700
2012-01-26,11.870000,11.990000,11.800000,11.930000,7.582232,435100
2012-01-27,11.870000,11.900000,11.780000,11.820000,7.512321,167800
2012-01-30,11.780000,11.850000,11.750000,11.790000,7.493252,168300
2012-01-31,11.800000,11.860000,11.750000,11.860000,7.537742,192200
2012-02-01,11.900000,12.000000,11.880000,11.980000,7.614010,395100
2012-02-02,11.900000,11.910000,11.800000,11.890000,7.556810,592200
2012-02-03,11.950000,12.010000,11.900000,12.000000,7.626724,530500
2012-02-06,12.000000,12.000000,11.940000,11.960000,7.601303,373300
2012-02-07,11.920000,11.990000,11.910000,11.970000,7.607656,239600
2012-02-08,11.990000,12.050000,11.950000,11.990000,7.620367,163800
2012-02-09,12.000000,12.000000,11.950000,11.960000,7.601303,351600
2012-02-10,11.930000,12.040000,11.900000,12.020000,7.639434,189500
2012-02-13,12.060000,12.100000,12.010000,12.100000,7.690278,161500
2012-02-14,12.000000,12.020000,11.910000,11.970000,7.607656,258600
2012-02-15,12.040000,12.090000,11.920000,11.960000,7.601303,362300
2012-02-16,11.990000,12.000000,11.950000,12.000000,7.626724,184500
2012-02-17,12.000000,12.000000,11.920000,12.000000,7.626724,315100
2012-02-21,12.000000,12.090000,11.950000,11.980000,7.614010,357100
2012-02-22,11.970000,12.000000,11.890000,11.890000,7.556810,353700
2012-02-23,12.050000,12.050000,11.770000,11.790000,7.493252,220300
2012-02-24,11.800000,11.900000,11.710000,11.870000,7.544099,288500
2012-02-27,11.730000,11.750000,11.610000,11.720000,7.524838,211600
2012-02-28,11.730000,11.780000,11.650000,11.670000,7.492734,324100
2012-02-29,11.640000,11.750000,11.630000,11.650000,7.479896,565300
2012-03-01,11.660000,11.760000,11.530000,11.540000,7.409268,235400
2012-03-02,11.570000,11.740000,11.550000,11.690000,7.505577,579600
2012-03-05,11.800000,11.870000,11.740000,11.780000,7.563361,445400
2012-03-06,11.800000,11.840000,11.740000,11.820000,7.589043,291500
2012-03-07,11.850000,11.920000,11.750000,11.900000,7.640408,400600
2012-03-08,11.940000,11.970000,11.820000,11.870000,7.621146,271000
2012-03-09,11.860000,11.950000,11.810000,11.940000,7.666089,325300
2012-03-12,11.990000,12.010000,11.940000,11.980000,7.691770,242700
2012-03-13,12.050000,12.050000,11.940000,12.000000,7.704611,370600
2012-03-14,12.000000,12.010000,11.900000,11.920000,7.653244,182200
2012-03-15,11.970000,12.170000,11.870000,12.030000,7.723876,538600
2012-03-16,12.040000,12.180000,12.000000,12.090000,7.762396,732200
2012-03-19,12.100000,12.100000,12.040000,12.060000,7.743133,357300
2012-03-20,11.990000,12.060000,11.980000,12.010000,7.711031,312200
2012-03-21,12.060000,12.090000,11.950000,12.010000,7.711031,224100
2012-03-22,11.970000,12.050000,11.920000,12.020000,7.717453,182000
2012-03-23,12.000000,12.080000,11.970000,12.080000,7.755975,149600
2012-03-26,12.100000,12.120000,11.990000,12.010000,7.711031,254500
2012-03-27,12.040000,12.070000,12.010000,12.030000,7.723876,180100
2012-03-28,12.040000,12.050000,11.990000,12.000000,7.704611,174100
2012-03-29,12.060000,12.150000,11.950000,12.040000,7.730294,304300
2012-03-30,12.070000,12.100000,12.000000,12.040000,7.730294,311900
2012-04-02,12.100000,12.100000,12.020000,12.060000,7.743133,409800
2012-04-03,12.060000,12.100000,11.980000,12.000000,7.704611,435800
2012-04-04,11.970000,12.060000,11.970000,11.990000,7.698190,238100
2012-04-05,12.010000,12.060000,11.970000,12.050000,7.736713,235500
2012-04-09,12.010000,12.040000,11.990000,12.000000,7.704611,296300
2012-04-10,12.010000,12.050000,11.870000,11.880000,7.627563,751600
2012-04-11,11.940000,12.040000,11.890000,12.000000,7.704611,551900
2012-04-12,11.950000,12.050000,11.950000,12.000000,7.704611,411000
2012-04-13,12.010000,12.050000,11.930000,12.020000,7.717453,177000
2012-04-16,12.050000,12.050000,12.000000,12.010000,7.711031,107900
2012-04-17,12.010000,12.140000,12.000000,12.110000,7.775239,378000
2012-04-18,12.070000,12.110000,12.040000,12.060000,7.743133,240000
2012-04-19,12.070000,12.070000,11.820000,11.850000,7.608306,295200
2012-04-20,11.960000,12.050000,11.860000,12.010000,7.711031,187200
2012-04-23,11.930000,12.020000,11.810000,12.010000,7.711031,374500
2012-04-24,11.990000,12.070000,11.990000,12.060000,7.743133,136200
2012-04-25,12.100000,12.140000,12.070000,12.110000,7.775239,258700
2012-04-26,12.070000,12.150000,12.020000,12.140000,7.794500,219500
2012-04-27,12.120000,12.210000,12.070000,12.200000,7.833021,194000
2012-04-30,12.200000,12.200000,12.100000,12.150000,7.800921,129800
2012-05-01,12.130000,12.250000,12.100000,12.110000,7.775239,329700
2012-05-02,12.120000,12.410000,12.100000,12.390000,7.955012,588800
2012-05-03,12.470000,12.470000,12.230000,12.380000,7.948592,337500
2012-05-04,12.400000,12.520000,12.350000,12.500000,8.025636,484100
2012-05-07,12.520000,12.570000,12.450000,12.530000,8.044898,320600
2012-05-08,12.490000,12.620000,12.460000,12.600000,8.089847,386800
2012-05-09,12.540000,12.650000,12.520000,12.550000,8.057740,351800
2012-05-10,12.570000,12.800000,12.300000,12.360000,7.935750,243000
2012-05-11,12.320000,12.510000,12.310000,12.450000,7.993535,274900
2012-05-14,12.280000,12.440000,12.220000,12.220000,7.928653,257000
2012-05-15,12.210000,12.300000,12.200000,12.250000,7.948117,243000
2012-05-16,12.250000,12.400000,12.190000,12.250000,7.948117,345900
2012-05-17,12.250000,12.270000,11.900000,11.900000,7.721030,332700
2012-05-18,11.900000,12.090000,11.890000,12.030000,7.805377,562000
2012-05-21,12.030000,12.040000,12.000000,12.020000,7.798888,226300
2012-05-22,12.000000,12.060000,11.950000,12.030000,7.805377,257900
2012-05-23,11.970000,12.090000,11.930000,12.050000,7.818353,286100
2012-05-24,12.050000,12.120000,11.950000,12.080000,7.837817,156900
2012-05-25,12.060000,12.070000,12.000000,12.060000,7.824841,103600
2012-05-29,12.070000,12.160000,12.020000,12.120000,7.863769,201200
2012-05-30,12.110000,12.150000,11.950000,12.000000,7.785909,140900
2012-05-31,12.010000,12.040000,11.930000,12.020000,7.798888,298200
2012-06-01,11.960000,12.060000,11.920000,12.040000,7.811866,271100
2012-06-04,12.010000,12.090000,11.910000,12.040000,7.811866,399900
2012-06-05,12.000000,12.130000,11.990000,12.120000,7.863769,218500
2012-06-06,12.140000,12.200000,12.060000,12.150000,7.883238,259200
2012-06-07,12.200000,12.250000,12.040000,12.050000,7.818353,180900
2012-06-08,12.120000,12.180000,12.050000,12.180000,7.902698,212500
2012-06-11,12.200000,12.300000,11.960000,11.970000,7.766447,265200
2012-06-12,11.970000,12.070000,11.950000,12.000000,7.785909,175500
2012-06-13,12.010000,12.140000,11.920000,11.960000,7.759959,323900
2012-06-14,11.980000,12.190000,11.970000,12.180000,7.902698,189900
2012-06-15,12.140000,12.240000,12.090000,12.200000,7.915676,318800
2012-06-18,12.130000,12.320000,12.130000,12.150000,7.883238,203200
2012-06-19,12.130000,12.240000,12.120000,12.180000,7.902698,218200
2012-06-20,12.130000,12.210000,12.100000,12.130000,7.870258,215900
2012-06-21,12.090000,12.130000,11.950000,11.970000,7.766447,306300
2012-06-22,12.020000,12.050000,11.840000,11.880000,7.708052,651600
2012-06-25,11.850000,11.980000,11.820000,11.930000,7.740491,307900
2012-06-26,11.910000,11.940000,11.800000,11.870000,7.701561,596700
2012-06-27,11.900000,12.010000,11.830000,12.010000,7.792400,733400
2012-06-28,11.850000,11.970000,11.850000,11.950000,7.753468,205500
2012-06-29,12.050000,12.110000,12.000000,12.060000,7.824841,437800
2012-07-02,12.010000,12.220000,12.010000,12.200000,7.915676,664600
2012-07-03,12.220000,12.260000,12.210000,12.250000,7.948117,135600
2012-07-05,12.240000,12.290000,12.120000,12.150000,7.883238,143400
2012-07-06,12.050000,12.140000,12.050000,12.120000,7.863769,196700
2012-07-09,12.090000,12.150000,12.050000,12.140000,7.876746,291300
2012-07-10,12.150000,12.240000,12.110000,12.230000,7.935138,351900
2012-07-11,12.210000,12.250000,12.170000,12.180000,7.902698,115700
2012-07-12,12.210000,12.260000,12.120000,12.220000,7.928653,130400
2012-07-13,12.260000,12.360000,12.220000,12.330000,8.000022,352200
2012-07-16,12.360000,12.400000,12.300000,12.370000,8.025975,232000
2012-07-17,12.350000,12.390000,12.230000,12.370000,8.025975,191600
2012-07-18,12.320000,12.460000,12.270000,12.430000,8.064906,222400
2012-07-19,12.350000,12.430000,12.300000,12.380000,8.032465,238600
2012-07-20,12.350000,12.440000,12.180000,12.280000,7.967580,182100
2012-07-23,12.150000,12.240000,12.150000,12.200000,7.915676,198500
2012-07-24,12.210000,12.220000,12.120000,12.120000,7.863769,151900
2012-07-25,12.180000,12.180000,12.060000,12.100000,7.850794,124100
2012-07-26,12.170000,12.220000,12.060000,12.100000,7.850794,174500
2012-07-27,12.100000,12.260000,12.100000,12.250000,7.948117,183200
2012-07-30,12.260000,12.390000,12.180000,12.370000,8.025975,160800
2012-07-31,12.400000,12.400000,12.160000,12.190000,7.909189,147900
2012-08-01,12.240000,12.330000,12.080000,12.110000,7.857282,232800
2012-08-02,12.140000,12.410000,12.140000,12.370000,8.025975,244300
2012-08-03,12.430000,12.440000,12.340000,12.350000,8.013002,184600
2012-08-06,12.300000,12.400000,12.300000,12.400000,8.045438,168600
2012-08-07,12.410000,12.450000,12.340000,12.360000,8.019490,122700
2012-08-08,12.320000,12.400000,12.270000,12.370000,8.025975,332000
2012-08-09,12.400000,12.420000,12.330000,12.370000,8.025975,229500
2012-08-10,12.330000,12.330000,12.230000,12.260000,8.045663,115500
2012-08-13,12.270000,12.410000,12.260000,12.380000,8.124415,268100
2012-08-14,12.370000,12.460000,12.370000,12.460000,8.176915,313100
2012-08-15,12.480000,12.520000,12.410000,12.520000,8.216289,178900
2012-08-16,12.520000,12.620000,12.450000,12.600000,8.268792,400800
2012-08-17,12.580000,12.620000,12.530000,12.600000,8.268792,233700
2012-08-20,12.570000,12.570000,12.480000,12.500000,8.203164,759600
2012-08-21,12.470000,12.650000,12.470000,12.590000,8.262228,298300
2012-08-22,12.610000,12.630000,12.550000,12.590000,8.262228,156500
2012-08-23,12.600000,12.630000,12.580000,12.580000,8.255666,170600
2012-08-24,12.560000,12.630000,12.510000,12.580000,8.255666,155600
2012-08-27,12.550000,12.600000,12.530000,12.570000,8.249102,76100
2012-08-28,12.550000,12.600000,12.520000,12.550000,8.235979,112900
2012-08-29,12.540000,12.610000,12.540000,12.600000,8.268792,152200
2012-08-30,12.560000,12.610000,12.530000,12.550000,8.235979,101100
2012-08-31,12.640000,12.660000,12.530000,12.570000,8.249102,209900
2012-09-04,12.600000,12.750000,12.520000,12.610000,8.275351,356000
2012-09-05,12.630000,12.630000,12.500000,12.590000,8.262228,1970000
2012-09-06,12.590000,12.650000,12.540000,12.590000,8.262228,205200
2012-09-07,12.660000,12.660000,12.520000,12.630000,8.288479,150900
2012-09-10,12.630000,12.660000,12.550000,12.590000,8.262228,125200
2012-09-11,12.580000,12.720000,12.580000,12.680000,8.321291,164800
2012-09-12,12.680000,12.750000,12.630000,12.690000,8.327853,178400
2012-09-13,12.700000,12.750000,12.660000,12.750000,8.367228,257500
2012-09-14,12.750000,12.770000,12.680000,12.710000,8.340978,264700
2012-09-17,12.660000,12.800000,12.660000,12.750000,8.367228,212000
2012-09-18,12.750000,12.800000,12.720000,12.740000,8.360665,138700
2012-09-19,12.740000,12.760000,12.710000,12.710000,8.340978,168300
2012-09-20,12.660000,12.770000,12.620000,12.660000,8.308167,159200
2012-09-21,12.770000,12.770000,12.640000,12.720000,8.347543,461700
2012-09-24,12.700000,12.750000,12.650000,12.690000,8.327853,149300
2012-09-25,12.710000,12.890000,12.700000,12.730000,8.354102,512900
2012-09-26,12.750000,12.830000,12.670000,12.710000,8.340978,242000
2012-09-27,12.690000,12.850000,12.680000,12.770000,8.380355,289200
2012-09-28,12.720000,12.960000,12.720000,12.870000,8.445979,534700
2012-10-01,12.850000,13.000000,12.810000,12.960000,8.505038,603900
2012-10-02,12.990000,12.990000,12.840000,12.930000,8.485355,426300
2012-10-03,12.920000,13.000000,12.900000,12.930000,8.485355,305100
2012-10-04,12.990000,13.000000,12.880000,12.950000,8.498480,246400
2012-10-05,12.940000,12.960000,12.850000,12.920000,8.478793,141200
2012-10-08,12.920000,12.940000,12.790000,12.910000,8.472229,106100
2012-10-09,12.960000,12.980000,12.810000,12.810000,8.406602,154300
2012-10-10,12.890000,12.890000,12.800000,12.820000,8.413167,87900
2012-10-11,12.860000,12.920000,12.800000,12.800000,8.400041,101600
2012-10-12,12.840000,12.880000,12.740000,12.740000,8.360665,125200
2012-10-15,12.730000,12.820000,12.670000,12.820000,8.413167,183900
2012-10-16,12.910000,12.990000,12.810000,12.960000,8.505038,204900
2012-10-17,12.990000,12.990000,12.860000,12.860000,8.439415,137100
2012-10-18,12.880000,12.990000,12.880000,12.940000,8.491917,174200
2012-10-19,12.910000,12.980000,12.780000,12.820000,8.413167,179300
2012-10-22,12.840000,12.860000,12.750000,12.860000,8.439415,130400
2012-10-23,12.850000,12.850000,12.610000,12.690000,8.327853,236300
2012-10-24,12.680000,12.800000,12.650000,12.790000,8.393477,80000
2012-10-25,12.870000,12.890000,12.610000,12.670000,8.314727,296100
2012-10-26,12.670000,12.700000,12.570000,12.600000,8.268792,149800
2012-10-31,12.640000,12.710000,12.530000,12.620000,8.281916,195400
2012-11-01,12.610000,12.890000,12.610000,12.750000,8.367228,236600
2012-11-02,12.730000,12.740000,12.570000,12.660000,8.308167,659900
2012-11-05,12.570000,12.780000,12.570000,12.750000,8.367228,393400
2012-11-06,12.770000,12.800000,12.680000,12.760000,8.373793,142300
2012-11-07,12.660000,12.770000,12.580000,12.640000,8.295040,552300
2012-11-08,12.610000,12.700000,12.530000,12.540000,8.229414,342100
2012-11-09,12.500000,12.500000,12.330000,12.400000,8.229413,205500
2012-11-12,12.410000,12.570000,12.330000,12.430000,8.249328,168000
2012-11-13,12.400000,12.490000,12.380000,12.380000,8.216144,147300
2012-11-14,12.430000,12.500000,12.260000,12.300000,8.163051,178300
2012-11-15,12.270000,12.340000,12.150000,12.250000,8.129869,194800
2012-11-16,12.220000,12.360000,12.140000,12.280000,8.149776,166200
2012-11-19,12.170000,12.430000,12.110000,12.320000,8.176322,272300
2012-11-20,12.270000,12.410000,12.230000,12.400000,8.229413,92400
2012-11-21,12.380000,12.450000,12.320000,12.320000,8.176322,85800
2012-11-23,12.360000,12.480000,12.340000,12.410000,8.236053,50000
2012-11-26,12.330000,12.480000,12.210000,12.430000,8.249328,134400
2012-11-27,12.440000,12.490000,12.290000,12.430000,8.249328,83700
2012-11-28,12.360000,12.430000,12.250000,12.430000,8.249328,110500
2012-11-29,12.510000,12.600000,12.500000,12.590000,8.355511,137400
2012-11-30,12.660000,12.710000,12.600000,12.690000,8.421875,319000
2012-12-03,12.680000,12.820000,12.680000,12.820000,8.508154,424900
2012-12-04,12.790000,12.890000,12.700000,12.860000,8.534697,584300
2012-12-05,12.860000,12.880000,12.750000,12.780000,8.481606,249000
2012-12-06,12.810000,12.830000,12.730000,12.810000,8.501514,229600
2012-12-07,12.800000,12.850000,12.780000,12.800000,8.494877,185000
2012-12-10,12.770000,12.850000,12.770000,12.840000,8.521427,277700
2012-12-11,12.900000,12.900000,12.830000,12.880000,8.547974,290300
2012-12-12,12.860000,12.870000,12.800000,12.860000,8.534697,320400
2012-12-13,12.690000,12.850000,12.600000,12.830000,8.514789,243800
2012-12-14,12.810000,12.860000,12.750000,12.860000,8.534697,168600
2012-12-17,12.860000,12.910000,12.810000,12.910000,8.567883,186400
2012-12-18,12.890000,12.920000,12.860000,12.920000,8.574518,224600
2012-12-19,12.890000,12.910000,12.840000,12.900000,8.561248,287700
2012-12-20,12.870000,12.900000,12.840000,12.900000,8.561248,245500
2012-12-21,12.890000,12.890000,12.750000,12.790000,8.488245,829800
2012-12-24,12.760000,12.900000,12.760000,12.810000,8.501514,93600
2012-12-26,12.790000,12.830000,12.750000,12.770000,8.474971,221700
2012-12-27,12.780000,12.920000,12.760000,12.900000,8.561248,211700
2012-12-28,12.850000,12.900000,12.780000,12.800000,8.494877,170900
2012-12-31,12.770000,12.870000,12.750000,12.850000,8.528064,342700
2013-01-02,12.900000,12.950000,12.870000,12.940000,8.587791,491600
2013-01-03,12.910000,12.960000,12.880000,12.890000,8.554608,252900
2013-01-04,12.900000,12.940000,12.840000,12.930000,8.581159,233300
2013-01-07,12.940000,12.940000,12.870000,12.940000,8.587791,204700
2013-01-08,12.970000,12.980000,12.910000,12.980000,8.614338,188800
2013-01-09,13.000000,13.000000,12.980000,13.000000,8.627614,152800
2013-01-10,13.000000,13.150000,12.990000,13.120000,8.707253,640200
2013-01-11,13.060000,13.120000,13.020000,13.120000,8.707253,343700
2013-01-14,13.150000,13.150000,13.080000,13.130000,8.713888,246700
2013-01-15,13.050000,13.150000,13.040000,13.140000,8.720525,242000
2013-01-16,13.150000,13.150000,13.090000,13.120000,8.707253,436500
2013-01-17,13.150000,13.150000,13.090000,13.150000,8.727163,183900
2013-01-18,13.140000,13.170000,13.090000,13.100000,8.693977,241700
2013-01-22,13.020000,13.180000,13.020000,13.150000,8.727163,195700
2013-01-23,13.150000,13.180000,13.120000,13.160000,8.733797,437900
2013-01-24,13.150000,13.170000,13.070000,13.090000,8.687344,223600
2013-01-25,13.180000,13.180000,13.080000,13.110000,8.700614,148200
2013-01-28,13.150000,13.160000,13.000000,13.160000,8.733797,267600
2013-01-29,13.140000,13.150000,13.120000,13.140000,8.720525,227300
2013-01-30,13.150000,13.160000,13.000000,13.030000,8.647522,290300
2013-01-31,13.030000,13.050000,13.000000,13.050000,8.660796,169500
2013-02-01,13.110000,13.130000,13.000000,13.050000,8.660796,245900
2013-02-04,13.030000,13.060000,12.880000,12.920000,8.574518,553900
2013-02-05,12.950000,12.990000,12.850000,12.920000,8.574518,415400
2013-02-06,12.900000,13.020000,12.800000,12.860000,8.534697,536900
2013-02-07,12.850000,12.880000,12.800000,12.810000,8.501514,369200
2013-02-08,12.850000,12.850000,12.790000,12.820000,8.508154,338500
2013-02-11,12.790000,12.850000,12.770000,12.810000,8.501514,234200
2013-02-12,12.870000,12.910000,12.810000,12.890000,8.554608,649100
2013-02-13,13.090000,13.200000,12.850000,12.890000,8.554608,464200
2013-02-14,12.890000,12.900000,12.860000,12.890000,8.554608,380100
2013-02-15,12.900000,12.910000,12.860000,12.900000,8.561248,629500
2013-02-19,12.870000,12.950000,12.860000,12.930000,8.581159,685000
2013-02-20,12.900000,12.930000,12.630000,12.700000,8.428515,408400
2013-02-21,12.680000,12.910000,12.660000,12.830000,8.514789,446500
2013-02-22,12.850000,12.870000,12.780000,12.850000,8.528064,579600
2013-02-25,12.850000,12.870000,12.750000,12.760000,8.468335,480300
2013-02-26,12.810000,12.850000,12.750000,12.830000,8.514789,716200
2013-02-27,12.860000,13.200000,12.840000,12.920000,8.574518,1207400
2013-02-28,12.960000,12.970000,12.910000,12.930000,8.581159,488400
2013-03-01,12.850000,13.020000,12.850000,13.000000,8.627614,1785900
2013-03-04,12.930000,13.100000,12.930000,13.080000,8.680703,618200
2013-03-05,13.090000,13.190000,13.070000,13.160000,8.733797,947800
2013-03-06,13.170000,13.300000,13.130000,13.290000,8.820076,901900
2013-03-07,13.270000,13.270000,13.040000,13.070000,8.674067,475700
2013-03-08,13.180000,13.200000,12.970000,13.110000,8.700614,310000
2013-03-11,13.090000,13.140000,13.070000,13.120000,8.707253,682000
2013-03-12,13.140000,13.170000,13.080000,13.120000,8.707253,238100
2013-03-13,13.020000,13.150000,13.020000,13.130000,8.814665,292000
2013-03-14,13.110000,13.230000,13.100000,13.180000,8.848231,553800
2013-03-15,13.240000,13.600000,13.160000,13.590000,9.123480,1694500
2013-03-18,13.540000,13.590000,13.320000,13.580000,9.116768,763400
2013-03-19,13.590000,13.700000,13.420000,13.490000,9.056347,393500
2013-03-20,13.550000,13.610000,13.520000,13.600000,9.130196,356200
2013-03-21,13.590000,13.760000,13.540000,13.670000,9.177191,546600
2013-03-22,13.720000,13.950000,13.700000,13.740000,9.224180,395900
2013-03-25,13.740000,13.790000,13.720000,13.740000,9.224180,472300
2013-03-26,13.820000,13.890000,13.750000,13.890000,9.324884,599200
2013-03-27,13.840000,13.990000,13.840000,13.940000,9.358448,695800
2013-03-28,13.970000,14.020000,13.910000,14.020000,9.412159,1134900
2013-04-01,13.960000,14.020000,13.810000,13.970000,9.378589,645500
2013-04-02,13.980000,14.000000,13.870000,13.950000,9.365163,952700
2013-04-03,13.930000,13.950000,13.800000,13.920000,9.345024,524600
2013-04-04,13.900000,14.050000,13.890000,14.010000,9.405444,606000
2013-04-05,13.880000,14.060000,13.870000,14.050000,9.432299,397600
2013-04-08,14.050000,14.160000,13.980000,14.160000,9.506144,328400
2013-04-09,14.220000,14.220000,14.040000,14.110000,9.472574,437800
2013-04-10,14.100000,14.120000,13.960000,13.990000,9.392016,309700
2013-04-11,14.020000,14.110000,13.900000,13.920000,9.345024,557000
2013-04-12,13.950000,14.280000,13.860000,14.250000,9.566566,623000
2013-04-15,14.310000,14.330000,13.870000,13.920000,9.345024,647700
2013-04-16,13.880000,14.290000,13.880000,14.110000,9.472574,751400
2013-04-17,14.080000,14.100000,13.910000,13.980000,9.385302,668300
2013-04-18,14.060000,14.070000,13.910000,14.050000,9.432299,352100
2013-04-19,14.050000,14.250000,14.010000,14.230000,9.553138,556500
2013-04-22,14.270000,14.270000,13.970000,14.220000,9.546425,481400
2013-04-23,14.300000,14.450000,14.230000,14.450000,9.700831,586100
2013-04-24,14.480000,14.630000,14.410000,14.630000,9.821673,576300
2013-04-25,14.630000,14.700000,14.560000,14.640000,9.828385,670100
2013-04-26,14.650000,14.690000,14.550000,14.580000,9.788108,577100
2013-04-29,14.660000,14.800000,14.520000,14.800000,9.935800,539400
2013-04-30,14.860000,14.860000,14.660000,14.810000,9.942511,1622300
2013-05-01,14.780000,14.810000,14.520000,14.580000,9.788108,1224000
2013-05-02,14.750000,14.750000,14.470000,14.670000,9.848525,444800
2013-05-03,15.000000,15.020000,14.680000,15.000000,10.070068,669500
2013-05-06,14.990000,15.360000,14.900000,15.310000,10.278182,608400
2013-05-07,15.410000,15.780000,15.320000,15.520000,10.419164,467700
2013-05-08,15.510000,15.630000,15.230000,15.350000,10.305032,409500
2013-05-09,15.420000,15.520000,15.250000,15.270000,10.251328,663400
2013-05-10,15.300000,15.330000,15.220000,15.280000,10.258039,354500
2013-05-13,15.310000,15.350000,15.180000,15.310000,10.278182,382900
2013-05-14,15.310000,15.580000,15.310000,15.450000,10.372168,472700
2013-05-15,15.410000,15.750000,15.380000,15.750000,10.573572,414900
2013-05-16,15.680000,15.760000,15.450000,15.530000,10.425877,383900
2013-05-17,15.530000,15.710000,15.530000,15.590000,10.466156,413700
2013-05-20,15.610000,15.660000,15.510000,15.620000,10.486296,416500
2013-05-21,15.610000,15.770000,15.590000,15.750000,10.573572,402600
2013-05-22,15.740000,15.790000,15.300000,15.390000,10.331889,499300
2013-05-23,15.300000,15.330000,15.100000,15.180000,10.190907,696500
2013-05-24,15.170000,15.170000,14.850000,14.990000,10.063354,312500
2013-05-28,15.180000,15.200000,14.700000,14.800000,9.935800,482700
2013-05-29,14.750000,14.780000,14.010000,14.150000,9.499427,812000
2013-05-30,14.190000,14.270000,14.110000,14.210000,9.539712,332300
2013-05-31,14.150000,14.200000,14.020000,14.050000,9.432299,1313500
2013-06-03,14.030000,14.330000,14.010000,14.220000,9.546425,669100
2013-06-04,14.250000,14.310000,14.120000,14.140000,9.492718,621300
2013-06-05,14.160000,14.240000,14.010000,14.090000,9.459150,496300
2013-06-06,14.070000,14.330000,14.030000,14.330000,9.620273,423100
2013-06-07,14.350000,14.590000,14.290000,14.410000,9.673981,432600
2013-06-10,14.450000,14.500000,14.310000,14.450000,9.700831,270800
2013-06-11,14.380000,14.460000,14.080000,14.100000,9.465862,245700
2013-06-12,14.000000,14.000000,13.600000,13.830000,9.384437,300800
2013-06-13,13.790000,14.110000,13.750000,14.050000,9.533722,531800
2013-06-14,14.080000,14.240000,13.960000,14.130000,9.588004,230400
2013-06-17,14.240000,14.410000,14.130000,14.190000,9.628714,296600
2013-06-18,14.250000,14.330000,14.060000,14.190000,9.628714,368300
2013-06-19,14.260000,14.260000,13.790000,13.860000,9.404794,252300
2013-06-20,13.570000,13.740000,13.130000,13.230000,8.977303,729600
2013-06-21,13.290000,13.540000,13.130000,13.280000,9.011229,1000400
2013-06-24,13.160000,13.200000,12.780000,13.040000,8.848376,568200
2013-06-25,13.110000,13.250000,12.970000,13.210000,8.963733,495100
2013-06-26,13.270000,13.390000,12.930000,13.310000,9.031586,539700
2013-06-27,13.390000,13.870000,13.350000,13.860000,9.404794,316700
2013-06-28,13.830000,13.990000,13.690000,13.900000,9.431935,893900
2013-07-01,13.930000,14.000000,13.470000,13.530000,9.180868,464800
2013-07-02,13.480000,13.620000,13.430000,13.620000,9.241942,451300
2013-07-03,13.550000,13.620000,13.480000,13.490000,9.153727,377900
2013-07-05,13.510000,13.630000,13.050000,13.430000,9.113014,433100
2013-07-08,13.420000,13.530000,13.290000,13.450000,9.126581,315800
2013-07-09,13.460000,13.640000,13.420000,13.620000,9.241942,214800
2013-07-10,13.650000,13.800000,13.570000,13.780000,9.350511,207100
2013-07-11,13.940000,14.110000,13.860000,14.070000,9.547291,473300
2013-07-12,14.090000,14.100000,13.960000,14.060000,9.540505,174100
2013-07-15,14.090000,14.140000,13.980000,14.120000,9.581218,150300
2013-07-16,14.100000,14.150000,13.990000,14.090000,9.560863,224300
2013-07-17,14.100000,14.190000,14.080000,14.090000,9.560863,176400
2013-07-18,14.120000,14.230000,14.010000,14.230000,9.655857,178000
2013-07-19,14.180000,14.210000,14.050000,14.060000,9.540505,191600
2013-07-22,14.000000,14.150000,13.950000,14.150000,9.601576,150600
2013-07-23,14.180000,14.180000,14.010000,14.130000,9.588004,163600
2013-07-24,14.160000,14.210000,13.690000,13.780000,9.350511,324900
2013-07-25,13.720000,14.090000,13.660000,14.080000,9.554076,266500
2013-07-26,14.020000,14.220000,13.960000,14.120000,9.581218,191300
2013-07-29,14.120000,14.170000,13.830000,13.970000,9.479434,236400
2013-07-30,14.040000,14.070000,13.810000,13.900000,9.431935,291000
2013-07-31,13.890000,13.890000,13.490000,13.700000,9.296224,349400
2013-08-01,13.710000,13.760000,13.360000,13.600000,9.228369,607100
2013-08-02,13.580000,13.730000,13.450000,13.650000,9.262299,378900
2013-08-05,13.650000,13.700000,13.410000,13.570000,9.208013,356900
2013-08-06,13.580000,13.710000,13.550000,13.710000,9.303009,338800
2013-08-07,13.690000,13.690000,13.570000,13.640000,9.255515,297700
2013-08-08,13.660000,13.870000,13.620000,13.860000,9.404794,273600
2013-08-09,13.870000,13.980000,13.790000,13.940000,9.459076,413100
2013-08-12,13.970000,14.030000,13.790000,14.000000,9.499792,797600
2013-08-13,14.050000,14.050000,13.650000,13.780000,9.350511,383400
2013-08-14,13.780000,13.840000,13.620000,13.780000,9.350511,430900
2013-08-15,13.650000,13.720000,13.440000,13.520000,9.174085,461700
2013-08-16,13.490000,13.620000,12.940000,13.100000,8.889090,782700
2013-08-19,13.060000,13.100000,12.710000,12.790000,8.678737,555100
2013-08-20,12.830000,13.110000,12.750000,13.080000,8.875520,723700
2013-08-21,13.030000,13.290000,12.810000,13.100000,8.889090,490300
2013-08-22,13.180000,13.320000,13.090000,13.260000,8.997661,211000
2013-08-23,13.250000,13.360000,13.170000,13.360000,9.065516,390100
2013-08-26,13.360000,13.480000,13.280000,13.290000,9.018017,314900
2013-08-27,13.210000,13.310000,13.070000,13.110000,8.895876,359900
2013-08-28,13.140000,13.210000,13.070000,13.090000,8.882306,309600
2013-08-29,13.040000,13.200000,12.830000,13.200000,8.956945,514700
2013-08-30,13.170000,13.320000,12.930000,12.940000,8.780521,1787300
2013-09-03,13.050000,13.050000,12.690000,12.820000,8.699096,574100
2013-09-04,12.880000,12.950000,12.770000,12.930000,8.773738,242600
2013-09-05,12.900000,12.980000,12.600000,12.630000,8.570168,439000
2013-09-06,12.720000,12.920000,12.670000,12.840000,8.712667,355300
2013-09-09,12.840000,13.130000,12.810000,13.120000,8.902663,391900
2013-09-10,13.250000,13.410000,13.170000,13.260000,8.997661,810300
2013-09-11,13.290000,13.460000,13.220000,13.280000,9.011229,459500
2013-09-12,13.190000,13.230000,13.060000,13.140000,9.018096,512400
2013-09-13,13.170000,13.430000,13.130000,13.360000,9.169083,680400
2013-09-16,13.530000,13.580000,13.380000,13.530000,9.285751,625900
2013-09-17,13.590000,13.740000,13.540000,13.680000,9.388702,349100
2013-09-18,13.710000,14.000000,13.500000,14.000000,9.608319,578400
2013-09-19,13.980000,14.030000,13.820000,13.830000,9.491644,376000
2013-09-20,13.830000,13.890000,13.690000,13.770000,9.450468,684000
2013-09-23,13.710000,13.890000,13.700000,13.830000,9.491644,350900
2013-09-24,13.860000,14.000000,13.810000,13.860000,9.512237,363300
2013-09-25,13.860000,14.000000,13.820000,13.970000,9.587729,359800
2013-09-26,14.000000,14.090000,13.850000,13.920000,9.553415,614200
2013-09-27,13.850000,13.960000,13.740000,13.790000,9.464197,262000
2013-09-30,13.710000,13.880000,13.680000,13.800000,9.471057,497900
2013-10-01,13.860000,14.100000,13.700000,14.020000,9.622046,443600
2013-10-02,13.980000,14.100000,13.890000,14.060000,9.649497,471100
2013-10-03,14.030000,14.060000,13.660000,13.690000,9.395561,497500
2013-10-04,13.660000,13.810000,13.620000,13.710000,9.409288,410800
2013-10-07,13.650000,13.890000,13.630000,13.700000,9.402425,321200
2013-10-08,13.780000,13.860000,13.600000,13.600000,9.333796,404200
2013-10-09,13.600000,13.800000,13.570000,13.630000,9.354388,450300
2013-10-10,13.750000,13.900000,13.650000,13.880000,9.525964,352000
2013-10-11,13.830000,14.150000,13.710000,14.100000,9.676950,248500
2013-10-14,14.040000,14.110000,13.940000,13.990000,9.601458,299600
2013-10-15,13.930000,14.040000,13.870000,13.910000,9.546551,393100
2013-10-16,14.020000,14.300000,13.980000,14.230000,9.766171,409200
2013-10-17,14.210000,14.410000,14.080000,14.390000,9.875978,406200
2013-10-18,14.480000,14.550000,14.360000,14.550000,9.985790,393800
2013-10-21,14.590000,14.740000,14.420000,14.600000,10.020105,352900
2013-10-22,14.600000,14.660000,14.430000,14.490000,9.944612,336600
2013-10-23,14.410000,14.610000,14.350000,14.550000,9.985790,696400
2013-10-24,14.640000,14.790000,14.610000,14.750000,10.123052,394400
2013-10-25,14.740000,14.780000,14.660000,14.710000,10.095601,334300
2013-10-28,14.730000,14.750000,14.550000,14.750000,10.123052,387600
2013-10-29,14.780000,14.810000,14.700000,14.770000,10.136780,556100
2013-10-30,14.810000,14.850000,14.660000,14.770000,10.136780,442100
2013-10-31,14.750000,14.950000,14.600000,14.830000,10.177955,608300
2013-11-01,14.810000,14.900000,14.510000,14.770000,10.136780,593000
2013-11-04,14.780000,14.790000,14.460000,14.660000,10.061284,625900
2013-11-05,14.640000,14.740000,14.590000,14.630000,10.040695,441000
2013-11-06,14.710000,14.870000,14.680000,14.730000,10.109329,241200
2013-11-07,14.820000,14.820000,14.520000,14.610000,10.026968,301600
2013-11-08,14.600000,14.620000,14.260000,14.440000,9.910295,333600
2013-11-11,14.410000,14.490000,14.090000,14.290000,9.807349,415800
2013-11-12,14.280000,14.410000,14.120000,14.400000,9.882841,265900
2013-11-13,14.350000,14.510000,14.150000,14.500000,9.951475,929000
2013-11-14,14.460000,14.700000,14.450000,14.620000,10.033831,249100
2013-11-15,14.630000,14.760000,14.620000,14.750000,10.123052,448300
2013-11-18,14.790000,14.850000,14.640000,14.700000,10.088736,258900
2013-11-19,14.830000,14.830000,14.540000,14.620000,10.033831,429900
2013-11-20,14.650000,14.820000,14.490000,14.530000,9.972062,256100
2013-11-21,14.610000,14.680000,14.530000,14.640000,10.047557,302200
2013-11-22,14.650000,14.660000,14.440000,14.550000,9.985790,413700
2013-11-25,14.540000,14.580000,14.410000,14.430000,9.903433,352300
2013-11-26,14.410000,14.520000,14.250000,14.510000,9.958337,747200
2013-11-27,14.580000,14.720000,14.400000,14.660000,10.061284,347400
2013-11-29,14.750000,14.810000,14.560000,14.570000,9.999516,194300
2013-12-02,14.600000,14.620000,14.350000,14.510000,9.958337,713500
2013-12-03,14.460000,14.700000,14.420000,14.690000,10.081872,582000
2013-12-04,14.600000,14.690000,14.430000,14.630000,10.040695,543600
2013-12-05,14.650000,14.700000,14.520000,14.660000,10.061284,350900
2013-12-06,14.750000,14.850000,14.610000,14.820000,10.171090,416600
2013-12-09,14.840000,15.070000,14.740000,15.070000,10.342669,918000
2013-12-10,15.090000,15.200000,14.900000,14.920000,10.239723,376400
2013-12-11,14.980000,14.980000,14.570000,14.610000,10.026968,408600
2013-12-12,14.430000,14.530000,14.330000,14.410000,9.992298,1016700
2013-12-13,14.490000,14.890000,14.320000,14.400000,9.985361,740500
2013-12-16,14.420000,14.530000,14.350000,14.500000,10.054707,329900
2013-12-17,14.540000,14.580000,14.390000,14.540000,10.082445,321300
2013-12-18,14.570000,14.850000,14.380000,14.850000,10.297403,407700
2013-12-19,14.820000,14.840000,14.640000,14.650000,10.158719,284400
2013-12-20,14.720000,15.000000,14.670000,14.990000,10.394484,1082200
2013-12-23,14.980000,15.030000,14.740000,15.000000,10.401420,575800
2013-12-24,14.980000,15.050000,14.900000,14.990000,10.394484,197000
2013-12-26,15.000000,15.120000,14.920000,14.990000,10.394484,428200
2013-12-27,15.050000,15.090000,14.750000,15.040000,10.429154,304700
2013-12-30,15.080000,15.080000,14.910000,14.920000,10.345943,307400
2013-12-31,14.900000,14.990000,14.710000,14.720000,10.207259,362000
2014-01-02,14.630000,14.700000,14.470000,14.560000,10.096311,431700
2014-01-03,14.570000,14.750000,14.550000,14.730000,10.214194,271800
2014-01-06,14.750000,14.800000,14.610000,14.660000,10.165652,443100
2014-01-07,14.670000,14.790000,14.600000,14.670000,10.172589,231100
2014-01-08,14.600000,14.690000,14.440000,14.540000,10.082445,334900
2014-01-09,14.590000,14.710000,14.420000,14.700000,10.193389,364700
2014-01-10,14.720000,14.750000,14.570000,14.690000,10.186457,350500
2014-01-13,14.650000,14.670000,14.420000,14.550000,10.089376,302900
2014-01-14,14.600000,14.710000,14.530000,14.670000,10.172589,220900
2014-01-15,14.660000,14.790000,14.580000,14.750000,10.228064,289500
2014-01-16,14.790000,14.870000,14.740000,14.800000,10.262732,315700
2014-01-17,14.730000,14.870000,14.710000,14.750000,10.228064,257000
2014-01-21,14.850000,14.880000,14.700000,14.800000,10.262732,267200
2014-01-22,14.820000,14.880000,14.730000,14.740000,10.221130,199500
2014-01-23,14.660000,14.790000,14.530000,14.630000,10.144851,334900
2014-01-24,14.540000,14.720000,14.350000,14.460000,10.026969,306600
2014-01-27,14.450000,14.530000,14.180000,14.190000,9.839740,406300
2014-01-28,14.170000,14.310000,14.010000,14.100000,9.777335,570700
2014-01-29,14.020000,14.160000,14.010000,14.100000,9.777335,306500
2014-01-30,14.160000,14.200000,14.020000,14.100000,9.777335,471500
2014-01-31,14.000000,14.470000,14.000000,14.460000,10.026969,420900
2014-02-03,14.420000,14.480000,14.010000,14.050000,9.742664,467400
2014-02-04,14.120000,14.410000,14.030000,14.260000,9.888282,465200
2014-02-05,14.180000,14.270000,14.020000,14.060000,9.749596,477400
2014-02-06,14.070000,14.250000,14.010000,14.070000,9.756533,248700
2014-02-07,14.100000,14.280000,14.100000,14.240000,9.874410,262100
2014-02-10,14.270000,14.350000,14.130000,14.290000,9.909081,259700
2014-02-11,14.250000,14.450000,14.170000,14.410000,9.992298,264900
2014-02-12,14.420000,14.500000,14.200000,14.360000,9.957625,331900
2014-02-13,14.270000,14.550000,14.200000,14.500000,10.054707,284700
2014-02-14,14.500000,14.610000,14.370000,14.610000,10.130981,201200
2014-02-18,14.680000,14.680000,14.470000,14.520000,10.068574,272600
2014-02-19,14.440000,14.630000,14.440000,14.580000,10.110178,305900
2014-02-20,14.600000,14.650000,14.450000,14.570000,10.103248,250100
2014-02-21,14.640000,14.670000,14.540000,14.580000,10.110178,284400
2014-02-24,14.660000,14.730000,14.530000,14.560000,10.096311,285400
2014-02-25,13.850000,14.780000,13.850000,14.730000,10.214194,418300
2014-02-26,14.780000,14.780000,14.610000,14.720000,10.207259,362300
2014-02-27,14.700000,14.800000,14.690000,14.780000,10.248864,324100
2014-02-28,14.830000,14.880000,14.710000,14.830000,10.283536,871700
2014-03-03,14.820000,14.830000,14.680000,14.800000,10.262732,318400
2014-03-04,14.930000,15.180000,14.870000,15.020000,10.415285,836500
2014-03-05,15.010000,15.050000,14.880000,14.980000,10.387548,268500
2014-03-06,14.980000,15.080000,14.780000,14.790000,10.255799,323900
2014-03-07,14.810000,14.970000,14.450000,14.520000,10.068574,513700
2014-03-10,14.530000,14.670000,14.360000,14.500000,10.054707,530000
2014-03-11,14.460000,15.010000,14.310000,14.830000,10.283536,1123600
2014-03-12,14.660000,14.950000,14.490000,14.540000,10.192407,493400
2014-03-13,14.590000,14.650000,14.400000,14.640000,10.262507,368900
2014-03-14,14.610000,14.770000,14.500000,14.760000,10.346626,428900
2014-03-17,14.810000,14.870000,14.600000,14.730000,10.325595,324000
2014-03-18,14.740000,14.850000,14.670000,14.830000,10.395697,307900
2014-03-19,14.870000,15.040000,14.520000,14.550000,10.199417,373000
2014-03-20,14.500000,14.610000,14.340000,14.520000,10.178390,225800
2014-03-21,14.530000,14.740000,14.530000,14.660000,10.276525,463200
2014-03-24,14.630000,14.630000,14.470000,14.490000,10.157359,256900
2014-03-25,14.570000,14.660000,14.490000,14.640000,10.262507,290500
2014-03-26,14.710000,14.780000,14.640000,14.670000,10.283537,405100
2014-03-27,14.630000,14.730000,14.540000,14.720000,10.318586,298700
2014-03-28,14.760000,14.960000,14.740000,14.800000,10.374664,326700
2014-03-31,14.820000,14.980000,14.720000,14.940000,10.472803,595800
2014-04-01,14.910000,15.020000,14.820000,15.010000,10.521873,342700
2014-04-02,15.010000,15.180000,14.880000,15.120000,10.598983,561500
2014-04-03,15.450000,15.500000,15.020000,15.090000,10.577950,447300
2014-04-04,15.170000,15.240000,15.090000,15.160000,10.627023,2026100
2014-04-07,15.150000,15.250000,15.070000,15.190000,10.648050,568700
2014-04-08,15.210000,15.330000,15.200000,15.300000,10.725163,1156300
2014-04-09,15.310000,15.450000,15.210000,15.350000,10.760208,591900
2014-04-10,15.390000,15.530000,15.320000,15.330000,10.746189,693600
2014-04-11,15.250000,15.420000,15.230000,15.300000,10.725163,626000
2014-04-14,15.390000,15.460000,15.190000,15.370000,10.774229,761800
2014-04-15,15.450000,15.660000,15.340000,15.600000,10.935458,1146800
2014-04-16,15.670000,15.770000,15.570000,15.760000,11.047617,816100
2014-04-17,15.700000,15.800000,15.700000,15.760000,11.047617,438800
2014-04-21,15.720000,15.790000,15.250000,15.740000,11.033596,264500
2014-04-22,15.770000,15.860000,15.690000,15.770000,11.054626,391600
2014-04-23,15.800000,15.840000,15.680000,15.730000,11.026584,543200
2014-04-24,15.790000,15.900000,15.660000,15.770000,11.054626,253000
2014-04-25,15.790000,15.900000,15.670000,15.700000,11.005555,706000
2014-04-28,15.780000,15.820000,15.660000,15.740000,11.033596,378300
2014-04-29,15.850000,15.930000,15.750000,15.790000,11.068645,416400
2014-04-30,15.820000,15.820000,15.540000,15.640000,10.963498,394000
2014-05-01,15.610000,15.700000,15.270000,15.460000,10.837317,797400
2014-05-02,15.470000,15.630000,15.420000,15.620000,10.949475,465500
2014-05-05,15.590000,15.610000,15.460000,15.590000,10.928448,181900
2014-05-06,15.590000,15.620000,15.380000,15.450000,10.830309,332000
2014-05-07,15.520000,15.710000,15.440000,15.700000,11.005555,281900
2014-05-08,16.110001,16.219999,15.910000,15.980000,11.201833,2265300
2014-05-09,15.860000,16.150000,15.810000,15.930000,11.166784,9294500
2014-05-12,15.930000,16.100000,15.820000,15.890000,11.138742,771800
2014-05-13,15.910000,16.030001,15.760000,15.810000,11.082664,590500
2014-05-14,15.850000,15.850000,15.660000,15.700000,11.005555,599300
2014-05-15,15.650000,15.740000,15.480000,15.660000,10.977516,561000
2014-05-16,15.630000,15.850000,15.630000,15.840000,11.103696,403000
2014-05-19,15.850000,15.900000,15.760000,15.820000,11.089676,326500
2014-05-20,15.840000,15.840000,15.560000,15.630000,10.956489,377100
2014-05-21,15.700000,15.760000,15.460000,15.550000,10.900409,584100
2014-05-22,15.630000,15.710000,15.570000,15.610000,10.942467,427500
2014-05-23,15.650000,15.810000,15.600000,15.760000,11.047617,273000
2014-05-27,15.870000,15.940000,15.750000,15.900000,11.145753,454000
2014-05-28,15.850000,15.850000,15.560000,15.570000,10.914427,781600
2014-05-29,15.630000,15.730000,15.490000,15.710000,11.012567,543300
2014-05-30,15.770000,15.870000,15.740000,15.800000,11.075656,946300
2014-06-02,15.910000,15.940000,15.690000,15.920000,11.159775,492800
2014-06-03,15.940000,15.980000,15.830000,15.900000,11.145753,344800
2014-06-04,15.900000,15.970000,15.780000,15.950000,11.180804,196500
2014-06-05,15.990000,16.160000,15.910000,16.120001,11.299973,472900
2014-06-06,16.230000,16.299999,15.960000,16.000000,11.215854,623000
2014-06-09,16.020000,16.100000,15.600000,15.650000,10.970506,2212900
2014-06-10,15.690000,15.720000,15.500000,15.660000,10.977516,826300
2014-06-11,15.520000,15.590000,15.320000,15.420000,10.920857,701800
2014-06-12,15.260000,15.260000,14.990000,15.070000,10.672978,1695600
2014-06-13,15.290000,15.770000,15.230000,15.710000,11.126245,9617200
2014-06-16,15.620000,15.750000,15.600000,15.670000,11.097917,1649000
2014-06-17,15.720000,15.730000,15.460000,15.520000,10.991682,1430900
2014-06-18,15.540000,15.800000,15.410000,15.780000,11.175819,625200
2014-06-19,15.750000,15.840000,15.650000,15.800000,11.189986,707000
2014-06-20,15.760000,15.960000,15.710000,15.740000,11.147490,2262700
2014-06-23,15.730000,15.750000,15.540000,15.580000,11.034174,481000
2014-06-24,15.660000,15.720000,15.570000,15.580000,11.034174,798100
2014-06-25,15.580000,15.710000,15.580000,15.680000,11.105000,812200
2014-06-26,15.720000,15.820000,15.650000,15.810000,11.197069,434900
2014-06-27,15.700000,15.860000,15.640000,15.840000,11.218315,938600
2014-06-30,15.810000,15.970000,15.630000,15.730000,11.140407,1079200
2014-07-01,15.770000,15.870000,15.710000,15.830000,11.211233,707200
2014-07-02,15.850000,15.960000,15.720000,15.820000,11.204151,690400
2014-07-03,15.840000,15.840000,15.680000,15.710000,11.126245,301700
2014-07-07,15.740000,15.800000,15.700000,15.740000,11.147490,427400
2014-07-08,15.750000,15.760000,15.630000,15.670000,11.097917,935300
2014-07-09,15.700000,15.840000,15.630000,15.800000,11.189986,461900
2014-07-10,15.760000,15.890000,15.690000,15.760000,11.161656,484000
2014-07-11,15.680000,15.820000,15.670000,15.730000,11.140407,432300
2014-07-14,15.730000,15.830000,15.200000,15.710000,11.126245,324300
2014-07-15,15.670000,15.860000,15.650000,15.710000,11.126245,376300
2014-07-16,15.730000,15.790000,15.680000,15.770000,11.168739,476600
2014-07-17,15.680000,15.880000,15.650000,15.800000,11.189986,462500
2014-07-18,15.720000,16.080000,15.720000,16.020000,11.345797,820900
2014-07-21,15.940000,15.940000,15.750000,15.860000,11.232479,397200
2014-07-22,15.870000,15.990000,15.750000,15.860000,11.232479,249200
2014-07-23,15.800000,15.920000,15.750000,15.860000,11.232479,745000
2014-07-24,15.840000,15.940000,15.730000,15.800000,11.189986,416700
2014-07-25,15.700000,15.890000,15.650000,15.840000,11.218315,737500
2014-07-28,15.800000,15.840000,15.730000,15.790000,11.182903,453300
2014-07-29,15.810000,15.960000,15.680000,15.830000,11.211233,503500
2014-07-30,15.860000,15.960000,15.620000,15.690000,11.112080,507700
2014-07-31,15.660000,15.930000,15.370000,15.430000,10.927941,2530400
2014-08-01,15.470000,15.520000,15.370000,15.450000,10.942105,632900
2014-08-04,15.470000,15.730000,15.310000,15.630000,11.069586,667500
2014-08-05,15.610000,15.710000,15.450000,15.470000,10.956268,595700
2014-08-06,15.470000,15.610000,15.440000,15.470000,10.956268,459300
2014-08-07,15.510000,15.570000,15.380000,15.480000,10.963351,400200
2014-08-08,15.430000,15.530000,15.430000,15.500000,10.977516,432400
2014-08-11,15.500000,15.710000,15.410000,15.610000,11.055424,366500
2014-08-12,15.570000,15.670000,15.550000,15.600000,11.048340,224100
2014-08-13,15.600000,15.800000,15.600000,15.800000,11.189986,244800
2014-08-14,15.800000,15.860000,15.650000,15.680000,11.105000,307600
2014-08-15,15.760000,15.760000,15.460000,15.590000,11.041260,984000
2014-08-18,15.700000,15.910000,15.690000,15.910000,11.267892,389800
2014-08-19,15.900000,15.980000,15.860000,15.930000,11.282055,251000
2014-08-20,15.870000,16.000000,15.790000,15.980000,11.317466,275300
2014-08-21,15.970000,16.090000,15.860000,15.920000,11.274973,437900
2014-08-22,15.910000,15.930000,15.730000,15.750000,11.154574,292400
2014-08-25,15.850000,15.850000,15.620000,15.720000,11.133327,224900
2014-08-26,15.680000,15.840000,15.680000,15.830000,11.211233,272700
2014-08-27,15.920000,15.920000,15.720000,15.840000,11.218315,173400
2014-08-28,15.780000,15.840000,15.720000,15.840000,11.218315,225800
2014-08-29,15.820000,15.860000,15.760000,15.840000,11.218315,334300
2014-09-02,15.910000,15.950000,15.760000,15.930000,11.282055,464700
2014-09-03,15.930000,16.040001,15.800000,16.040001,11.359961,2123700
2014-09-04,16.080000,16.090000,15.960000,15.980000,11.317466,863200
2014-09-05,15.950000,16.180000,15.950000,16.170000,11.452030,531100
2014-09-08,16.120001,16.260000,16.010000,16.190001,11.466193,487400
2014-09-09,16.160000,16.160000,15.930000,16.020000,11.345797,316500
2014-09-10,16.000000,16.020000,15.810000,15.830000,11.211233,327700
2014-09-11,15.600000,15.830000,15.550000,15.760000,11.275623,333000
2014-09-12,15.680000,15.690000,15.120000,15.230000,10.896431,477500
2014-09-15,15.190000,15.250000,14.950000,15.010000,10.739032,551400
2014-09-16,14.980000,15.100000,14.930000,15.080000,10.789111,533000
2014-09-17,15.050000,15.160000,14.970000,15.140000,10.832039,487700
2014-09-18,15.150000,15.190000,15.050000,15.150000,10.839197,684600
2014-09-19,15.170000,15.240000,15.020000,15.090000,10.796268,1149700
2014-09-22,15.040000,15.040000,14.900000,14.960000,10.703258,403400
2014-09-23,14.940000,15.000000,14.790000,14.870000,10.638866,571100
2014-09-24,14.840000,14.910000,14.680000,14.800000,10.588782,676400
2014-09-25,14.760000,14.810000,14.640000,14.660000,10.488621,377200
2014-09-26,14.660000,14.890000,14.500000,14.850000,10.624557,422400
2014-09-29,14.770000,14.920000,14.660000,14.870000,10.638866,487200
2014-09-30,14.910000,14.910000,14.650000,14.700000,10.517238,667200
2014-10-01,14.670000,14.800000,14.610000,14.730000,10.538703,559900
2014-10-02,14.740000,14.890000,14.710000,14.750000,10.553010,528000
2014-10-03,14.910000,14.920000,14.670000,14.880000,10.646018,342500
2014-10-06,14.870000,15.050000,14.750000,14.920000,10.674640,354900
2014-10-07,14.850000,14.920000,14.780000,14.780000,10.574471,361700
2014-10-08,14.750000,15.100000,14.750000,15.100000,10.803422,532100
2014-10-09,15.050000,15.240000,14.910000,14.910000,10.667483,394300
2014-10-10,15.030000,15.090000,14.830000,14.890000,10.653173,340300
2014-10-13,14.850000,15.120000,14.810000,14.960000,10.703258,317600
2014-10-14,15.020000,15.270000,14.960000,15.120000,10.817732,672600
2014-10-15,15.060000,15.280000,14.920000,15.190000,10.867814,872000
2014-10-16,15.020000,15.350000,15.020000,15.230000,10.896431,427000
2014-10-17,15.400000,15.400000,15.040000,15.070000,10.781955,466500
2014-10-20,15.010000,15.420000,14.930000,15.410000,11.025214,291900
2014-10-21,15.400000,15.550000,15.170000,15.550000,11.125377,473700
2014-10-22,15.550000,15.670000,15.510000,15.560000,11.132531,403200
2014-10-23,15.650000,15.850000,15.610000,15.700000,11.232695,512300
2014-10-24,15.750000,15.930000,15.480000,15.640000,11.189771,317900
2014-10-27,15.560000,15.790000,15.520000,15.780000,11.289930,424500
2014-10-28,15.840000,16.059999,15.730000,16.049999,11.483107,705700
2014-10-29,16.010000,16.080000,15.780000,16.040001,11.475952,494000
2014-10-30,16.070000,16.070000,15.750000,16.020000,11.461643,855400
2014-10-31,16.209999,16.360001,16.020000,16.340000,11.690591,591500
2014-11-03,16.400000,16.690001,16.330000,16.670000,11.926690,460300
2014-11-04,16.610001,16.639999,16.160000,16.450001,11.769288,821400
2014-11-05,16.549999,16.580000,16.330000,16.400000,11.733518,514400
2014-11-06,16.370001,16.520000,16.160000,16.190001,11.583271,446800
2014-11-07,16.190001,16.320000,16.100000,16.219999,11.604733,492100
2014-11-10,16.180000,16.510000,16.180000,16.500000,11.805062,336100
2014-11-11,16.520000,16.590000,16.440001,16.510000,11.812216,418500
2014-11-12,16.480000,16.559999,16.389999,16.400000,11.733518,424400
2014-11-13,16.400000,16.530001,16.340000,16.360001,11.704899,243500
2014-11-14,16.389999,16.410000,16.170000,16.240000,11.619043,306100
2014-11-17,16.180000,16.299999,16.080000,16.200001,11.590428,282300
2014-11-18,16.250000,16.360001,16.230000,16.290001,11.654817,287100
2014-11-19,16.219999,16.340000,16.100000,16.139999,11.547495,232100
2014-11-20,16.080000,16.280001,16.080000,16.209999,11.597580,157100
2014-11-21,16.370001,16.510000,16.180000,16.200001,11.590428,265500
2014-11-24,16.200001,16.420000,16.200001,16.389999,11.726364,213600
2014-11-25,16.370001,16.459999,16.170000,16.400000,11.733518,350500
2014-11-26,16.389999,16.580000,16.290001,16.580000,11.862296,197700
2014-11-28,16.620001,16.740000,16.459999,16.459999,11.776443,195000
2014-12-01,16.450001,16.580000,16.350000,16.350000,11.697744,451900
2014-12-02,16.330000,16.730000,16.320000,16.719999,11.962464,290600
2014-12-03,16.770000,16.980000,16.549999,16.570000,11.855145,314900
2014-12-04,16.570000,16.600000,16.360001,16.600000,11.876607,786400
2014-12-05,16.559999,16.620001,16.420000,16.559999,11.847990,554600
2014-12-08,16.510000,16.770000,16.459999,16.520000,11.819371,292400
2014-12-09,16.389999,16.760000,16.360001,16.750000,11.983926,345000
2014-12-10,16.680000,16.719999,16.510000,16.680000,11.933847,424500
2014-12-11,16.549999,16.559999,16.389999,16.520000,11.933846,368900
2014-12-12,16.350000,16.500000,16.290001,16.320000,11.789369,284900
2014-12-15,16.320000,16.340000,15.960000,15.960000,11.529308,305800
2014-12-16,15.920000,16.110001,15.650000,15.890000,11.478742,1120600
2014-12-17,15.950000,16.610001,15.880000,16.610001,11.998859,623400
2014-12-18,16.750000,16.860001,16.549999,16.770000,12.114443,852700
2014-12-19,16.860001,16.879999,16.580000,16.690001,12.056651,2009900
2014-12-22,16.660000,16.920000,16.540001,16.889999,12.201129,477300
2014-12-23,16.969999,16.980000,16.790001,16.889999,12.201129,303400
2014-12-24,16.900000,17.000000,16.870001,16.920000,12.222803,87800
2014-12-26,16.969999,17.040001,16.879999,17.020000,12.295039,160100
2014-12-29,17.030001,17.200001,16.990000,17.129999,12.374499,258000
2014-12-30,17.070000,17.190001,17.040001,17.120001,12.367277,255500
2014-12-31,17.160000,17.219999,16.719999,16.790001,12.128893,306500
2015-01-02,16.900000,17.049999,16.840000,16.980000,12.266141,388100
2015-01-05,16.889999,16.990000,16.840000,16.879999,12.193903,1872900
2015-01-06,16.980000,17.020000,16.809999,16.860001,12.179457,2492800
2015-01-07,16.910000,17.360001,16.889999,17.350000,12.533428,3050600
2015-01-08,17.379999,17.440001,17.209999,17.400000,12.569541,569800
2015-01-09,17.379999,17.590000,17.250000,17.469999,12.620111,521300
2015-01-12,17.520000,17.600000,17.440001,17.540001,12.670681,404700
2015-01-13,17.600000,17.660000,17.320000,17.570000,12.692352,637700
2015-01-14,17.420000,17.600000,17.379999,17.559999,12.685131,471900
2015-01-15,17.559999,17.580000,17.309999,17.559999,12.685131,499400
2015-01-16,17.520000,17.740000,17.389999,17.730000,12.807935,377800
2015-01-20,17.780001,17.900000,17.500000,17.639999,12.742922,437000
2015-01-21,17.629999,17.790001,17.530001,17.730000,12.807935,386000
2015-01-22,17.870001,18.219999,17.750000,18.160000,13.118565,418000
2015-01-23,18.150000,18.260000,17.940001,17.990000,12.995753,272100
2015-01-26,17.910000,18.190001,17.799999,18.120001,13.089665,602300
2015-01-27,18.040001,18.150000,18.000000,18.100000,13.075221,322000
2015-01-28,18.139999,18.219999,17.920000,17.950001,12.966859,380700
2015-01-29,17.969999,18.170000,17.900000,18.150000,13.111337,328000
2015-01-30,18.020000,18.139999,17.660000,17.670000,12.764594,541700
2015-02-02,17.670000,17.750000,17.320000,17.670000,12.764594,541400
2015-02-03,17.700001,18.049999,17.620001,18.020000,13.017429,482300
2015-02-04,17.950001,18.040001,17.910000,17.969999,12.981306,310000
2015-02-05,17.969999,18.080000,17.910000,18.010000,13.010205,334800
2015-02-06,18.020000,18.080000,17.430000,17.520000,12.656234,496500
2015-02-09,17.510000,17.610001,17.280001,17.309999,12.504532,393800
2015-02-10,17.350000,17.440001,17.150000,17.290001,12.490085,358300
2015-02-11,17.299999,17.350000,17.020000,17.150000,12.388948,393600
2015-02-12,17.230000,17.400000,17.139999,17.350000,12.533428,260400
2015-02-13,17.350000,17.400000,17.160000,17.270000,12.475639,301600
2015-02-17,17.230000,17.520000,17.170000,17.190001,12.417847,260700
2015-02-18,17.150000,17.540001,17.040001,17.400000,12.569541,465400
2015-02-19,17.400000,17.400000,16.930000,16.950001,12.244475,336100
2015-02-20,16.940001,17.010000,16.830000,16.930000,12.230025,868300
2015-02-23,16.940001,17.129999,16.790001,17.129999,12.374499,637600
2015-02-24,17.030001,17.080000,16.850000,17.040001,12.309488,346300
2015-02-25,16.959999,17.180000,16.650000,16.980000,12.266141,723500
2015-02-26,16.940001,16.940001,16.650000,16.700001,12.063876,389800
2015-02-27,16.700001,17.000000,16.600000,16.750000,12.099995,720100
2015-03-02,16.680000,17.290001,16.610001,17.129999,12.374499,487600
2015-03-03,17.120001,17.290001,17.010000,17.219999,12.439517,465300
2015-03-04,17.150000,17.330000,17.030001,17.299999,12.497307,937700
2015-03-05,17.360001,17.559999,17.219999,17.469999,12.620111,1033400
2015-03-06,17.290001,17.290001,16.830000,16.860001,12.179457,894400
2015-03-09,16.950001,17.110001,16.879999,17.020000,12.295039,474600
2015-03-10,16.930000,17.059999,16.840000,16.959999,12.251696,389200
2015-03-11,17.000000,17.270000,16.950001,17.160000,12.396174,508100
2015-03-12,17.170000,17.370001,17.030001,17.370001,12.673428,453600
2015-03-13,17.400000,17.520000,17.150000,17.420000,12.709906,685500
2015-03-16,17.490000,17.740000,17.450001,17.639999,12.870426,448900
2015-03-17,17.580000,17.809999,17.540001,17.770000,12.965274,538000
2015-03-18,17.709999,18.219999,17.600000,18.080000,13.191456,731900
2015-03-19,17.980000,18.190001,17.980000,18.040001,13.162271,471600
2015-03-20,18.150000,18.559999,18.000000,18.549999,13.534375,1019700
2015-03-23,18.580000,18.680000,18.450001,18.610001,13.578157,449900
2015-03-24,18.719999,18.719999,18.360001,18.549999,13.534375,619900
2015-03-25,18.600000,18.730000,18.080000,18.180000,13.264417,669600
2015-03-26,18.139999,18.209999,18.010000,18.040001,13.162271,474800
2015-03-27,18.120001,18.389999,18.010000,18.030001,13.154975,661900
2015-03-30,18.160000,18.340000,18.100000,18.309999,13.359267,544000
2015-03-31,18.200001,18.360001,18.049999,18.299999,13.351972,790000
2015-04-01,18.299999,18.299999,17.980000,18.129999,13.227936,428000
2015-04-02,18.080000,18.250000,17.900000,18.209999,13.286306,489900
2015-04-06,18.160000,18.469999,18.160000,18.430000,13.446821,333800
2015-04-07,18.400000,18.420000,18.059999,18.090000,13.198750,310000
2015-04-08,18.100000,18.250000,18.100000,18.150000,13.242527,371100
2015-04-09,18.129999,18.129999,17.660000,17.730000,12.936090,188600
2015-04-10,17.870001,17.930000,17.670000,17.709999,12.921500,207400
2015-04-13,17.660000,17.730000,17.600000,17.620001,12.855828,243800
2015-04-14,17.610001,17.820000,17.610001,17.639999,12.870426,213700
2015-04-15,17.570000,17.660000,17.480000,17.480000,12.753684,262600
2015-04-16,17.400000,17.600000,17.350000,17.559999,12.812057,328400
2015-04-17,17.430000,17.510000,17.240000,17.440001,12.724497,367200
2015-04-20,17.500000,17.559999,17.389999,17.530001,12.790169,404900
2015-04-21,17.549999,17.660000,17.490000,17.510000,12.775575,357700
2015-04-22,17.549999,17.670000,17.469999,17.660000,12.885015,266900
2015-04-23,17.600000,17.700001,17.500000,17.610001,12.848539,183200
2015-04-24,17.610001,17.770000,17.530001,17.709999,12.921500,250200
2015-04-27,17.809999,17.930000,17.639999,17.750000,12.950685,355400
2015-04-28,17.719999,17.809999,17.590000,17.760000,12.957977,390200
2015-04-29,17.680000,17.709999,17.320000,17.360001,12.666128,410200
2015-04-30,17.270000,17.410000,16.629999,16.780001,12.242953,756200
2015-05-01,16.770000,17.040001,16.660000,16.910000,12.337804,672300
2015-05-04,16.969999,17.030001,16.750000,16.809999,12.264842,447300
2015-05-05,16.760000,16.969999,16.299999,16.400000,11.965703,1213300
2015-05-06,16.500000,16.500000,16.059999,16.230000,11.841666,1201800
2015-05-07,16.230000,16.400000,16.129999,16.320000,11.907331,1370400
2015-05-08,16.520000,16.770000,16.280001,16.330000,11.914628,1217700
2015-05-11,16.340000,16.510000,16.080000,16.160000,11.790591,503400
2015-05-12,15.980000,16.340000,15.820000,16.280001,11.878147,583100
2015-05-13,16.350000,16.440001,16.049999,16.090000,11.739521,369200
2015-05-14,16.120001,16.459999,16.120001,16.420000,11.980294,358200
2015-05-15,16.450001,16.670000,16.420000,16.549999,12.075143,248000
2015-05-18,16.430000,16.629999,16.389999,16.500000,12.038661,506000
2015-05-19,16.459999,16.680000,16.410000,16.490000,12.031364,307900
2015-05-20,16.490000,16.639999,16.459999,16.559999,12.082438,481300
2015-05-21,16.600000,16.680000,16.520000,16.629999,12.133509,740100
2015-05-22,16.590000,16.790001,16.520000,16.719999,12.199178,419700
2015-05-26,16.600000,16.700001,16.469999,16.549999,12.075143,454300
2015-05-27,16.600000,16.719999,16.500000,16.639999,12.140806,368300
2015-05-28,16.610001,16.639999,16.480000,16.590000,12.104327,274700
2015-05-29,16.540001,16.559999,16.299999,16.330000,11.914628,735800
2015-06-01,16.330000,16.590000,16.330000,16.540001,12.067848,290900
2015-06-02,16.410000,16.530001,16.309999,16.410000,11.972998,346100
2015-06-03,16.360001,16.450001,16.150000,16.180000,11.805186,508000
2015-06-04,16.139999,16.209999,16.040001,16.129999,11.768703,467800
2015-06-05,15.990000,16.100000,15.800000,16.030001,11.695744,386900
2015-06-08,15.990000,16.100000,15.920000,16.010000,11.681149,229500
2015-06-09,16.430000,16.530001,15.820000,15.910000,11.608191,280600
2015-06-10,15.850000,16.100000,15.810000,16.020000,11.688447,586900
2015-06-11,16.110001,16.110001,16.000000,16.049999,11.710332,298000
2015-06-12,15.890000,15.900000,15.760000,15.850000,11.688210,352000
2015-06-15,15.800000,15.930000,15.700000,15.730000,11.599719,369300
2015-06-16,15.740000,15.940000,15.660000,15.910000,11.732460,256300
2015-06-17,15.880000,16.020000,15.790000,16.000000,11.798825,241300
2015-06-18,16.040001,16.389999,16.040001,16.320000,12.034803,459600
2015-06-19,16.540001,16.559999,16.209999,16.420000,12.108547,769800
2015-06-22,16.469999,16.580000,16.379999,16.389999,12.086424,624200
2015-06-23,16.330000,16.350000,15.980000,16.000000,11.798825,597400
2015-06-24,15.970000,16.059999,15.820000,15.870000,11.702962,397100
2015-06-25,15.910000,15.910000,15.760000,15.780000,11.636590,372000
2015-06-26,15.840000,16.020000,15.750000,15.890000,11.717709,550200
2015-06-29,15.860000,16.020000,15.560000,15.580000,11.489106,482600
2015-06-30,15.740000,15.790000,15.440000,15.620000,11.518603,1043600
2015-07-01,15.670000,15.890000,15.610000,15.860000,11.695588,1417200
2015-07-02,15.940000,16.180000,15.790000,15.820000,11.666089,499500
2015-07-06,15.790000,16.030001,15.740000,15.980000,11.784076,648000
2015-07-07,16.090000,16.240000,16.040001,16.150000,11.909439,677800
2015-07-08,16.049999,16.180000,15.950000,16.139999,11.902063,922500
2015-07-09,16.200001,16.250000,16.000000,16.090000,11.865195,556600
2015-07-10,16.290001,16.500000,16.030001,16.430000,12.115922,720400
2015-07-13,16.350000,16.680000,16.350000,16.420000,12.108547,348800
2015-07-14,16.500000,16.559999,16.360001,16.459999,12.138041,353000
2015-07-15,16.400000,16.580000,16.330000,16.520000,12.182288,376200
2015-07-16,16.600000,16.760000,16.559999,16.760000,12.359271,425500
2015-07-17,16.719999,16.809999,16.610001,16.709999,12.322398,306900
2015-07-20,16.660000,16.780001,16.520000,16.750000,12.351895,237400
2015-07-21,16.750000,16.840000,16.680000,16.780001,12.374019,355300
2015-07-22,16.920000,16.980000,16.790001,16.889999,12.455134,512200
2015-07-23,16.900000,16.900000,16.530001,16.629999,12.263402,497700
2015-07-24,16.570000,16.770000,16.570000,16.700001,12.315025,254100
2015-07-27,16.740000,16.790001,16.590000,16.639999,12.270777,328600
2015-07-28,16.639999,16.750000,16.530001,16.660000,12.285527,504800
2015-07-29,16.690001,16.990000,16.590000,16.830000,12.410891,422300
2015-07-30,16.870001,17.250000,16.600000,16.930000,12.484637,622100
2015-07-31,17.110001,17.340000,17.070000,17.150000,12.646866,521300
2015-08-03,17.190001,17.320000,17.080000,17.260000,12.727985,622200
2015-08-04,17.139999,17.320000,17.059999,17.110001,12.617368,302900
2015-08-05,16.520000,16.920000,16.500000,16.900000,12.462508,4905700
2015-08-06,16.990000,17.080000,16.690001,16.750000,12.351895,1346200
2015-08-07,16.719999,16.900000,16.590000,16.809999,12.396140,802800
2015-08-10,16.930000,16.930000,16.510000,16.600000,12.241281,573600
2015-08-11,16.559999,16.840000,16.520000,16.809999,12.396140,385100
2015-08-12,16.820000,16.830000,16.629999,16.799999,12.388767,353800
2015-08-13,16.770000,17.020000,16.650000,16.980000,12.521502,538300
2015-08-14,16.910000,17.139999,16.780001,17.129999,12.632118,461800
2015-08-17,17.129999,17.299999,16.950001,17.240000,12.713234,497500
2015-08-18,17.250000,17.340000,17.150000,17.299999,12.757479,350400
2015-08-19,17.209999,17.379999,17.070000,17.250000,12.720612,277100
2015-08-20,17.200001,17.420000,16.990000,17.059999,12.580495,748000
2015-08-21,16.889999,17.209999,16.889999,16.940001,12.492008,622600
2015-08-24,16.709999,16.820000,16.209999,16.260000,11.990558,1038100
2015-08-25,16.750000,16.750000,15.640000,15.750000,11.614469,894200
2015-08-26,16.020000,16.129999,15.640000,16.059999,11.843071,646600
2015-08-27,16.250000,16.520000,16.080000,16.440001,12.123294,923200
2015-08-28,16.430000,16.459999,16.290001,16.440001,12.123294,786100
2015-08-31,16.459999,16.500000,15.920000,15.930000,11.747206,1675200
2015-09-01,15.610000,15.730000,15.300000,15.430000,11.378495,997800
2015-09-02,15.620000,15.690000,15.440000,15.690000,11.570223,527700
2015-09-03,16.100000,16.709999,15.850000,15.890000,11.717709,971700
2015-09-04,15.690000,15.850000,15.410000,15.550000,11.466985,325800
2015-09-08,15.930000,16.070000,15.780000,16.010000,11.806199,1280900
2015-09-09,16.139999,16.190001,15.730000,15.790000,11.643968,848900
2015-09-10,15.750000,16.100000,15.720000,15.900000,11.725081,1048000
2015-09-11,15.690000,16.120001,15.690000,16.010000,11.933795,1101100
2015-09-14,16.120001,16.139999,15.990000,16.000000,11.926340,916700
2015-09-15,16.000000,16.330000,15.960000,16.160000,12.045604,1425700
2015-09-16,16.170000,16.530001,16.170000,16.480000,12.284130,566400
2015-09-17,16.520000,16.930000,16.330000,16.730000,12.470477,958000
2015-09-18,16.520000,17.100000,16.500000,16.879999,12.582285,7675500
2015-09-21,17.040001,17.100000,16.870001,17.049999,12.709002,1143000
2015-09-22,16.889999,17.040001,16.799999,16.809999,12.530110,926500
2015-09-23,16.900000,17.030001,16.740000,16.900000,12.597198,600300
2015-09-24,16.870001,16.990000,16.570000,16.650000,12.410847,832200
2015-09-25,16.809999,16.809999,16.590000,16.690001,12.440667,1023100
2015-09-28,16.559999,16.559999,16.260000,16.410000,12.231954,743100
2015-09-29,16.500000,16.600000,16.360001,16.469999,12.276674,1801000
2015-09-30,16.660000,16.709999,16.430000,16.540001,12.328856,982700
2015-10-01,16.530001,16.629999,16.389999,16.620001,12.388487,917400
2015-10-02,16.510000,16.690001,16.400000,16.690001,12.440667,414100
2015-10-05,16.790001,16.980000,16.709999,16.969999,12.649374,447900
2015-10-06,16.940001,17.049999,16.760000,16.900000,12.597198,671100
2015-10-07,16.889999,17.180000,16.820000,17.180000,12.805906,794200
2015-10-08,17.139999,17.350000,17.010000,17.350000,12.932627,537100
2015-10-09,17.350000,17.420000,17.240000,17.340000,12.925171,327500
2015-10-12,17.370001,17.650000,17.290001,17.520000,13.059343,393900
2015-10-13,17.480000,17.549999,17.320000,17.410000,12.977348,351100
2015-10-14,17.410000,17.530001,17.110001,17.150000,12.783545,353200
2015-10-15,17.150000,17.500000,17.150000,17.459999,13.014618,421000
2015-10-16,17.490000,17.580000,17.410000,17.500000,13.044436,620700
2015-10-19,17.410000,17.900000,17.410000,17.879999,13.327686,603700
2015-10-20,17.799999,17.990000,17.750000,17.889999,13.335139,620500
2015-10-21,17.940001,17.980000,17.620001,17.760000,13.238240,323600
2015-10-22,17.870001,18.020000,17.799999,18.020000,13.432041,762800
2015-10-23,18.030001,18.110001,17.820000,17.980000,13.402223,518100
2015-10-26,18.000000,18.000000,17.770000,18.000000,13.417132,390500
2015-10-27,18.020000,18.200001,17.969999,18.160000,13.536397,515900
2015-10-28,18.200001,18.480000,17.900000,18.309999,13.648206,871000
2015-10-29,18.309999,18.680000,18.160000,18.309999,13.648206,453700
2015-10-30,18.379999,18.500000,18.000000,18.129999,13.514034,616100
2015-11-02,18.110001,18.360001,18.049999,18.309999,13.648206,629100
2015-11-03,18.290001,18.320000,18.110001,18.180000,13.551302,417200
2015-11-04,18.180000,18.280001,18.070000,18.139999,13.521487,338800
2015-11-05,18.200001,18.330000,18.059999,18.309999,13.648206,304100
2015-11-06,18.049999,18.129999,17.780001,17.879999,13.327686,672200
2015-11-09,17.790001,17.830000,17.410000,17.459999,13.014618,450500
2015-11-10,17.570000,17.850000,17.570000,17.770000,13.245693,319200
2015-11-11,17.760000,17.860001,17.700001,17.760000,13.238240,265900
2015-11-12,17.719999,17.809999,17.549999,17.650000,13.156241,382500
2015-11-13,17.570000,17.820000,17.290001,17.320000,12.910264,375400
2015-11-16,17.400000,17.520000,17.129999,17.500000,13.044436,336800
2015-11-17,17.480000,17.570000,17.370001,17.379999,12.954988,608800
2015-11-18,17.450001,17.709999,17.350000,17.670000,13.171154,630100
2015-11-19,17.629999,17.940001,17.610001,17.889999,13.335139,294500
2015-11-20,18.010000,18.190001,17.920000,18.120001,13.506582,289600
2015-11-23,18.150000,18.290001,18.059999,18.200001,13.566210,214000
2015-11-24,18.040001,18.270000,17.920000,18.250000,13.603480,395700
2015-11-25,18.230000,18.360001,18.129999,18.340000,13.670568,272900
2015-11-27,18.389999,18.590000,18.360001,18.480000,13.774920,192600
2015-11-30,18.510000,18.559999,18.209999,18.290001,13.633298,581900
2015-12-01,18.420000,18.590000,18.320000,18.549999,13.827103,334500
2015-12-02,18.500000,18.540001,18.110001,18.129999,13.514034,379900
2015-12-03,18.090000,18.500000,17.740000,17.820000,13.282962,458900
2015-12-04,17.840000,18.260000,17.840000,18.160000,13.536397,318200
2015-12-07,18.110001,18.230000,17.920000,18.100000,13.491675,262700
2015-12-08,17.950001,18.180000,17.950001,18.030001,13.439498,238800
2015-12-09,17.969999,18.110001,17.790001,17.850000,13.305323,378300
2015-12-10,17.910000,18.090000,17.790001,17.809999,13.275508,969800
2015-12-11,17.360001,17.709999,17.360001,17.610001,13.252931,790700
2015-12-14,17.549999,17.650000,17.440001,17.540001,13.200250,901900
2015-12-15,17.700001,18.000000,17.700001,17.900000,13.471175,791200
2015-12-16,18.020000,18.200001,17.670000,18.170000,13.674376,738500
2015-12-17,18.160000,18.200001,17.559999,17.969999,13.523857,502400
2015-12-18,17.879999,17.959999,17.639999,17.850000,13.433549,1307500
2015-12-21,18.000000,18.000000,17.690001,17.870001,13.448601,414200
2015-12-22,17.889999,17.930000,17.760000,17.770000,13.373344,577400
2015-12-23,17.860001,17.950001,17.799999,17.930000,13.493755,345200
2015-12-24,17.940001,18.020000,17.840000,17.930000,13.493755,162300
2015-12-28,17.870001,18.040001,17.870001,18.020000,13.561488,364000
2015-12-29,18.049999,18.270000,18.020000,18.240000,13.727054,460200
2015-12-30,18.170000,18.250000,18.070000,18.100000,13.621697,353200
2015-12-31,18.110001,18.139999,17.830000,17.900000,13.471175,590800
2016-01-04,17.690001,17.760000,17.389999,17.480000,13.155093,835900
2016-01-05,17.510000,17.959999,17.500000,17.879999,13.456128,468900
2016-01-06,17.690001,18.000000,17.660000,17.980000,13.531383,379500
2016-01-07,17.639999,17.809999,17.549999,17.549999,13.207778,332600
2016-01-08,17.620001,17.670000,17.309999,17.350000,13.057261,496400
2016-01-11,17.440001,17.860001,17.350000,17.760000,13.365820,697000
2016-01-12,17.879999,17.879999,17.600000,17.740000,13.350765,657400
2016-01-13,17.770000,17.930000,17.459999,17.540001,13.200250,555700
2016-01-14,17.600000,17.740000,17.370001,17.559999,13.215303,511400
2016-01-15,17.190001,17.650000,17.180000,17.639999,13.275507,720000
2016-01-19,17.850000,17.940001,17.490000,17.629999,13.267982,896600
2016-01-20,17.469999,18.139999,16.900000,17.450001,13.132514,609700
2016-01-21,17.610001,17.799999,17.360001,17.600000,13.245405,513300
2016-01-22,17.780001,18.070000,17.670000,18.049999,13.584063,504700
2016-01-25,18.000000,18.200001,17.750000,17.860001,13.441074,331200
2016-01-26,17.920000,18.219999,17.879999,18.219999,13.712005,442800
2016-01-27,18.219999,18.219999,17.870001,17.969999,13.523857,292500
2016-01-28,18.080000,18.230000,17.820000,17.910000,13.478703,350500
2016-01-29,18.020000,18.490000,17.969999,18.490000,13.915199,933800
2016-02-01,18.350000,18.780001,18.020000,18.700001,14.073242,594300
2016-02-02,18.660000,18.770000,18.350000,18.610001,14.005514,471500
2016-02-03,18.709999,18.809999,18.500000,18.700001,14.073242,327100
2016-02-04,18.670000,18.780001,18.450001,18.670000,14.050663,250900
2016-02-05,18.650000,18.680000,18.459999,18.459999,13.892623,426700
2016-02-08,18.400000,18.440001,17.870001,18.250000,13.734580,617300
2016-02-09,18.049999,18.400000,17.969999,18.200001,13.696950,619000
2016-02-10,18.240000,18.500000,18.100000,18.110001,13.629221,464100
2016-02-11,17.889999,18.170000,17.780001,18.010000,13.553965,487200
2016-02-12,18.080000,18.280001,18.000000,18.090000,13.614166,513800
2016-02-16,18.219999,18.290001,18.059999,18.200001,13.696950,501900
2016-02-17,18.270000,18.500000,18.129999,18.129999,13.644271,662800
2016-02-18,18.110001,18.410000,18.070000,18.389999,13.839944,587300
2016-02-19,18.370001,18.610001,18.330000,18.469999,13.900146,430100
2016-02-22,18.690001,18.809999,18.180000,18.530001,13.945305,405900
2016-02-23,18.520000,18.730000,18.440001,18.510000,13.930251,440200
2016-02-24,18.590000,18.600000,18.059999,18.500000,13.922727,1126700
2016-02-25,18.690001,19.360001,18.660000,19.160000,14.419428,782300
2016-02-26,19.270000,19.320000,18.639999,18.650000,14.035610,426800
2016-02-29,18.629999,18.780001,18.270000,18.379999,13.832416,748800
2016-03-01,18.480000,19.040001,18.450001,19.030001,14.321596,378000
2016-03-02,19.080000,19.270000,18.959999,19.250000,14.487161,471000
2016-03-03,19.190001,19.290001,18.860001,18.959999,14.268916,350500
2016-03-04,18.969999,19.090000,18.840000,18.920000,14.238808,413700
2016-03-07,18.920000,19.100000,18.799999,19.090000,14.366752,313900
2016-03-08,19.070000,19.200001,18.870001,18.910000,14.231285,533400
2016-03-09,18.959999,19.219999,18.670000,19.070000,14.351693,331500
2016-03-10,19.170000,19.260000,18.740000,18.950001,14.261386,252800
2016-03-11,19.000000,19.250000,18.980000,19.240000,14.479637,284300
2016-03-14,19.059999,19.180000,18.870001,18.959999,14.403667,373600
2016-03-15,18.900000,19.219999,18.490000,19.010000,14.441652,411200
2016-03-16,18.930000,19.280001,18.870001,19.200001,14.585990,333900
2016-03-17,19.090000,19.459999,19.049999,19.410000,14.745527,397400
2016-03-18,19.510000,19.510000,19.049999,19.070000,14.487230,701800
2016-03-21,19.160000,19.160000,18.889999,18.930000,14.380875,363800
2016-03-22,18.840000,19.090000,18.840000,19.080000,14.494829,448700
2016-03-23,19.000000,19.170000,18.889999,18.980000,14.418860,510000
2016-03-24,18.930000,19.180000,18.910000,19.080000,14.494829,561300
2016-03-28,19.030001,19.370001,19.030001,19.330000,14.684750,291200
2016-03-29,19.330000,19.950001,19.330000,19.950001,15.155758,639800
2016-03-30,20.000000,20.230000,19.930000,20.100000,15.269709,779000
2016-03-31,20.040001,20.150000,19.959999,20.120001,15.284907,485900
2016-04-01,20.209999,20.260000,20.040001,20.120001,15.284907,718500
2016-04-04,20.129999,20.200001,20.000000,20.139999,15.300097,479900
2016-04-05,20.059999,20.180000,19.680000,19.790001,15.034204,643300
2016-04-06,19.750000,19.860001,19.580000,19.629999,14.912658,696800
2016-04-07,19.450001,19.700001,19.110001,19.570000,14.867075,539600
2016-04-08,19.670000,19.809999,19.570000,19.750000,15.003819,450700
2016-04-11,19.780001,19.820000,19.680000,19.709999,14.973430,432000
2016-04-12,19.680000,19.770000,19.600000,19.680000,14.950641,524100
2016-04-13,19.750000,19.750000,19.440001,19.600000,14.889867,602300
2016-04-14,19.580000,19.580000,19.410000,19.450001,14.775913,418900
2016-04-15,19.420000,19.670000,19.400000,19.629999,14.912658,283900
2016-04-18,19.629999,19.670000,19.510000,19.620001,14.905058,254000
2016-04-19,19.650000,19.680000,19.559999,19.610001,14.897460,232100
2016-04-20,19.590000,19.629999,19.290001,19.309999,14.669555,386300
2016-04-21,19.250000,19.270000,18.840000,18.920000,14.373281,621000
2016-04-22,18.910000,19.219999,18.799999,19.080000,14.494829,430300
2016-04-25,18.950001,19.400000,18.950001,19.400000,14.737927,627300
2016-04-26,19.480000,19.639999,19.400000,19.559999,14.859476,420600
2016-04-27,19.530001,19.610001,19.280001,19.600000,14.889867,296300
2016-04-28,19.530001,19.990000,19.530001,19.879999,15.102578,611500
2016-04-29,19.889999,20.000000,19.440001,19.670000,14.943047,690200
2016-05-02,19.650000,20.160000,19.650000,20.139999,15.300097,676900
2016-05-03,20.090000,20.100000,19.850000,20.049999,15.231725,287900
2016-05-04,20.000000,20.420000,19.959999,20.340000,15.452033,527900
2016-05-05,20.309999,20.410000,20.180000,20.370001,15.474827,389300
2016-05-06,20.290001,20.700001,20.219999,20.690001,15.717928,591700
2016-05-09,20.700001,21.100000,20.610001,20.930000,15.900249,885400
2016-05-10,21.070000,21.070000,20.799999,20.889999,15.869859,293500
2016-05-11,20.860001,20.860001,20.330000,20.459999,15.543200,434800
2016-05-12,20.459999,20.709999,20.360001,20.660000,15.695130,529300
2016-05-13,20.639999,20.740000,20.320000,20.639999,15.679935,594000
2016-05-16,20.600000,20.900000,20.590000,20.730000,15.748314,335700
2016-05-17,20.670000,20.670000,19.990000,20.160000,15.315293,873500
2016-05-18,20.129999,20.129999,19.660000,19.870001,15.094981,398700
2016-05-19,19.730000,19.830000,19.570000,19.760000,15.011416,426800
2016-05-20,19.840000,20.110001,19.650000,20.049999,15.231725,505100
2016-05-23,19.969999,20.100000,19.889999,19.959999,15.163354,294900
2016-05-24,20.000000,20.340000,19.980000,20.020000,15.208935,1042600
2016-05-25,20.139999,20.270000,19.809999,20.070000,15.246922,371100
2016-05-26,20.040001,20.160000,19.969999,20.120001,15.284907,254500
2016-05-27,20.139999,20.440001,20.110001,20.200001,15.345678,547500
2016-05-31,20.290001,20.290001,20.020000,20.219999,15.360871,844900
2016-06-01,20.250000,20.389999,20.150000,20.250000,15.383658,674800
2016-06-02,20.190001,20.389999,20.139999,20.370001,15.474827,810100
2016-06-03,20.510000,20.670000,20.340000,20.450001,15.535600,868800
2016-06-06,20.440001,20.580000,20.209999,20.400000,15.497616,458700
2016-06-07,20.420000,20.600000,20.420000,20.530001,15.596374,302900
2016-06-08,20.520000,20.820000,20.490000,20.799999,15.801489,312500
2016-06-09,20.790001,20.910000,20.700001,20.850000,15.839475,389600
2016-06-10,20.820000,20.920000,20.740000,20.850000,15.839475,403700
2016-06-13,20.750000,20.870001,20.480000,20.660000,15.831807,406100
2016-06-14,20.570000,20.690001,20.480000,20.530001,15.732190,427100
2016-06-15,20.600000,20.730000,20.450001,20.540001,15.739858,1161800
2016-06-16,20.490000,20.620001,20.379999,20.600000,15.785832,562600
2016-06-17,20.559999,20.559999,20.330000,20.490000,15.701541,791700
2016-06-20,20.520000,20.730000,20.520000,20.540001,15.739858,381100
2016-06-21,20.530001,20.730000,20.480000,20.650000,15.824147,464400
2016-06-22,20.650000,20.660000,20.520000,20.570000,15.762843,339100
2016-06-23,20.600000,20.799999,20.600000,20.740000,15.893117,386500
2016-06-24,20.290001,20.770000,20.110001,20.670000,15.839475,3161100
2016-06-27,20.580000,20.719999,20.459999,20.650000,15.824147,806200
2016-06-28,20.650000,21.480000,20.600000,21.450001,16.437193,1365300
2016-06-29,21.600000,21.790001,21.549999,21.790001,16.697739,949800
2016-06-30,21.860001,21.910000,21.500000,21.670000,16.605778,1245200
2016-07-01,21.650000,21.900000,21.650000,21.860001,16.751371,685700
2016-07-05,21.900000,22.170000,21.900000,22.090000,16.927622,956700
2016-07-06,22.020000,22.200001,21.990000,22.030001,16.881649,1686000
2016-07-07,21.850000,22.160000,21.570000,22.100000,16.935287,5585500
2016-07-08,22.290001,22.299999,22.040001,22.219999,17.027241,1832300
2016-07-11,22.260000,22.740000,22.100000,22.580000,17.303110,1672600
2016-07-12,22.520000,22.600000,22.090000,22.299999,17.088545,1001100
2016-07-13,22.440001,22.760000,22.330000,22.719999,17.410395,1294900
2016-07-14,22.840000,22.840000,22.250000,22.490000,17.234144,995800
2016-07-15,22.480000,22.549999,22.350000,22.500000,17.241804,975300
2016-07-18,22.559999,22.620001,22.340000,22.530001,17.264795,652900
2016-07-19,22.549999,22.690001,22.440001,22.559999,17.287783,737100
2016-07-20,22.639999,22.639999,22.450001,22.540001,17.272463,470300
2016-07-21,22.469999,22.670000,22.379999,22.639999,17.349091,461600
2016-07-22,22.570000,22.809999,22.459999,22.680000,17.379740,471300
2016-07-25,22.690001,22.879999,22.660000,22.730000,17.418056,512200
2016-07-26,22.700001,22.780001,22.389999,22.450001,17.203497,629000
2016-07-27,22.459999,22.850000,22.260000,22.360001,17.134525,763700
2016-07-28,22.450001,22.740000,22.389999,22.639999,17.349091,793900
2016-07-29,22.629999,23.049999,22.580000,22.830000,17.494688,1556500
2016-08-01,22.930000,23.030001,22.820000,23.030001,17.647947,976600
2016-08-02,22.930000,22.959999,22.580000,22.590000,17.310776,660400
2016-08-03,22.530001,22.570000,22.370001,22.459999,17.211153,557800
2016-08-04,22.469999,22.500000,22.340000,22.389999,17.157513,442600
2016-08-05,22.309999,22.459999,22.270000,22.309999,17.096209,561200
2016-08-08,22.370001,22.440001,22.110001,22.209999,17.019581,374200
2016-08-09,22.139999,22.320000,22.049999,22.299999,17.088545,686300
2016-08-10,22.370001,22.450001,22.010000,22.340000,17.119200,869300
2016-08-11,22.309999,22.330000,21.950001,21.959999,16.828009,893300
2016-08-12,22.010000,22.219999,21.930000,21.969999,16.835667,398500
2016-08-15,21.959999,22.120001,21.860001,21.889999,16.774361,408300
2016-08-16,21.900000,21.900000,21.629999,21.820000,16.720720,1005700
2016-08-17,21.850000,22.020000,21.600000,21.950001,16.820343,1245000
2016-08-18,21.910000,22.100000,21.870001,21.889999,16.774361,682100
2016-08-19,21.969999,22.100000,21.709999,21.760000,16.674744,1303300
2016-08-22,21.840000,22.090000,21.790001,22.080000,16.919966,415400
2016-08-23,22.110001,22.240000,22.070000,22.150000,16.973606,551100
2016-08-24,22.120001,22.170000,21.910000,22.120001,16.950613,375800
2016-08-25,22.180000,22.420000,22.059999,22.350000,17.126867,550600
2016-08-26,22.350000,22.500000,22.000000,22.139999,16.965939,674000
2016-08-29,22.180000,22.440001,22.150000,22.379999,17.149857,323100
2016-08-30,22.459999,22.549999,22.209999,22.340000,17.119200,362000
2016-08-31,22.389999,22.440001,22.230000,22.309999,17.096209,888400
2016-09-01,22.360001,22.379999,22.090000,22.209999,17.019581,599900
2016-09-02,22.280001,22.830000,22.280001,22.600000,17.318441,663200
2016-09-06,22.590000,22.760000,22.480000,22.709999,17.402729,844800
2016-09-07,22.680000,22.980000,22.590000,22.969999,17.601969,726800
2016-09-08,22.879999,22.879999,22.660000,22.740000,17.425722,669300
2016-09-09,22.570000,22.639999,21.850000,21.860001,16.751371,908300
2016-09-12,21.740000,22.000000,21.639999,21.910000,16.789694,768900
2016-09-13,21.670000,21.670000,21.150000,21.150000,16.341555,1010700
2016-09-14,21.280001,21.379999,21.170000,21.200001,16.380186,332500
2016-09-15,21.100000,21.299999,21.080000,21.250000,16.418818,551100
2016-09-16,21.240000,21.490000,21.030001,21.459999,16.581070,1378400
2016-09-19,21.490000,21.730000,21.440001,21.709999,16.774237,377800
2016-09-20,21.850000,21.850000,21.660000,21.680000,16.751060,331900
2016-09-21,21.740000,21.950001,21.430000,21.910000,16.928770,528200
2016-09-22,22.010000,22.350000,21.950001,22.299999,17.230097,1093500
2016-09-23,22.320000,22.520000,22.040001,22.459999,17.353722,642200
2016-09-26,22.450001,22.629999,22.370001,22.549999,17.423265,583800
2016-09-27,22.620001,22.620001,22.139999,22.190001,17.145107,467900
2016-09-28,22.250000,22.410000,22.180000,22.389999,17.299643,413700
2016-09-29,22.320000,22.350000,22.030001,22.129999,17.098747,484100
2016-09-30,22.209999,22.320000,21.959999,21.959999,16.967398,1226300
2016-10-03,21.920000,21.920000,21.430000,21.500000,16.611977,672100
2016-10-04,21.500000,21.500000,20.879999,21.030001,16.248837,862800
2016-10-05,21.100000,21.150000,20.450001,20.540001,15.870238,900500
2016-10-06,20.430000,20.629999,20.230000,20.500000,15.839331,1240700
2016-10-07,20.629999,20.799999,20.400000,20.549999,15.877960,738100
2016-10-10,20.600000,20.820000,20.600000,20.740000,16.024765,358100
2016-10-11,20.730000,20.790001,20.490000,20.559999,15.885687,386000
2016-10-12,20.600000,20.950001,20.580000,20.889999,16.140661,397300
2016-10-13,20.860001,21.260000,20.860001,21.190001,16.372459,585900
2016-10-14,21.200001,21.490000,21.000000,21.040001,16.256563,332500
2016-10-17,21.110001,21.260000,21.070000,21.070000,16.279741,210600
2016-10-18,21.209999,21.360001,21.110001,21.129999,16.326097,197400
2016-10-19,21.180000,21.250000,21.030001,21.139999,16.333828,295900
2016-10-20,21.160000,21.230000,21.000000,21.190001,16.372459,322300
2016-10-21,21.030001,21.299999,21.000000,21.250000,16.418818,350400
2016-10-24,21.330000,21.530001,21.190001,21.280001,16.441996,254300
2016-10-25,21.290001,21.320000,21.049999,21.129999,16.326097,803500
2016-10-26,20.719999,20.809999,19.820000,20.490000,15.831603,832100
2016-10-27,20.379999,20.430000,19.709999,19.750000,15.259841,993200
2016-10-28,19.730000,20.120001,19.650000,19.760000,15.267572,1090700
2016-10-31,19.809999,20.120001,19.760000,20.110001,15.537995,831000
2016-11-01,20.030001,20.059999,19.500000,19.620001,15.159395,971700
2016-11-02,19.660000,19.760000,19.180000,19.200001,14.834884,702400
2016-11-03,19.190001,19.290001,19.049999,19.100000,14.757620,881100
2016-11-04,19.190001,19.260000,19.080000,19.150000,14.796249,488900
2016-11-07,19.389999,19.549999,19.270000,19.520000,15.082133,490900
2016-11-08,19.490000,19.830000,19.469999,19.760000,15.267572,548300
2016-11-09,19.280001,19.580000,19.040001,19.450001,15.028049,932900
2016-11-10,19.540001,19.680000,18.450001,19.080000,14.742166,1982100
2016-11-11,19.080000,19.629999,19.059999,19.400000,14.989413,938700
2016-11-14,19.389999,19.820000,19.230000,19.799999,15.298472,698800
2016-11-15,19.870001,20.070000,19.639999,19.809999,15.306198,1091800
2016-11-16,19.809999,19.969999,19.620001,19.790001,15.290748,653100
2016-11-17,19.780001,20.139999,19.770000,19.790001,15.290748,1622300
2016-11-18,19.920000,20.110001,19.799999,19.990000,15.445279,955700
2016-11-21,20.030001,20.190001,19.889999,19.959999,15.422101,758500
2016-11-22,20.059999,20.600000,19.969999,20.590000,15.908869,887300
2016-11-23,20.400000,20.629999,20.299999,20.620001,15.932048,543200
2016-11-25,20.719999,20.889999,20.559999,20.709999,16.001581,275400
2016-11-28,20.760000,20.990000,20.629999,20.850000,16.109756,750600
2016-11-29,20.940001,21.129999,20.879999,20.950001,16.187023,728200
2016-11-30,20.889999,20.889999,20.469999,20.639999,15.947500,850500
2016-12-01,20.440001,20.629999,20.190001,20.320000,15.700255,1041700
2016-12-02,20.370001,20.799999,20.370001,20.620001,15.932048,601200
2016-12-05,20.629999,20.770000,20.549999,20.730000,16.017038,648500
2016-12-06,20.809999,21.020000,20.590000,20.799999,16.071129,590800
2016-12-07,20.860001,21.350000,20.860001,21.200001,16.380186,843500
2016-12-08,21.120001,21.540001,21.000000,21.480000,16.596529,746800
2016-12-09,21.490000,21.670000,21.180000,21.230000,16.403362,837900
2016-12-12,21.190001,21.340000,20.910000,21.150000,16.341555,609200
2016-12-13,21.110001,21.450001,20.799999,21.129999,16.466236,529300
2016-12-14,21.200001,21.209999,20.480000,20.500000,15.975290,642900
2016-12-15,20.450001,20.629999,20.090000,20.129999,15.686950,877100
2016-12-16,20.209999,20.780001,20.209999,20.610001,16.061012,2164600
2016-12-19,20.750000,20.969999,20.690001,20.809999,16.216873,588300
2016-12-20,20.820000,21.080000,20.690001,20.980000,16.349344,1035800
2016-12-21,20.930000,21.209999,20.690001,20.690001,16.123356,573300
2016-12-22,20.650000,20.680000,20.420000,20.660000,16.099974,631100
2016-12-23,20.650000,20.770000,20.580000,20.680000,16.115559,502200
2016-12-27,20.670000,20.820000,20.580000,20.629999,16.076595,472900
2016-12-28,20.680000,20.840000,20.480000,20.549999,16.014252,453800
2016-12-29,20.650000,20.920000,20.510000,20.879999,16.271412,498600
2016-12-30,20.959999,21.260000,20.830000,21.129999,16.466236,586800
2017-01-03,21.219999,21.240000,21.000000,21.129999,16.466236,770200
2017-01-04,21.129999,21.440001,21.120001,21.420000,16.692228,900400
2017-01-05,21.320000,21.510000,20.980000,21.389999,16.668848,641000
2017-01-06,21.240000,21.559999,21.240000,21.370001,16.653265,466600
2017-01-09,21.370001,21.400000,20.940001,20.940001,16.318174,552000
2017-01-10,20.889999,21.040001,20.709999,20.760000,16.177904,488500
2017-01-11,20.760000,20.820000,20.570000,20.629999,16.076595,585900
2017-01-12,20.670000,20.770000,20.450001,20.750000,16.170115,432500
2017-01-13,20.750000,20.820000,20.500000,20.740000,16.162317,664200
2017-01-17,20.730000,20.969999,20.690001,20.950001,16.325968,751100
2017-01-18,20.930000,21.059999,20.719999,21.020000,16.380520,595300
2017-01-19,20.969999,21.030001,20.650000,20.700001,16.131145,582300
2017-01-20,20.610001,20.870001,20.610001,20.830000,16.232452,451300
2017-01-23,20.860001,21.110001,20.780001,21.080000,16.427275,482400
2017-01-24,21.059999,21.150000,20.870001,20.959999,16.333763,676800
2017-01-25,20.930000,21.049999,20.830000,20.959999,16.333763,717400
2017-01-26,20.969999,21.059999,20.840000,20.900000,16.287003,430900
2017-01-27,20.959999,20.959999,20.520000,20.580000,16.037632,411500
2017-01-30,20.559999,20.799999,20.379999,20.750000,16.170115,924000
2017-01-31,20.670000,21.330000,20.670000,21.200001,16.520788,1783100
2017-02-01,21.150000,21.320000,20.670000,20.690001,16.123356,1136500
2017-02-02,20.600000,20.930000,20.420000,20.870001,16.263622,677000
2017-02-03,20.930000,21.139999,20.809999,20.990000,16.357140,527800
2017-02-06,21.090000,21.090000,20.860001,20.920000,16.302588,438500
2017-02-07,20.969999,21.070000,20.799999,20.850000,16.248037,478000
2017-02-08,20.900000,21.010000,20.740000,20.930000,16.310381,440100
2017-02-09,20.889999,21.219999,20.889999,21.160000,16.489618,477300
2017-02-10,21.219999,21.590000,21.180000,21.530001,16.777952,453000
2017-02-13,21.590000,21.639999,21.350000,21.540001,16.785746,882900
2017-02-14,21.510000,21.510000,21.170000,21.209999,16.528585,517600
2017-02-15,21.129999,21.180000,20.719999,20.870001,16.263622,814200
2017-02-16,20.910000,21.110001,20.910000,21.049999,16.403896,552000
2017-02-17,21.170000,21.270000,20.920000,20.990000,16.357140,1060400
2017-02-21,21.000000,21.320000,20.940001,21.309999,16.606510,772600
2017-02-22,21.299999,21.379999,21.160000,21.299999,16.598715,705100
2017-02-23,21.080000,22.160000,20.860001,22.100000,17.222145,1048400
2017-02-24,22.190001,22.190001,21.850000,22.040001,17.175385,1064700
2017-02-27,22.040001,22.370001,22.000000,22.250000,17.339033,1021200
2017-02-28,22.299999,22.299999,21.920000,22.000000,17.144215,1297600
2017-03-01,21.950001,22.000000,21.730000,21.760000,16.957188,1081500
2017-03-02,21.730000,21.730000,21.420000,21.650000,16.871464,1229400
2017-03-03,21.620001,21.709999,21.139999,21.379999,16.661060,794200
2017-03-06,21.290001,21.400000,21.190001,21.299999,16.598715,664000
2017-03-07,21.250000,21.290001,21.030001,21.160000,16.489618,893700
2017-03-08,21.010000,21.059999,20.730000,20.750000,16.170115,1115700
2017-03-09,20.750000,20.820000,20.299999,20.299999,15.819437,965400
2017-03-10,20.400000,20.639999,20.170000,20.400000,15.897361,1192500
2017-03-13,20.340000,20.610001,20.309999,20.450001,15.936325,890500
2017-03-14,20.170000,20.530001,20.129999,20.510000,16.131382,786400
2017-03-15,20.570000,21.120001,20.570000,21.010000,16.524639,1179500
2017-03-16,20.950001,21.129999,20.930000,21.000000,16.516771,697300
2017-03-17,20.910000,21.270000,20.900000,21.250000,16.713402,1869500
2017-03-20,21.250000,21.330000,21.110001,21.150000,16.634750,624500
2017-03-21,21.219999,21.299999,20.940001,21.020000,16.532507,1190000
2017-03-22,21.020000,21.330000,20.459999,20.809999,16.367338,1143000
2017-03-23,20.770000,21.330000,20.629999,21.120001,16.611153,875200
2017-03-24,21.160000,21.320000,21.090000,21.120001,16.611153,725200
2017-03-27,21.209999,21.219999,20.700001,20.780001,16.343744,666500
2017-03-28,21.139999,21.139999,20.530001,20.820000,16.375202,1081100
2017-03-29,20.790001,20.900000,20.639999,20.790001,16.351606,643800
2017-03-30,20.799999,20.940001,20.660000,20.850000,16.398800,491700
2017-03-31,20.860001,21.059999,20.860001,21.030001,16.540371,999400
2017-04-03,20.990000,21.150000,20.900000,21.120001,16.611153,891900
2017-04-04,21.080000,21.260000,21.030001,21.180000,16.658348,814700
2017-04-05,21.219999,21.240000,20.809999,20.850000,16.398800,930100
2017-04-06,20.850000,21.030001,20.780001,20.940001,16.469582,641600
2017-04-07,20.920000,21.049999,20.820000,20.850000,16.398800,516300
2017-04-10,20.870001,21.209999,20.750000,21.180000,16.658348,586700
2017-04-11,21.190001,21.610001,21.180000,21.570000,16.965086,912100
2017-04-12,21.520000,21.629999,21.410000,21.520000,16.925764,532900
2017-04-13,21.500000,21.840000,21.450001,21.510000,16.917892,490800
2017-04-17,21.570000,21.780001,21.530001,21.770000,17.122385,388700
2017-04-18,21.709999,21.910000,21.459999,21.870001,17.201042,780900
2017-04-19,21.860001,22.059999,21.820000,21.870001,17.201042,683400
2017-04-20,21.930000,22.010000,21.750000,22.000000,17.303286,678800
2017-04-21,21.959999,22.000000,21.780001,21.799999,17.145983,573500
2017-04-24,21.930000,21.940001,21.139999,21.280001,16.736994,785400
2017-04-25,21.299999,21.580000,21.260000,21.520000,16.925764,868300
2017-04-26,21.450001,21.459999,21.040001,21.100000,16.595425,1112000
2017-04-27,21.090000,21.299999,20.920000,21.010000,16.524639,778200
2017-04-28,21.020000,21.020000,20.580000,20.600000,16.202171,740200
2017-05-01,20.600000,20.990000,20.459999,20.900000,16.438122,806000
2017-05-02,20.940001,21.000000,20.740000,20.920000,16.453850,881300
2017-05-03,20.920000,20.990000,20.629999,20.799999,16.359470,990100
2017-05-04,20.700001,20.780001,20.309999,20.740000,16.312279,1086800
2017-05-05,20.780001,20.900000,20.680000,20.879999,16.422388,783900
2017-05-08,20.879999,20.950001,20.299999,20.330000,15.989811,633900
2017-05-09,20.340000,20.340000,20.129999,20.309999,15.974080,771600
2017-05-10,20.299999,20.629999,20.219999,20.440001,16.076321,655000
2017-05-11,20.370001,20.440001,19.889999,19.980000,15.714526,2137100
2017-05-12,20.000000,20.170000,19.870001,19.940001,15.683074,1787500
2017-05-15,19.940001,20.260000,19.830000,19.870001,15.628012,739500
2017-05-16,19.850000,19.850000,19.139999,19.260000,15.148240,1363500
2017-05-17,19.219999,19.480000,19.129999,19.400000,15.258353,1816400
2017-05-18,19.350000,19.549999,19.200001,19.530001,15.360599,912800
2017-05-19,19.480000,19.860001,19.440001,19.650000,15.454979,1596300
2017-05-22,19.660000,19.889999,19.610001,19.690001,15.486443,1627500
2017-05-23,19.760000,19.879999,19.680000,19.850000,15.612287,1122900
2017-05-24,19.870001,20.180000,19.870001,20.040001,15.761723,856700
2017-05-25,20.049999,21.200001,19.990000,20.129999,15.832503,613500
2017-05-26,20.110001,20.160000,19.850000,20.059999,15.777452,807300
2017-05-30,20.030001,20.110001,19.740000,19.770000,15.549361,607600
2017-05-31,19.770000,19.879999,19.510000,19.760000,15.541496,918600
2017-06-01,19.750000,19.980000,19.610001,19.920000,15.667340,1000600
2017-06-02,20.040001,20.250000,19.780001,19.830000,15.596556,1147300
2017-06-05,19.750000,19.920000,19.570000,19.639999,15.447113,1375400
2017-06-06,19.570000,19.889999,19.340000,19.740000,15.525765,953200
2017-06-07,19.790001,20.160000,19.770000,20.049999,15.769583,882000
2017-06-08,20.070000,20.100000,19.799999,19.990000,15.722395,883200
2017-06-09,20.010000,20.510000,19.840000,20.330000,15.989811,799800
2017-06-12,20.400000,20.830000,20.360001,20.719999,16.296555,895400
2017-06-13,20.570000,20.879999,20.420000,20.700001,16.429895,575900
2017-06-14,20.870001,20.900000,20.450001,20.600000,16.350525,503000
2017-06-15,20.459999,20.820000,20.459999,20.690001,16.421957,468500
2017-06-16,20.520000,20.629999,19.480000,19.570000,15.532997,2878200
2017-06-19,19.570000,19.590000,19.120001,19.150000,15.199636,2758300
2017-06-20,19.209999,19.219999,18.770000,18.990000,15.072642,2091100
2017-06-21,18.959999,19.080000,18.690001,18.879999,14.985336,1352600
2017-06-22,18.870001,19.309999,18.570000,18.820000,14.937711,1768700
2017-06-23,18.830000,19.260000,18.790001,19.129999,15.183760,4045600
2017-06-26,19.219999,19.540001,19.139999,19.360001,15.366318,1145000
2017-06-27,19.270000,19.420000,19.219999,19.299999,15.318690,798000
2017-06-28,19.320000,19.620001,19.120001,19.480000,15.461565,1059100
2017-06-29,19.389999,19.610001,19.280001,19.490000,15.469503,724000
2017-06-30,19.530001,19.650000,19.180000,19.190001,15.231384,862700
2017-07-03,19.270000,19.750000,19.250000,19.690001,15.628242,438800
2017-07-05,19.680000,19.790001,19.080000,19.120001,15.175823,1097800
2017-07-06,18.990000,19.180000,18.840000,18.980000,15.064703,1073700
2017-07-07,19.010000,19.389999,18.980000,19.330000,15.342505,628600
2017-07-10,19.309999,19.370001,18.770000,18.850000,14.961525,898500
2017-07-11,19.010000,19.030001,18.660000,18.969999,15.056767,895600
2017-07-12,19.150000,19.440001,19.139999,19.190001,15.231384,1025800
2017-07-13,19.240000,19.430000,19.090000,19.420000,15.413941,703200
2017-07-14,19.559999,19.990000,19.549999,19.940001,15.826675,1675000
2017-07-17,19.930000,20.010000,19.750000,19.879999,15.779043,949500
2017-07-18,19.830000,20.059999,19.730000,20.049999,15.913977,1008200
2017-07-19,20.059999,20.209999,20.010000,20.170000,16.009222,726000
2017-07-20,20.209999,20.400000,20.129999,20.270000,16.088594,1051600
2017-07-21,20.420000,20.420000,19.850000,20.020000,15.890164,981100
2017-07-24,20.020000,20.129999,19.830000,20.020000,15.890164,632000
2017-07-25,19.990000,20.420000,19.889999,20.400000,16.191778,796800
2017-07-26,20.410000,20.670000,20.330000,20.590000,16.342583,915100
2017-07-27,20.709999,20.780001,19.790001,20.500000,16.271149,975200
2017-07-28,20.469999,20.620001,20.240000,20.280001,16.096535,914900
2017-07-31,20.290001,20.350000,19.990000,20.280001,16.096535,864400
2017-08-01,20.330000,20.620001,20.200001,20.520000,16.287025,669200
2017-08-02,20.450001,20.450001,20.150000,20.200001,16.033035,933200
2017-08-03,20.180000,20.350000,20.040001,20.100000,15.953664,602500
2017-08-04,20.110001,20.410000,20.110001,20.330000,16.136219,587900
2017-08-07,20.330000,20.480000,20.170000,20.480000,16.255280,449900
2017-08-08,20.450001,20.540001,20.129999,20.309999,16.120344,503200
2017-08-09,20.350000,20.469999,20.180000,20.400000,16.191778,594400
2017-08-10,20.320000,20.379999,20.170000,20.170000,16.009222,438200
2017-08-11,20.190001,20.200001,19.870001,20.030001,15.898106,715700
2017-08-14,20.090000,20.510000,19.920000,20.480000,16.255280,537700
2017-08-15,20.400000,20.420000,19.969999,20.049999,15.913977,511900
2017-08-16,20.129999,20.320000,20.090000,20.139999,15.985413,500300
2017-08-17,20.330000,20.330000,20.000000,20.040001,15.906043,731400
2017-08-18,19.889999,20.120001,19.700001,19.730000,15.659989,729300
2017-08-21,19.719999,20.219999,19.690001,20.180000,16.017164,574100
2017-08-22,20.129999,20.240000,20.020000,20.070000,15.929854,394600
2017-08-23,19.969999,20.260000,19.870001,20.170000,16.009222,520900
2017-08-24,20.230000,20.530001,19.980000,20.020000,15.890164,897300
2017-08-25,20.070000,20.340000,19.889999,20.209999,16.040976,554700
2017-08-28,20.260000,20.320000,19.750000,19.870001,15.771108,783400
2017-08-29,19.850000,19.930000,19.600000,19.670000,15.612365,741000
2017-08-30,19.650000,19.809999,19.500000,19.799999,15.715550,358200
2017-08-31,19.870001,20.090000,19.799999,19.840000,15.747298,727600
2017-09-01,19.840000,20.080000,19.750000,19.940001,15.826675,633800
2017-09-05,19.950001,20.160000,19.879999,19.990000,15.866357,754500
2017-09-06,20.010000,20.540001,20.010000,20.250000,16.072721,846800
2017-09-07,20.270000,20.379999,20.160000,20.230000,16.056845,630500
2017-09-08,20.190001,20.270000,20.000000,20.070000,15.929854,830300
2017-09-11,20.049999,20.260000,19.969999,20.020000,15.890164,615400
2017-09-12,19.940001,20.129999,19.650000,19.750000,15.675867,757100
2017-09-13,19.639999,19.760000,19.510000,19.740000,15.818501,895100
2017-09-14,19.690001,20.010000,19.629999,19.990000,16.018837,518400
2017-09-15,19.780001,19.920000,19.549999,19.840000,15.898638,1626600
2017-09-18,19.790001,19.840000,19.500000,19.590000,15.698296,833600
2017-09-19,19.559999,19.570000,19.320000,19.350000,15.505979,1436800
2017-09-20,19.360001,19.430000,19.180000,19.250000,15.425844,815800
2017-09-21,19.260000,19.379999,18.860001,18.889999,15.137362,1727600
2017-09-22,19.020000,19.049999,18.870001,18.980000,15.209482,1112900
2017-09-25,18.990000,19.480000,18.990000,19.250000,15.425844,880200
2017-09-26,19.250000,19.459999,19.250000,19.440001,15.578104,995300
2017-09-27,19.379999,19.410000,18.920000,18.990000,15.217495,1339900
2017-09-28,19.040001,19.090000,18.900000,19.030001,15.249553,1073700
2017-09-29,19.020000,19.129999,18.870001,19.010000,15.233521,1111900
2017-10-02,19.070000,19.070000,18.900000,19.010000,15.233521,1023500
2017-10-03,18.980000,19.020000,18.809999,19.000000,15.225515,780400
2017-10-04,19.059999,19.170000,18.920000,19.040001,15.257564,851200
2017-10-05,19.020000,19.290001,19.010000,19.080000,15.289618,897200
2017-10-06,19.020000,19.070000,18.799999,18.950001,15.185443,902700
2017-10-09,18.950001,19.139999,18.850000,18.990000,15.217495,1078000
2017-10-10,19.120001,19.309999,19.059999,19.150000,15.345712,663200
2017-10-11,19.129999,19.330000,19.100000,19.139999,15.337696,747800
2017-10-12,19.110001,19.309999,19.110001,19.260000,15.433857,704200
2017-10-13,19.400000,19.469999,19.180000,19.400000,15.546049,1072400
2017-10-16,19.400000,19.480000,19.090000,19.219999,15.401807,717900
2017-10-17,19.160000,19.330000,19.139999,19.200001,15.385777,751200
2017-10-18,19.200001,19.480000,19.040001,19.200001,15.385777,827600
2017-10-19,19.200001,19.330000,19.020000,19.059999,15.273590,1043300
2017-10-20,19.120001,19.260000,18.670000,18.760000,15.033190,1124000
2017-10-23,18.770000,18.910000,18.690001,18.850000,15.105309,921900
2017-10-24,18.809999,18.840000,18.540001,18.709999,14.993121,577500
2017-10-25,18.740000,18.950001,18.459999,18.590000,14.896959,1561300
2017-10-26,18.740000,18.799999,18.250000,18.280001,14.648545,1392100
2017-10-27,18.250000,18.440001,18.030001,18.370001,14.720667,1013300
2017-10-30,18.280001,18.400000,18.100000,18.209999,14.592446,792400
2017-10-31,18.240000,18.240000,17.870001,17.980000,14.408139,1084700
2017-11-01,18.010000,18.270000,17.910000,18.180000,14.568410,873700
2017-11-02,18.270000,18.600000,18.270000,18.570000,14.880933,958500
2017-11-03,18.570000,18.580000,18.219999,18.430000,14.768746,1128800
2017-11-06,18.450001,18.610001,18.389999,18.490000,14.816827,943000
2017-11-07,18.299999,18.930000,18.299999,18.770000,15.041201,918700
2017-11-08,18.740000,18.930000,18.680000,18.740000,15.017159,850200
2017-11-09,18.650000,19.129999,18.639999,18.879999,15.129354,1044200
2017-11-10,18.840000,19.139999,18.840000,19.010000,15.233521,858900
2017-11-13,19.049999,19.379999,18.990000,19.320000,15.481941,1139000
2017-11-14,19.270000,19.459999,19.100000,19.299999,15.465914,820900
2017-11-15,19.270000,19.400000,19.170000,19.350000,15.505979,1417600
2017-11-16,19.290001,19.440001,19.209999,19.410000,15.554065,1028200
2017-11-17,19.379999,19.570000,19.260000,19.549999,15.666246,799800
2017-11-20,19.540001,19.620001,19.170000,19.580000,15.690284,1003700
2017-11-21,19.600000,19.730000,19.510000,19.730000,15.810489,806100
2017-11-22,19.680000,19.920000,19.620001,19.820000,15.882612,901800
2017-11-24,19.879999,19.879999,19.450001,19.770000,15.842542,418900
2017-11-27,19.700001,19.809999,19.510000,19.590000,15.698296,798900
2017-11-28,19.590000,19.639999,19.330000,19.559999,15.674259,754800
2017-11-29,19.430000,19.830000,19.430000,19.700001,15.786447,1005000
2017-11-30,19.709999,19.850000,19.520000,19.570000,15.682279,785800
2017-12-01,19.639999,19.690001,19.330000,19.520000,15.642208,747300
2017-12-04,19.540001,19.889999,19.540001,19.840000,15.898638,866100
2017-12-05,19.809999,19.840000,19.430000,19.450001,15.586116,1184000
2017-12-06,19.480000,19.570000,19.110001,19.250000,15.425844,888300
2017-12-07,19.270000,19.420000,19.190001,19.330000,15.489955,757500
2017-12-08,19.350000,19.490000,19.270000,19.480000,15.610153,652400
2017-12-11,19.459999,19.500000,19.230000,19.309999,15.473925,952200
2017-12-12,19.309999,19.540001,19.250000,19.520000,15.642208,701200
2017-12-13,19.410000,19.610001,19.340000,19.510000,15.786239,717900
2017-12-14,19.559999,19.730000,19.459999,19.600000,15.859055,593600
2017-12-15,19.600000,19.889999,19.600000,19.870001,16.077520,1785200
2017-12-18,19.950001,20.090000,19.889999,19.930000,16.126072,1443600
2017-12-19,19.930000,19.990000,19.440001,19.540001,15.810512,868900
2017-12-20,19.500000,19.700001,19.230000,19.240000,15.567766,591900
2017-12-21,19.299999,19.340000,19.139999,19.230000,15.559672,545800
2017-12-22,19.209999,19.350000,19.090000,19.320000,15.632496,831400
2017-12-26,19.320000,19.690001,19.290001,19.650000,15.899512,578600
2017-12-27,19.680000,19.850000,19.600000,19.780001,16.004702,774700
2017-12-28,19.799999,20.030001,19.670000,20.010000,16.190804,963900
2017-12-29,20.020000,20.070000,19.910000,19.950001,16.142260,1112400
2018-01-02,19.969999,20.090000,19.750000,20.030001,16.206985,1026400
2018-01-03,20.040001,20.139999,19.889999,19.940001,16.134169,971100
2018-01-04,19.959999,19.990000,19.430000,19.450001,15.737690,952000
2018-01-05,19.469999,19.610001,19.420000,19.590000,15.850965,900100
2018-01-08,19.590000,19.709999,19.469999,19.660000,15.907601,652500
2018-01-09,19.670000,19.889999,19.160000,19.240000,15.567766,648600
2018-01-10,19.139999,19.230000,18.850000,19.000000,15.373575,921900
2018-01-11,19.010000,19.080000,18.780001,18.840000,15.244110,811200
2018-01-12,18.830000,18.850000,18.730000,18.760000,15.179382,516600
2018-01-16,18.920000,19.070000,18.730000,18.760000,15.179382,809600
2018-01-17,18.820000,18.959999,18.799999,18.860001,15.260297,648500
2018-01-18,18.809999,18.879999,18.660000,18.709999,15.138925,527100
2018-01-19,18.680000,18.950001,18.570000,18.940001,15.325028,805100
2018-01-22,18.959999,19.129999,18.830000,19.090000,15.446397,902900
2018-01-23,19.209999,19.230000,19.030001,19.090000,15.446397,895800
2018-01-24,19.070000,19.120001,18.799999,18.910000,15.300756,795900
2018-01-25,18.959999,19.000000,18.760000,18.910000,15.300756,760700
2018-01-26,18.980000,19.170000,18.570000,18.690001,15.122745,600000
2018-01-29,18.650000,18.680000,18.180000,18.340000,14.839548,959400
2018-01-30,18.309999,18.370001,18.100000,18.120001,14.661540,812200
2018-01-31,18.250000,18.389999,18.070000,18.370001,14.863820,1121700
2018-02-01,18.350000,18.420000,17.870001,17.900000,14.483524,1207800
2018-02-02,17.799999,17.990000,17.500000,17.650000,14.281240,1236400
2018-02-05,17.610001,17.889999,17.129999,17.150000,13.876673,1008300
2018-02-06,16.950001,17.379999,16.740000,17.360001,14.046592,1586100
2018-02-07,17.360001,17.650000,17.200001,17.209999,13.925223,932900
2018-02-08,17.190001,17.219999,16.610001,16.620001,13.447833,1425700
2018-02-09,16.690001,16.860001,16.309999,16.730000,13.536837,1664200
2018-02-12,16.840000,17.389999,16.209999,16.879999,13.658205,1973400
2018-02-13,16.840000,17.180000,16.660000,17.129999,13.860490,1796800
2018-02-14,16.969999,17.330000,16.610001,17.280001,13.981863,2965900
2018-02-15,17.330000,17.639999,17.260000,17.309999,14.006138,1079400
2018-02-16,17.309999,17.740000,17.309999,17.620001,14.256968,1403300
2018-02-20,17.559999,17.950001,17.559999,17.690001,14.313611,2006100
2018-02-21,17.730000,17.910000,17.530001,17.620001,14.256968,1389300
2018-02-22,17.500000,18.170000,17.500000,17.629999,14.265058,1568900
2018-02-23,17.570000,17.719999,17.120001,17.469999,14.135601,2952100
2018-02-26,17.510000,17.600000,17.299999,17.590000,14.232693,1226300
2018-02-27,17.549999,17.700001,17.090000,17.110001,13.844307,1112500
2018-02-28,17.160000,17.450001,17.129999,17.160000,13.884765,1069400
2018-03-01,17.170000,17.570000,17.010000,17.459999,14.127507,1278700
2018-03-02,17.320000,17.690001,17.190001,17.610001,14.248878,1056900
2018-03-05,17.590000,17.860001,17.520000,17.620001,14.256968,1334000
2018-03-06,17.580000,17.700001,17.420000,17.650000,14.281240,1042800
2018-03-07,17.620001,17.840000,17.590000,17.780001,14.386428,804200
2018-03-08,17.820000,17.879999,17.510000,17.559999,14.208420,830900
2018-03-09,17.500000,17.670000,17.110001,17.629999,14.265058,1946900
2018-03-12,17.670000,17.790001,17.480000,17.719999,14.337882,2030100
2018-03-13,17.809999,17.980000,17.730000,17.910000,14.491617,2102100
2018-03-14,17.709999,17.770000,17.490000,17.730000,14.503891,1839000
2018-03-15,17.650000,17.700001,17.389999,17.600000,14.397541,1690000
2018-03-16,17.580000,17.709999,17.420000,17.700001,14.479351,2388700
2018-03-19,17.549999,17.590000,17.070000,17.389999,14.225752,1841000
2018-03-20,17.430000,17.610001,17.070000,17.260000,14.119407,1207600
2018-03-21,17.219999,17.530001,17.139999,17.219999,14.086686,1324400
2018-03-22,17.209999,17.570000,17.209999,17.290001,14.143951,1282900
2018-03-23,17.360001,17.370001,16.780001,16.790001,13.734931,1698100
2018-03-26,16.980000,17.120001,16.790001,17.040001,13.939441,2132700
2018-03-27,17.080000,17.330000,16.799999,17.120001,14.004883,1752600
2018-03-28,17.219999,17.719999,17.180000,17.650000,14.438442,1352300
2018-03-29,17.740000,17.860001,17.590000,17.670000,14.454805,1632100
2018-04-02,17.629999,17.740000,17.320000,17.430000,14.258473,1689700
2018-04-03,17.480000,17.780001,17.320000,17.730000,14.503891,1315100
2018-04-04,17.680000,18.020000,17.510000,17.940001,14.675677,792000
2018-04-05,17.950001,17.950001,17.650000,17.750000,14.520248,877600
2018-04-06,17.719999,17.870001,17.270000,17.320000,14.168490,1263600
2018-04-09,17.370001,17.520000,17.190001,17.340000,14.184851,854100
2018-04-10,17.450001,17.570000,17.299999,17.340000,14.184851,1168200
2018-04-11,17.330000,17.450001,17.160000,17.209999,14.078506,1547300
2018-04-12,17.200001,17.200001,16.889999,16.940001,13.857634,971300
2018-04-13,17.000000,17.040001,16.860001,16.990000,13.898537,703000
2018-04-16,17.020000,17.209999,16.930000,17.110001,13.996700,753900
2018-04-17,17.170000,17.330000,17.059999,17.190001,14.062148,609100
2018-04-18,17.190001,17.280001,17.129999,17.230000,14.094869,1117400
2018-04-19,17.100000,17.180000,16.730000,16.900000,13.824909,1340200
2018-04-20,16.879999,17.059999,16.559999,16.620001,13.595861,1313500
2018-04-23,16.620001,16.700001,16.320000,16.410000,13.424075,1085700
2018-04-24,16.469999,16.570000,16.250000,16.520000,13.514059,982600
2018-04-25,16.440001,16.590000,16.180000,16.309999,13.342268,934800
2018-04-26,16.940001,16.940001,16.270000,16.830000,13.767650,892700
2018-04-27,16.840000,17.549999,16.750000,17.530001,14.340281,1279700
2018-04-30,17.520000,17.590000,17.160000,17.200001,14.070326,1168400
2018-05-01,17.250000,17.340000,17.049999,17.290001,14.143951,1082400
2018-05-02,17.260000,17.260000,16.870001,16.910000,13.833092,1873300
2018-05-03,16.940001,17.170000,16.799999,17.070000,13.963982,2226400
2018-05-04,17.059999,17.440001,17.059999,17.389999,14.225752,974600
2018-05-07,17.400000,17.650000,17.350000,17.370001,14.209392,927600
2018-05-08,17.389999,17.410000,17.070000,17.110001,13.996700,1255500
2018-05-09,17.070000,17.320000,17.010000,17.219999,14.086686,1216900
2018-05-10,17.330000,17.430000,17.219999,17.430000,14.258473,1332800
2018-05-11,17.530001,17.580000,17.350000,17.430000,14.258473,892600
2018-05-14,17.430000,17.430000,17.080000,17.110001,13.996700,720200
2018-05-15,17.010000,17.059999,16.860001,16.920000,13.841275,1776800
2018-05-16,16.940001,17.160000,16.940001,17.090000,13.980340,1347400
2018-05-17,17.080000,17.320000,17.049999,17.219999,14.086686,1791600
2018-05-18,17.280001,17.280001,17.090000,17.160000,14.037603,1154800
2018-05-21,17.250000,17.520000,17.110001,17.379999,14.217572,1285400
2018-05-22,17.430000,17.780001,17.360001,17.670000,14.454805,1382700
2018-05-23,17.700001,17.980000,17.670000,17.860001,14.610232,984300
2018-05-24,17.930000,17.930000,17.660000,17.770000,14.536609,451400
2018-05-25,17.740000,17.830000,17.680000,17.799999,14.561151,682400
2018-05-29,17.770000,17.959999,17.670000,17.910000,14.651134,649700
2018-05-30,17.870001,18.260000,17.740000,18.120001,14.822928,906500
2018-05-31,18.139999,18.209999,17.969999,18.120001,14.822928,1068700
2018-06-01,18.180000,18.200001,17.809999,17.870001,14.618412,1657900
2018-06-04,17.860001,18.010000,17.770000,17.910000,14.651134,1180700
2018-06-05,18.030001,18.290001,17.969999,18.219999,14.904727,1193600
2018-06-06,18.260000,18.620001,17.980000,18.530001,15.158321,1445000
2018-06-07,18.520000,18.620001,18.320000,18.389999,15.043795,1154000
2018-06-08,18.440001,18.590000,18.389999,18.469999,15.109238,920600
2018-06-11,18.450001,18.639999,18.440001,18.480000,15.117421,979400
2018-06-12,18.420000,18.940001,18.420000,18.889999,15.452814,1466000
2018-06-13,18.740000,18.820000,18.389999,18.510000,15.299896,1116900
2018-06-14,18.600000,18.820000,18.510000,18.780001,15.523074,1692700
2018-06-15,18.660000,18.910000,18.660000,18.780001,15.523074,1959800
2018-06-18,18.740000,18.870001,18.549999,18.770000,15.514811,1051300
2018-06-19,18.809999,18.879999,18.639999,18.700001,15.456947,912600
2018-06-20,18.750000,19.080000,18.730000,18.990000,15.696656,1049000
2018-06-21,19.020000,19.440001,19.020000,19.410000,16.043819,1920500
2018-06-22,19.450001,19.600000,19.360001,19.520000,16.134741,2040700
2018-06-25,19.530001,19.660000,19.309999,19.430000,16.060350,958300
2018-06-26,19.480000,19.580000,19.340000,19.400000,16.035555,1325700
2018-06-27,19.490000,19.500000,19.040001,19.200001,15.870235,908600
2018-06-28,19.209999,19.330000,19.080000,19.299999,15.952895,898900
2018-06-29,19.280001,19.389999,19.110001,19.160000,15.837170,982200
2018-07-02,19.129999,19.230000,18.790001,19.070000,15.762780,729200
2018-07-03,19.120001,19.280001,18.950001,19.120001,15.804113,728600
2018-07-05,19.129999,19.440001,18.990000,19.430000,16.060350,1089900
2018-07-06,19.490000,19.530001,19.370001,19.500000,16.118208,800800
2018-07-09,19.510000,19.540001,19.219999,19.379999,16.019022,816300
2018-07-10,19.360001,19.480000,19.120001,19.260000,15.919829,908800
2018-07-11,19.190001,19.280001,19.049999,19.150000,15.828909,842800
2018-07-12,19.200001,19.250000,19.059999,19.170000,15.845439,435500
2018-07-13,19.180000,19.320000,19.100000,19.129999,15.812376,423800
2018-07-16,19.150000,19.170000,18.879999,19.020000,15.721454,670800
2018-07-17,19.129999,19.270000,18.930000,19.010000,15.713187,586800
2018-07-18,19.040001,19.070000,18.709999,18.889999,15.613997,932200
2018-07-19,18.860001,19.280001,18.780001,19.150000,15.828909,879000
2018-07-20,19.120001,19.139999,18.860001,19.030001,15.729720,885600
2018-07-23,19.030001,19.160000,18.870001,19.129999,15.812376,570200
2018-07-24,19.139999,19.209999,18.940001,18.950001,15.663597,976400
2018-07-25,18.990000,19.270000,18.860001,19.139999,15.820638,625200
2018-07-26,17.250000,19.260000,17.250000,18.750000,15.498277,2217300
2018-07-27,18.879999,18.930000,18.290001,18.299999,15.126324,1858400
2018-07-30,18.299999,18.650000,18.190001,18.580000,15.357762,1026100
2018-07-31,18.570000,19.100000,18.430000,18.910000,15.630535,1230000
2018-08-01,18.840000,18.930000,18.660000,18.900000,15.622263,1139900
2018-08-02,18.920000,19.110001,18.870001,19.000000,15.704924,955600
2018-08-03,19.030001,19.299999,18.990000,19.290001,15.944633,857200
2018-08-06,19.320000,19.420000,19.090000,19.150000,15.828909,1069200
2018-08-07,19.150000,19.160000,18.900000,19.100000,15.787581,957700
2018-08-08,19.110001,19.150000,18.950001,19.000000,15.704924,525500
2018-08-09,19.040001,19.129999,18.959999,18.959999,15.671861,587700
2018-08-10,18.910000,19.150000,18.889999,18.940001,15.655328,757700
2018-08-13,18.990000,19.020000,18.790001,18.809999,15.547873,878900
2018-08-14,18.870001,19.049999,18.830000,19.049999,15.746246,1074800
2018-08-15,19.059999,19.200001,19.049999,19.110001,15.795846,721500
2018-08-16,19.129999,19.180000,19.070000,19.100000,15.787581,1043800
2018-08-17,19.100000,19.330000,19.080000,19.330000,15.977691,972900
2018-08-20,19.379999,19.670000,19.370001,19.540001,16.151274,763800
2018-08-21,19.540001,19.760000,19.440001,19.570000,16.176069,820700
2018-08-22,19.650000,19.650000,19.490000,19.559999,16.167801,993300
2018-08-23,19.549999,19.650000,19.520000,19.580000,16.184334,398100
2018-08-24,19.570000,19.670000,19.459999,19.650000,16.242197,498900
2018-08-27,19.700001,19.709999,19.389999,19.500000,16.118208,836500
2018-08-28,19.500000,19.639999,19.400000,19.620001,16.217398,991400
2018-08-29,19.549999,19.620001,19.510000,19.549999,16.159538,871900
2018-08-30,19.530001,19.680000,19.459999,19.530001,16.143007,760000
2018-08-31,19.520000,19.750000,19.510000,19.740000,16.316587,727300
2018-09-04,19.700001,19.770000,19.379999,19.440001,16.068613,626100
2018-09-05,19.459999,19.700001,19.280001,19.610001,16.209133,417100
2018-09-06,19.680000,19.799999,19.580000,19.580000,16.184334,730000
2018-09-07,19.540001,19.540001,19.330000,19.360001,16.002493,613600
2018-09-10,19.410000,19.650000,19.410000,19.440001,16.068613,573800
2018-09-11,19.379999,19.500000,19.320000,19.400000,16.035555,652800
2018-09-12,19.200001,19.270000,19.080000,19.209999,16.039728,589700
2018-09-13,19.280001,19.309999,19.120001,19.230000,16.056425,487200
2018-09-14,19.190001,19.190001,18.650000,18.799999,15.697388,1006700
2018-09-17,18.820000,19.100000,18.750000,19.080000,15.931182,921600
2018-09-18,19.129999,19.170000,18.860001,18.879999,15.764193,883400
2018-09-19,18.770000,18.920000,18.469999,18.520000,15.463600,936300
2018-09-20,18.559999,18.700001,18.400000,18.700001,15.613894,1248100
2018-09-21,18.629999,18.870001,18.600000,18.600000,15.530399,1835300
2018-09-24,18.540001,18.610001,18.129999,18.250000,15.238157,1234600
2018-09-25,18.290001,18.520000,18.240000,18.430000,15.388455,1088400
2018-09-26,18.420000,18.530001,18.180000,18.190001,15.188061,956100
2018-09-27,18.219999,18.360001,18.180000,18.260000,15.246506,761100
2018-09-28,18.280001,18.690001,18.250000,18.670000,15.588843,1070300
2018-10-01,18.740000,18.750000,18.389999,18.389999,15.355053,1108400
2018-10-02,18.430000,18.580000,18.270000,18.320000,15.296608,907700
2018-10-03,18.320000,18.410000,18.010000,18.190001,15.188061,991200
2018-10-04,18.110001,18.180000,17.889999,18.040001,15.062819,979800
2018-10-05,18.080000,18.330000,18.000000,18.240000,15.229806,956900
2018-10-08,18.240000,18.680000,18.240000,18.650000,15.572144,748300
2018-10-09,18.639999,18.650000,18.309999,18.500000,15.446900,719400
2018-10-10,18.459999,18.670000,18.250000,18.270000,15.254861,805200
2018-10-11,18.260000,18.260000,17.730000,17.730000,14.803978,1061200
2018-10-12,17.850000,17.910000,17.600000,17.600000,14.695428,1001900
2018-10-15,17.620001,17.920000,17.590000,17.730000,14.803978,1363500
2018-10-16,17.809999,18.219999,17.600000,18.100000,15.112914,877400
2018-10-17,18.100000,18.180000,17.879999,18.020000,15.046118,1218200
2018-10-18,18.030001,18.190001,17.920000,18.010000,15.037766,612200
2018-10-19,17.959999,18.260000,17.959999,18.180000,15.179712,625300
2018-10-22,18.180000,18.420000,17.809999,17.870001,14.920870,771200
2018-10-23,17.809999,17.980000,17.629999,17.840000,14.895822,596100
2018-10-24,17.690001,17.770000,16.870001,16.980000,14.177750,5529800
2018-10-25,16.930000,17.440001,16.809999,17.379999,14.511736,4711900
2018-10-26,17.379999,17.490000,17.080000,17.230000,14.386492,2152200
2018-10-29,17.389999,17.790001,17.340000,17.660000,14.745524,1765200
2018-10-30,17.620001,18.090000,17.590000,17.950001,14.987668,1530000
2018-10-31,17.940001,17.940001,17.490000,17.590000,14.687078,1854500
2018-11-01,17.650000,17.790001,17.530001,17.670000,14.753877,1094200
2018-11-02,17.650000,17.760000,17.180000,17.490000,14.603585,1343500
2018-11-05,17.590000,17.840000,17.590000,17.700001,14.778930,1124700
2018-11-06,17.700001,17.780001,17.600000,17.670000,14.753877,866300
2018-11-07,17.700001,17.940001,17.610001,17.920000,14.962620,714200
2018-11-08,17.920000,17.980000,17.750000,17.980000,15.012714,444000
2018-11-09,17.969999,18.139999,17.860001,17.930000,14.970969,711000
2018-11-12,17.950001,18.170000,17.600000,17.820000,14.879124,467100
2018-11-13,17.850000,17.969999,17.650000,17.719999,14.795627,623600
2018-11-14,17.830000,17.889999,17.690001,17.760000,14.829023,1198200
2018-11-15,17.709999,17.709999,17.360001,17.600000,14.695428,885100
2018-11-16,17.540001,17.770000,17.500000,17.750000,14.820675,1015300
2018-11-19,17.730000,17.889999,17.490000,17.780001,14.845721,1095100
2018-11-20,17.700001,17.780001,17.530001,17.639999,14.728827,1116800
2018-11-21,17.780001,17.969999,17.559999,17.680000,14.762230,481700
2018-11-23,17.650000,17.780001,17.510000,17.559999,14.662028,397700
2018-11-26,17.610001,17.850000,17.570000,17.639999,14.728827,689800
2018-11-27,17.650000,17.660000,17.530001,17.590000,14.687078,1061700
2018-11-28,17.570000,17.830000,17.510000,17.820000,14.879124,1231500
2018-11-29,17.840000,17.889999,17.680000,17.740000,14.812327,617600
2018-11-30,17.740000,18.150000,17.740000,18.100000,15.112914,1133100
2018-12-03,18.230000,18.230000,17.900000,18.209999,15.204758,832800
2018-12-04,18.200001,18.230000,17.580000,17.610001,14.703779,809000
2018-12-06,17.530001,18.129999,17.360001,18.110001,15.121265,1604900
2018-12-07,18.120001,18.120001,17.870001,17.940001,14.979318,869200
2018-12-10,17.930000,17.940001,17.540001,17.809999,14.870771,768300
2018-12-11,17.850000,18.059999,17.790001,17.889999,14.937569,702600
2018-12-12,18.010000,18.059999,17.580000,17.620001,14.712129,1098700
2018-12-13,17.450001,17.760000,17.450001,17.570000,14.834553,643000
2018-12-14,17.520000,17.770000,17.520000,17.680000,14.927431,687000
2018-12-17,17.670000,17.760000,16.740000,16.799999,14.184433,973900
2018-12-18,16.930000,17.170000,16.820000,16.889999,14.260424,856100
2018-12-19,16.910000,16.910000,16.350000,16.420000,13.863595,885900
2018-12-20,16.410000,16.450001,16.049999,16.150000,13.635633,880200
2018-12-21,16.209999,16.469999,15.950000,15.980000,13.492098,2557000
2018-12-24,15.990000,16.010000,15.450000,15.460000,13.053056,529400
2018-12-26,15.510000,16.160000,15.440000,16.150000,13.635633,645100
2018-12-27,15.990000,16.129999,15.580000,16.100000,13.593414,1004000
2018-12-28,16.240000,16.400000,15.980000,16.110001,13.601859,1377100
2018-12-31,16.120001,16.250000,15.650000,15.880000,13.407667,1141300
2019-01-02,15.730000,15.770000,15.450000,15.550000,13.129045,915300
2019-01-03,15.550000,15.960000,15.540000,15.700000,13.255691,651700
2019-01-04,15.810000,16.129999,15.760000,15.890000,13.416111,888100
2019-01-07,15.950000,16.420000,15.940000,16.260000,13.728506,608800
2019-01-08,16.340000,16.780001,16.260000,16.780001,14.167550,594100
2019-01-09,16.809999,16.930000,16.520000,16.709999,14.108448,580100
2019-01-10,16.600000,16.889999,16.549999,16.709999,14.108448,584400
2019-01-11,16.709999,16.750000,16.520000,16.750000,14.142218,591200
2019-01-14,16.690001,16.760000,16.570000,16.610001,14.024017,588400
2019-01-15,16.650000,16.850000,16.610001,16.830000,14.209764,717900
2019-01-16,16.820000,17.049999,16.750000,17.010000,14.361743,897800
2019-01-17,16.959999,17.110001,16.790001,16.910000,14.277306,1116100
2019-01-18,16.910000,17.000000,16.719999,16.879999,14.251976,1111600
2019-01-22,16.910000,16.920000,16.600000,16.780001,14.167550,865400
2019-01-23,16.799999,16.879999,16.700001,16.870001,14.243535,678700
2019-01-24,16.889999,16.969999,16.760000,16.940001,14.302638,428200
2019-01-25,16.959999,17.280001,16.910000,17.270000,14.581261,609100
2019-01-28,17.180000,17.490000,17.160000,17.450001,14.733233,1102000
2019-01-29,17.469999,17.570000,17.420000,17.559999,14.826110,769400
2019-01-30,17.629999,17.850000,17.490000,17.750000,14.986534,940200
2019-01-31,17.740000,17.780001,17.490000,17.570000,14.834553,1646200
2019-02-01,17.600000,17.680000,17.080000,17.400000,14.691018,957100
2019-02-04,17.330000,17.639999,17.240000,17.639999,14.893651,605700
2019-02-05,17.660000,17.660000,17.520000,17.600000,14.859882,603200
2019-02-06,17.600000,17.629999,17.440001,17.530001,14.800782,368600
2019-02-07,17.459999,17.809999,17.340000,17.770000,15.003417,448600
2019-02-08,17.730000,17.959999,17.730000,17.930000,15.138508,518900
2019-02-11,17.959999,17.990000,17.830000,17.879999,15.096292,564000
2019-02-12,17.889999,17.889999,17.590000,17.840000,15.062518,486100
2019-02-13,17.820000,17.969999,17.680000,17.969999,15.172276,978600
2019-02-14,17.980000,17.990000,17.750000,17.799999,15.028744,583200
2019-02-15,17.809999,17.980000,17.680000,17.820000,15.045632,811300
2019-02-19,17.820000,17.910000,17.700001,17.799999,15.028744,725500
2019-02-20,17.650000,17.680000,16.969999,17.260000,14.572816,1066700
2019-02-21,17.160000,17.270000,16.900000,17.250000,14.564374,907500
2019-02-22,17.180000,17.410000,17.059999,17.120001,14.454616,1108500
2019-02-25,17.180000,17.230000,16.940001,16.950001,14.311082,551700
2019-02-26,16.990000,17.340000,16.930000,17.230000,14.547486,971000
2019-02-27,17.170000,17.209999,16.969999,17.150000,14.479944,557000
2019-02-28,17.120001,17.290001,16.910000,17.170000,14.496828,1570800
2019-03-01,17.180000,17.260000,16.790001,16.840000,14.218206,894100
2019-03-04,16.850000,16.959999,16.719999,16.900000,14.268866,1790100
2019-03-05,16.889999,17.080000,16.870001,16.950001,14.311082,479300
2019-03-06,16.959999,17.010000,16.730000,16.780001,14.167550,786700
2019-03-07,16.840000,16.990000,16.709999,16.860001,14.235095,968200
2019-03-08,16.830000,16.990000,16.780001,16.860001,14.235095,899900
2019-03-11,16.889999,16.990000,16.770000,16.969999,14.327966,730200
2019-03-12,17.010000,17.180000,16.950001,17.059999,14.403955,659500
2019-03-13,16.959999,17.000000,16.850000,16.879999,14.418475,502900
2019-03-14,16.860001,16.879999,16.770000,16.870001,14.409934,584400
2019-03-15,16.889999,16.969999,16.770000,16.900000,14.435560,1809800
2019-03-18,16.900000,17.070000,16.680000,16.750000,14.307432,644500
2019-03-19,16.760000,16.860001,16.709999,16.830000,14.375768,512400
2019-03-20,16.820000,17.020000,16.680000,16.820000,14.367227,606100
2019-03-21,16.799999,17.240000,16.799999,17.070000,14.580768,939000
2019-03-22,17.059999,17.219999,16.889999,16.889999,14.427019,815200
2019-03-25,16.889999,16.969999,16.780001,16.850000,14.392853,1175600
2019-03-26,16.860001,17.299999,16.780001,17.280001,14.760148,1003500
2019-03-27,17.290001,17.360001,17.129999,17.350000,14.819937,927700
2019-03-28,17.360001,17.500000,17.230000,17.400000,14.862645,926900
2019-03-29,17.440001,17.480000,17.299999,17.340000,14.811398,827000
2019-04-01,17.340000,17.389999,17.150000,17.389999,14.854106,462300
2019-04-02,17.400000,17.430000,17.160000,17.360001,14.828479,1243000
2019-04-03,17.389999,17.400000,17.200001,17.250000,14.734521,708800
2019-04-04,17.280001,17.340000,17.139999,17.190001,14.683272,813500
2019-04-05,17.170000,17.379999,17.170000,17.340000,14.811398,1385900
2019-04-08,17.330000,17.400000,17.200001,17.260000,14.743061,970000
2019-04-09,17.260000,17.350000,17.150000,17.219999,14.708895,804200
2019-04-10,17.320000,17.760000,17.230000,17.660000,15.084733,1973400
2019-04-11,17.639999,17.770000,17.559999,17.639999,15.067645,779000
2019-04-12,17.639999,17.680000,17.490000,17.680000,15.101819,457000
2019-04-15,17.690001,17.860001,17.490000,17.530001,14.973691,588900
2019-04-16,17.520000,17.520000,17.030001,17.090000,14.597853,644100
2019-04-17,17.110001,17.150000,16.860001,16.879999,14.418475,847000
2019-04-18,16.879999,17.340000,16.879999,17.230000,14.717437,1282100
2019-04-22,17.160000,17.209999,16.620001,16.860001,14.401394,1044800
2019-04-23,16.870001,17.200001,16.820000,17.120001,14.623481,1007300
2019-04-24,17.260000,17.520000,17.230000,17.400000,14.862645,835600
2019-04-25,17.610001,17.670000,17.150000,17.600000,15.033481,1027600
2019-04-26,17.670000,17.790001,17.549999,17.620001,15.050563,914100
2019-04-29,17.590000,17.709999,17.400000,17.440001,14.896816,722700
2019-04-30,17.450001,17.629999,17.340000,17.549999,14.990770,654400
2019-05-01,17.549999,17.830000,17.549999,17.709999,15.127442,1196800
2019-05-02,17.680000,17.889999,17.620001,17.809999,15.212859,726100
2019-05-03,17.840000,17.959999,17.709999,17.910000,15.298277,561300
2019-05-06,17.799999,18.010000,17.770000,17.959999,15.340981,705600
2019-05-07,18.000000,18.000000,17.379999,17.540001,14.982234,836100
2019-05-08,17.530001,17.709999,17.500000,17.559999,14.999313,596600
2019-05-09,17.559999,17.629999,17.360001,17.600000,15.033481,459600
2019-05-10,17.549999,17.860001,17.520000,17.799999,15.204317,449800
2019-05-13,17.670000,17.850000,17.559999,17.570000,15.007856,920700
2019-05-14,17.549999,17.650000,17.469999,17.590000,15.024940,1177000
2019-05-15,17.600000,17.660000,17.459999,17.520000,14.965148,1381800
2019-05-16,17.530001,17.690001,17.520000,17.580000,15.016398,648300
2019-05-17,17.540001,17.570000,17.420000,17.540001,14.982234,815700
2019-05-20,17.510000,17.580000,17.270000,17.370001,14.837024,588800
2019-05-21,17.410000,17.570000,17.400000,17.530001,14.973691,493000
2019-05-22,17.520000,17.580000,17.400000,17.510000,14.956605,353700
2019-05-23,17.459999,17.459999,17.280001,17.370001,14.837024,702400
2019-05-24,17.440001,17.559999,17.299999,17.340000,14.811398,1248800
2019-05-28,17.370001,17.469999,17.230000,17.230000,14.717437,672100
2019-05-29,17.190001,17.209999,16.700001,16.730000,14.290352,717600
2019-05-30,16.770000,16.900000,16.629999,16.730000,14.290352,924800
2019-05-31,16.639999,16.809999,16.459999,16.740000,14.298893,686000
2019-06-03,16.780001,16.830000,16.590000,16.770000,14.324517,821300
2019-06-04,16.790001,16.870001,16.540001,16.730000,14.290352,1366900
2019-06-05,16.809999,17.129999,16.730000,17.129999,14.632020,560800
2019-06-06,17.190001,17.209999,16.900000,17.049999,14.563684,470500
2019-06-07,17.129999,17.190001,17.040001,17.120001,14.623481,461900
2019-06-10,17.120001,17.120001,16.900000,17.040001,14.555145,554500
2019-06-11,17.070000,17.120001,16.889999,17.030001,14.546602,693500
2019-06-12,16.900000,17.030001,16.790001,16.959999,14.656355,552100
2019-06-13,17.000000,17.209999,16.959999,17.170000,14.837827,671600
2019-06-14,17.150000,17.320000,17.110001,17.260000,14.915603,601200
2019-06-17,17.260000,17.430000,17.240000,17.320000,14.967455,684900
2019-06-18,17.410000,17.540001,17.360001,17.459999,15.088437,711800
2019-06-19,17.450001,17.530001,17.260000,17.490000,15.114366,633800
2019-06-20,17.590000,17.590000,17.469999,17.510000,15.131646,1236100
2019-06-21,17.459999,17.459999,17.160000,17.299999,14.950171,1001900
2019-06-24,17.309999,17.330000,17.020000,17.110001,14.785982,636500
2019-06-25,17.129999,17.309999,17.080000,17.150000,14.820546,1094400
2019-06-26,17.150000,17.200001,16.629999,16.670000,14.405745,1595700
2019-06-27,16.730000,17.000000,16.510000,16.990000,14.682280,749200
2019-06-28,17.049999,17.290001,16.930000,17.129999,14.803262,1755700
2019-07-01,17.190001,17.240000,16.610001,16.969999,14.664994,1083100
2019-07-02,17.040001,17.340000,16.969999,17.320000,14.967455,825300
2019-07-03,17.320000,17.549999,17.320000,17.480000,15.105721,310900
2019-07-05,17.360001,17.530001,17.150000,17.500000,15.123004,493500
2019-07-08,17.540001,17.650000,17.440001,17.610001,15.218065,789000
2019-07-09,17.590000,17.790001,17.500000,17.740000,15.330406,894500
2019-07-10,18.010000,18.049999,17.809999,18.040001,15.589661,1416500
2019-07-11,18.030001,18.059999,17.790001,17.860001,15.434105,1535600
2019-07-12,17.860001,18.020000,17.790001,17.950001,15.511885,1060300
2019-07-15,17.950001,18.000000,17.799999,17.860001,15.434105,588900
2019-07-16,17.790001,18.010000,16.820000,17.940001,15.503242,923900
2019-07-17,17.980000,18.040001,17.680000,17.860001,15.434105,751700
2019-07-18,17.799999,18.020000,17.650000,17.969999,15.529163,767800
2019-07-19,17.879999,17.990000,17.580000,17.590000,15.200781,863700
2019-07-22,17.620001,17.620001,17.430000,17.500000,15.123004,958400
2019-07-23,17.530001,17.760000,17.469999,17.750000,15.339050,1243100
2019-07-24,17.750000,17.879999,17.600000,17.860001,15.434105,1217800
2019-07-25,18.650000,18.650000,17.670000,17.850000,15.425465,1054400
2019-07-26,17.870001,18.049999,17.760000,17.969999,15.529163,1109600
2019-07-29,18.049999,18.200001,17.980000,18.110001,15.650150,752600
2019-07-30,18.020000,18.270000,18.020000,18.250000,15.771136,1355300
2019-07-31,18.200001,18.360001,17.950001,18.139999,15.676074,2156100
2019-08-01,18.129999,18.190001,17.930000,17.940001,15.503242,907800
2019-08-02,17.910000,18.100000,17.850000,18.010000,15.563733,1010900
2019-08-05,17.889999,17.910000,17.400000,17.670000,15.269914,1061000
2019-08-06,17.660000,17.860001,17.590000,17.700001,15.295840,1327000
2019-08-07,17.680000,17.990000,17.480000,17.980000,15.537810,1023900
2019-08-08,17.959999,18.290001,17.860001,18.290001,15.805708,898400
2019-08-09,18.270000,18.350000,18.129999,18.330000,15.840268,696400
2019-08-12,18.350000,18.410000,18.080000,18.209999,15.736567,650200
2019-08-13,18.219999,18.370001,18.100000,18.110001,15.650150,559100
2019-08-14,18.000000,18.070000,17.730000,17.770000,15.356331,1178300
2019-08-15,17.840000,17.910000,17.700001,17.719999,15.313126,1925900
2019-08-16,17.719999,17.860001,17.680000,17.799999,15.382256,1741200
2019-08-19,17.930000,17.930000,17.780001,17.840000,15.416823,851000
2019-08-20,17.840000,17.860001,17.600000,17.600000,15.209423,867900
2019-08-21,17.620001,17.799999,17.570000,17.790001,15.373614,855600
2019-08-22,17.850000,17.889999,17.570000,17.799999,15.382256,1126500
2019-08-23,17.770000,17.930000,17.400000,17.430000,15.062514,1072400
2019-08-26,17.540001,17.570000,17.340000,17.510000,15.131646,874000
2019-08-27,17.530001,17.600000,17.270000,17.280001,14.932889,1204700
2019-08-28,17.320000,17.490000,17.049999,17.350000,14.993380,1100700
2019-08-29,17.420000,17.530001,17.410000,17.440001,15.071157,817100
2019-08-30,17.440001,17.549999,17.420000,17.510000,15.131646,926100
2019-09-03,17.430000,17.709999,17.400000,17.620001,15.226704,1221800
2019-09-04,17.700001,17.900000,17.690001,17.780001,15.364977,1174200
2019-09-05,17.799999,18.040001,17.670000,17.990000,15.546450,1839000
2019-09-06,18.000000,18.200001,18.000000,18.090000,15.632868,645200
2019-09-09,18.020000,18.430000,17.980000,18.410000,15.909403,1121600
2019-09-10,18.350000,18.520000,18.280001,18.520000,16.004465,1399900
2019-09-11,18.389999,18.440001,18.219999,18.410000,16.080450,1236200
2019-09-12,18.400000,18.520000,18.219999,18.420000,16.089190,1485400
2019-09-13,18.450001,18.570000,18.090000,18.219999,15.914496,1520600
2019-09-16,18.260000,18.260000,18.150000,18.180000,15.879558,893900
2019-09-17,18.160000,18.320000,18.020000,18.309999,15.993107,1418900
2019-09-18,18.370001,18.400000,18.100000,18.299999,15.984370,1172100
2019-09-19,18.410000,18.540001,18.360001,18.400000,16.071718,927900
2019-09-20,18.379999,18.559999,18.360001,18.389999,16.062983,1445200
2019-09-23,18.290001,18.379999,18.240000,18.260000,15.949432,1120700
2019-09-24,18.280001,18.309999,18.150000,18.219999,15.914496,1222700
2019-09-25,18.219999,18.389999,18.209999,18.270000,15.958167,1184800
2019-09-26,18.360001,18.430000,18.250000,18.379999,16.054247,945800
2019-09-27,18.400000,18.450001,18.180000,18.299999,15.984370,931500
2019-09-30,18.320000,18.400000,18.219999,18.230000,15.923225,958800
2019-10-01,18.290001,18.320000,17.950001,18.280001,15.966902,1590500
2019-10-02,18.290001,18.290001,18.070000,18.180000,15.879558,643600
2019-10-03,18.200001,18.270000,17.990000,18.090000,15.800943,938100
2019-10-04,18.120001,18.240000,18.059999,18.240000,15.931965,667200
2019-10-07,18.180000,18.379999,18.090000,18.309999,15.993107,1227600
2019-10-08,18.299999,18.410000,18.219999,18.309999,15.993107,971900
2019-10-09,18.320000,18.420000,18.160000,18.209999,15.905760,1012200
2019-10-10,18.230000,18.270000,18.070000,18.129999,15.835885,996600
2019-10-11,18.209999,18.500000,18.200001,18.430000,16.097921,1282100
2019-10-14,18.440001,18.490000,18.330000,18.430000,16.097921,564500
2019-10-15,18.530001,18.629999,18.370001,18.480000,16.141596,702100
2019-10-16,18.510000,18.559999,18.379999,18.469999,16.132860,629000
2019-10-17,18.490000,18.580000,18.350000,18.379999,16.054247,1228600
2019-10-18,18.330000,18.510000,18.270000,18.490000,16.150326,644900
2019-10-21,18.559999,18.930000,18.559999,18.910000,16.517187,953800
2019-10-22,18.959999,18.990000,18.790001,18.950001,16.552126,1199900
2019-10-23,19.000000,19.180000,18.799999,18.980000,16.578327,1191200
2019-10-24,19.000000,19.000000,18.730000,18.799999,16.421101,538300
2019-10-25,18.760000,18.870001,18.680000,18.820000,16.438570,877500
2019-10-28,18.860001,18.889999,18.690001,18.740000,16.368696,990800
2019-10-29,18.850000,18.850000,18.330000,18.600000,16.246410,2128400
2019-10-30,18.610001,18.910000,18.600000,18.830000,16.447304,1271300
2019-10-31,18.680000,18.860001,18.610001,18.670000,16.307554,1177400
2019-11-01,18.690001,18.750000,18.540001,18.730000,16.359961,783100
2019-11-04,18.700001,18.760000,18.549999,18.580000,16.228939,764400
2019-11-05,18.580000,18.660000,18.290001,18.340000,16.019312,653900
2019-11-06,18.370001,18.520000,18.330000,18.379999,16.054247,820700
2019-11-07,18.379999,18.570000,18.049999,18.110001,15.818412,707900
2019-11-08,18.049999,18.200001,18.020000,18.110001,15.818412,1056600
2019-11-11,18.120001,18.190001,18.030001,18.190001,15.888290,560100
2019-11-12,18.190001,18.299999,17.930000,17.950001,15.678658,594400
2019-11-13,17.930000,18.059999,17.830000,17.950001,15.678658,1146500
2019-11-14,18.040001,18.160000,18.000000,18.120001,15.827148,709300
2019-11-15,18.170000,18.350000,18.070000,18.320000,16.001837,1771300
2019-11-18,18.350000,18.360001,18.209999,18.240000,15.931965,791100
2019-11-19,18.280001,18.309999,18.160000,18.260000,15.949432,1117100
2019-11-20,18.219999,18.320000,17.510000,18.110001,15.818412,1639000
2019-11-21,18.100000,18.139999,17.770000,17.780001,15.530171,623900
2019-11-22,17.770000,17.820000,17.500000,17.740000,15.495231,826600
2019-11-25,17.709999,17.950001,17.709999,17.860001,15.600049,1003700
2019-11-26,17.910000,18.070000,17.860001,17.969999,15.696125,1411100
2019-11-27,17.990000,18.230000,17.950001,18.219999,15.914496,996500
2019-11-29,18.190001,18.290001,18.170000,18.240000,15.931965,782200
2019-12-02,18.209999,18.230000,17.840000,17.870001,15.608785,991300
2019-12-03,17.850000,17.940001,17.799999,17.920000,15.652457,765400
2019-12-04,17.870001,18.170000,17.820000,18.120001,15.827148,945100
2019-12-05,18.139999,18.150000,17.980000,18.129999,15.835885,1748700
2019-12-06,18.230000,18.309999,18.040001,18.059999,15.774739,1060700
2019-12-09,18.059999,18.160000,17.969999,18.129999,15.835885,812000
2019-12-10,18.139999,18.240000,18.059999,18.100000,15.809680,1208400
2019-12-11,18.120001,18.120001,17.680000,17.770000,15.521438,1624700
2019-12-12,17.790001,17.870001,17.400000,17.430000,15.224458,1542500
2019-12-13,17.290001,17.340000,16.990000,17.160000,15.159969,1133000
2019-12-16,17.110001,17.360001,17.070000,17.299999,15.283650,905000
2019-12-17,17.299999,17.330000,17.120001,17.200001,15.195307,1240300
2019-12-18,17.230000,17.410000,17.230000,17.330000,15.310154,2411500
2019-12-19,17.389999,17.389999,17.270000,17.330000,15.310154,1103900
2019-12-20,17.370001,17.430000,17.290001,17.320000,15.301318,3430300
2019-12-23,17.360001,17.389999,17.240000,17.270000,15.257147,745400
2019-12-24,17.250000,17.370001,17.180000,17.290001,15.274814,736000
2019-12-26,17.340000,17.389999,17.230000,17.330000,15.310154,478300
2019-12-27,17.330000,17.570000,17.330000,17.510000,15.469172,1167200
2019-12-30,17.490000,17.600000,17.410000,17.450001,15.416165,681000
2019-12-31,17.410000,17.680000,17.410000,17.660000,15.601692,973500
2020-01-02,17.690001,17.700001,17.070000,17.190001,15.186471,884600
2020-01-03,17.100000,17.309999,17.090000,17.260000,15.248311,905300
2020-01-06,17.190001,17.480000,17.170000,17.420000,15.389664,933700
2020-01-07,17.209999,17.250000,16.889999,17.049999,15.062785,1262700
2020-01-08,16.969999,17.030001,16.830000,16.980000,15.000945,1379800
2020-01-09,16.969999,17.000000,16.730000,16.760000,14.806587,1366400
2020-01-10,16.809999,16.830000,16.620001,16.770000,14.815421,1388500
2020-01-13,16.820000,16.980000,16.790001,16.910000,14.939101,1019900
2020-01-14,16.930000,16.930000,16.700001,16.900000,14.930270,859900
2020-01-15,16.900000,17.139999,16.900000,17.139999,15.142296,926300
2020-01-16,17.230000,17.270000,17.090000,17.139999,15.142296,728200
2020-01-17,17.230000,17.280001,17.139999,17.240000,15.230639,872300
2020-01-21,17.340000,17.389999,17.129999,17.340000,15.318987,969700
2020-01-22,17.309999,17.450001,17.180000,17.230000,15.221807,797400
2020-01-23,17.260000,17.610001,17.250000,17.570000,15.522182,1477100
2020-01-24,17.570000,17.620001,17.430000,17.540001,15.495679,2145100
2020-01-27,17.440001,17.510000,17.070000,17.090000,15.098124,1408200
2020-01-28,17.120001,17.270000,17.110001,17.129999,15.133463,735800
2020-01-29,17.129999,17.200001,16.950001,16.959999,14.983278,622300
2020-01-30,16.930000,17.020000,16.559999,16.639999,14.700573,1013200
2020-01-31,16.590000,16.760000,16.459999,16.570000,14.638731,1765100
2020-02-03,16.590000,16.860001,16.510000,16.650000,14.709405,1022000
2020-02-04,16.709999,16.950001,16.650000,16.840000,14.877264,836700
2020-02-05,16.850000,17.049999,16.850000,17.010000,15.027454,704300
2020-02-06,17.110001,17.190001,16.940001,17.010000,15.027454,865100
2020-02-07,17.049999,17.070000,16.780001,16.790001,14.833092,655200
2020-02-10,16.910000,17.299999,16.889999,17.040001,15.053954,616800
2020-02-11,17.049999,17.150000,16.680000,16.799999,14.841925,804700
2020-02-12,16.830000,16.980000,16.620001,16.790001,14.833092,797500
2020-02-13,16.740000,16.969999,16.709999,16.870001,14.903767,563900
2020-02-14,16.889999,17.110001,16.889999,17.080000,15.089291,655000
2020-02-18,17.090000,17.190001,16.959999,17.010000,15.027454,457500
2020-02-19,16.790001,17.059999,16.450001,16.650000,14.709405,1380000
2020-02-20,16.639999,16.889999,16.629999,16.820000,14.859595,1393800
2020-02-21,16.830000,17.030001,16.750000,17.010000,15.027454,1141000
2020-02-24,16.820000,17.020000,16.740000,16.959999,14.983278,644100
2020-02-25,16.959999,16.980000,16.379999,16.490000,14.568057,1060300
2020-02-26,16.500000,16.549999,16.120001,16.129999,14.250015,1138400
2020-02-27,15.910000,16.040001,15.300000,15.330000,13.543256,1476300
2020-02-28,15.000000,15.240000,14.770000,15.000000,13.251719,2532900
2020-03-02,15.000000,15.500000,14.770000,15.490000,13.684608,1199600
2020-03-03,15.470000,15.740000,14.950000,15.120000,13.357734,1264600
2020-03-04,15.370000,15.980000,15.280000,15.940000,14.082161,1579900
2020-03-05,15.710000,15.790000,15.380000,15.710000,13.878967,1985900
2020-03-06,15.380000,15.450000,14.890000,15.280000,13.499084,2339900
2020-03-09,14.500000,14.780000,14.060000,14.080000,12.438946,1839000
2020-03-10,14.430000,14.630000,13.800000,14.560000,12.863001,2011600
2020-03-11,14.250000,14.250000,13.330000,13.480000,11.908877,2228000
2020-03-12,12.550000,13.170000,12.020000,12.030000,10.627878,1747000
2020-03-13,12.480000,12.590000,11.110000,12.590000,11.310651,2225100
2020-03-16,11.500000,11.600000,10.630000,11.010000,9.891204,2433000
2020-03-17,11.090000,11.700000,10.070000,10.290000,9.244368,2600400
2020-03-18,9.730000,9.770000,5.840000,6.720000,6.037138,3926200
2020-03-19,6.740000,7.790000,6.440000,7.250000,6.513281,2831100
2020-03-20,7.380000,8.250000,7.020000,7.230000,6.495314,3135800
2020-03-23,7.200000,7.250000,6.470000,6.810000,6.117992,2328200
2020-03-24,7.120000,8.210000,7.120000,8.130000,7.303860,2025500
2020-03-25,8.200000,9.420000,7.920000,8.950000,8.040533,2934700
2020-03-26,9.030000,10.000000,8.760000,9.930000,8.920952,2594800
2020-03-27,9.640000,9.760000,8.800000,8.970000,8.058501,2532700
2020-03-30,8.970000,9.090000,7.810000,8.210000,7.375729,2691800
2020-03-31,8.320000,8.640000,8.100000,8.290000,7.447600,2824700
2020-04-01,7.820000,8.010000,7.190000,7.480000,6.719911,1868800
2020-04-02,7.440000,7.880000,7.020000,7.020000,6.306653,2001300
2020-04-03,7.010000,7.290000,6.660000,7.000000,6.288686,1926400
2020-04-06,7.350000,7.650000,7.210000,7.410000,6.657022,2223300
2020-04-07,7.820000,8.560000,7.710000,8.340000,7.492521,3394700
2020-04-08,8.610000,8.870000,8.250000,8.770000,7.878826,1901800
2020-04-09,9.350000,10.060000,9.070000,9.500000,8.534645,2044000
2020-04-13,9.470000,9.930000,8.800000,9.070000,8.148340,1351400
2020-04-14,9.210000,9.620000,8.890000,9.200000,8.265129,1679600
2020-04-15,8.750000,8.830000,8.100000,8.290000,7.447600,1407900
2020-04-16,8.430000,8.480000,7.730000,7.790000,6.998409,1850700
2020-04-17,8.180000,8.560000,7.980000,8.110000,7.285891,1961700
2020-04-20,7.830000,7.970000,7.550000,7.760000,6.971457,1170600
2020-04-21,7.500000,7.730000,7.430000,7.670000,6.890603,1455900
2020-04-22,7.880000,8.020000,7.450000,7.610000,6.836699,1117600
2020-04-23,7.490000,8.080000,7.470000,7.870000,7.070280,2673700
2020-04-24,7.930000,8.080000,7.760000,7.960000,7.151133,1862400
2020-04-27,8.000000,8.520000,7.970000,8.480000,7.618294,2052100
2020-04-28,8.850000,9.430000,8.730000,9.250000,8.310049,2786100
2020-04-29,9.550000,10.250000,9.510000,10.200000,9.163514,2186900
2020-04-30,9.870000,9.870000,9.450000,9.710000,8.723307,1856600
2020-05-01,9.600000,9.650000,8.950000,9.270000,8.328015,1839100
2020-05-04,8.880000,9.120000,8.740000,9.100000,8.175293,2047700
2020-05-05,9.210000,9.530000,9.090000,9.170000,8.238177,1716000
2020-05-06,9.140000,9.410000,8.450000,8.540000,7.672196,2390000
2020-05-07,8.760000,9.120000,8.400000,8.780000,7.887808,1671200
2020-05-08,8.960000,9.460000,8.960000,9.380000,8.426837,1501500
2020-05-11,9.160000,9.170000,8.630000,8.840000,7.941712,1969100
2020-05-12,8.800000,8.880000,8.320000,8.320000,7.474552,1927000
2020-05-13,8.250000,8.270000,7.620000,8.080000,7.258940,3285300
2020-05-14,7.830000,8.740000,7.490000,8.680000,7.797970,4006000
2020-05-15,8.300000,8.750000,8.190000,8.400000,7.546422,3773200
2020-05-18,8.560000,9.470000,8.560000,9.460000,8.498710,2477800
2020-05-19,9.370000,9.390000,8.940000,9.140000,8.211226,2130600
2020-05-20,9.180000,9.380000,8.870000,9.000000,8.085452,2320600
2020-05-21,8.970000,9.330000,8.940000,9.200000,8.265129,1674700
2020-05-22,9.250000,9.330000,8.860000,9.050000,8.130372,999400
2020-05-26,9.550000,9.990000,9.500000,9.900000,8.893999,1685400
2020-05-27,10.300000,10.510000,9.980000,10.460000,9.397093,2562200
2020-05-28,10.600000,10.630000,9.710000,9.840000,8.840095,1763900
2020-05-29,9.230000,9.680000,9.180000,9.390000,8.435822,1939800
2020-06-01,9.460000,10.190000,9.380000,9.970000,8.956885,1570600
2020-06-02,10.180000,10.750000,9.870000,10.490000,9.424043,2430800
2020-06-03,10.780000,11.770000,10.580000,11.640000,10.457186,1913500
2020-06-04,11.540000,12.360000,11.290000,12.150000,10.915360,2443200
2020-06-05,12.650000,13.730000,12.650000,12.870000,11.562197,3289800
2020-06-08,13.290000,13.620000,13.130000,13.600000,12.218018,2082300
2020-06-09,13.040000,13.420000,12.680000,12.800000,11.499310,2190700
2020-06-10,12.610000,12.690000,11.740000,11.900000,10.690766,1319900
2020-06-11,11.060000,11.210000,10.380000,10.500000,9.433029,2296100
2020-06-12,11.250000,11.580000,11.030000,11.500000,10.331411,2171000
2020-06-15,10.960000,11.880000,10.690000,11.730000,10.538042,2281800
2020-06-16,12.430000,12.590000,11.840000,12.050000,10.825524,1575600
2020-06-17,12.040000,12.040000,11.510000,11.520000,10.349380,1170600
2020-06-18,11.220000,11.740000,11.220000,11.540000,10.367348,1284700
2020-06-19,11.560000,11.980000,11.090000,11.140000,10.007994,2940400
2020-06-22,11.070000,11.380000,10.920000,11.280000,10.133767,1237800
2020-06-23,11.440000,11.630000,11.180000,11.290000,10.142752,1246100
2020-06-24,10.980000,11.240000,10.280000,10.790000,9.693560,1382700
2020-06-25,10.800000,11.370000,10.500000,11.340000,10.187670,1623000
2020-06-26,11.180000,11.300000,10.900000,11.160000,10.025964,2835900
2020-06-29,11.430000,11.730000,11.090000,11.550000,10.376330,1368400
2020-06-30,11.430000,11.760000,11.290000,11.330000,10.178685,1726100
2020-07-01,11.300000,11.660000,11.170000,11.310000,10.160719,1804000
2020-07-02,11.670000,11.870000,11.050000,11.160000,10.025964,1371800
2020-07-06,11.480000,11.610000,11.040000,11.310000,10.160719,1048500
2020-07-07,11.120000,11.120000,10.640000,10.750000,9.657625,1009800
2020-07-08,10.700000,10.800000,10.370000,10.570000,9.495916,669200
2020-07-09,10.490000,10.500000,9.950000,10.100000,9.073674,1185100
2020-07-10,10.120000,10.540000,10.110000,10.240000,9.199449,2201000
2020-07-13,10.370000,10.610000,10.070000,10.340000,9.289287,1198900
2020-07-14,10.390000,10.540000,9.980000,10.160000,9.127578,1019500
2020-07-15,10.550000,10.690000,10.400000,10.580000,9.504899,1312800
2020-07-16,10.440000,10.520000,10.210000,10.370000,9.316238,1003500
2020-07-17,10.360000,10.420000,10.180000,10.300000,9.253352,1042400
2020-07-20,10.240000,10.340000,9.850000,10.060000,9.037742,1217700
2020-07-21,10.240000,10.450000,10.120000,10.170000,9.136561,779200
2020-07-22,10.040000,10.500000,9.980000,10.450000,9.388110,679100
2020-07-23,10.360000,10.490000,10.070000,10.280000,9.235383,1221100
2020-07-24,10.280000,10.390000,10.070000,10.120000,9.091643,1110900
2020-07-27,10.050000,10.120000,9.800000,10.080000,9.055706,1233300
2020-07-28,10.100000,10.810000,10.040000,10.700000,9.612704,2328200
2020-07-29,10.670000,10.930000,10.510000,10.740000,9.648640,1660500
2020-07-30,10.680000,11.060000,10.510000,11.010000,9.891204,1828500
2020-07-31,10.960000,11.000000,10.510000,10.870000,9.765429,1741900
2020-08-03,10.830000,10.830000,10.470000,10.670000,9.585754,1089500
2020-08-04,10.720000,11.020000,10.600000,10.970000,9.855268,1345600
2020-08-05,11.170000,11.250000,10.930000,11.080000,9.954092,1581500
2020-08-06,11.000000,11.220000,10.890000,11.110000,9.981044,1455300
2020-08-07,11.040000,11.430000,10.830000,11.430000,10.268526,858000
2020-08-10,11.490000,12.010000,11.020000,11.810000,10.609911,1296500
2020-08-11,12.040000,12.380000,11.960000,12.050000,10.825524,1431400
2020-08-12,12.240000,12.270000,11.980000,12.130000,10.897394,1183600
2020-08-13,12.100000,12.240000,11.890000,11.930000,10.717717,1589300
2020-08-14,11.870000,12.170000,11.740000,11.950000,10.735685,688600
2020-08-17,11.930000,12.050000,11.790000,11.970000,10.753652,584300
2020-08-18,11.930000,11.930000,11.370000,11.490000,10.322427,1338600
2020-08-19,11.490000,11.610000,11.050000,11.060000,9.936123,1858200
2020-08-20,10.980000,11.430000,10.950000,11.150000,10.016976,1233600
2020-08-21,11.120000,11.440000,10.910000,11.160000,10.025964,1534400
2020-08-24,11.220000,11.580000,11.060000,11.550000,10.376330,1047800
2020-08-25,11.580000,11.750000,11.320000,11.510000,10.340396,1315400
2020-08-26,11.500000,11.740000,11.020000,11.120000,9.990025,949700
2020-08-27,11.140000,11.590000,11.140000,11.370000,10.214622,745700
2020-08-28,11.730000,11.730000,11.100000,11.320000,10.169703,1055800
2020-08-31,11.250000,11.350000,11.120000,11.130000,9.999012,1023800
2020-09-01,10.970000,11.300000,10.870000,11.260000,10.115802,1134800
2020-09-02,11.200000,11.530000,11.120000,11.490000,10.322427,1143000
2020-09-03,11.470000,11.870000,11.470000,11.670000,10.484138,1480500
2020-09-04,11.840000,12.110000,11.700000,12.080000,10.852474,1251900
2020-09-08,11.960000,11.970000,11.670000,11.690000,10.502103,1326800
2020-09-09,11.760000,11.790000,11.140000,11.290000,10.142752,1489500
2020-09-10,11.290000,11.320000,10.870000,10.880000,9.774413,1485200
2020-09-11,10.950000,10.950000,10.460000,10.610000,9.531850,1335700
2020-09-14,10.730000,11.090000,10.700000,10.980000,9.864252,1257300
2020-09-15,11.070000,11.670000,10.600000,11.540000,10.367348,1451100
2020-09-16,11.640000,11.730000,11.270000,11.550000,10.376330,939300
2020-09-17,11.370000,11.520000,11.210000,11.340000,10.187670,1520100
2020-09-18,11.440000,11.440000,10.940000,10.960000,9.846286,1716800
2020-09-21,10.680000,10.680000,10.030000,10.140000,9.109611,1521600
2020-09-22,10.190000,10.430000,9.870000,9.910000,8.902983,990300
2020-09-23,9.920000,10.230000,9.630000,9.750000,8.759241,1906300
2020-09-24,9.780000,10.080000,9.660000,9.920000,8.911963,1017700
2020-09-25,9.900000,10.110000,9.870000,10.050000,9.028756,783200
2020-09-28,10.210000,10.710000,10.210000,10.650000,9.567785,1396000
2020-09-29,10.640000,10.640000,10.030000,10.220000,9.181481,1593200
2020-09-30,10.280000,10.580000,10.240000,10.420000,9.361156,1725200
2020-10-01,10.460000,10.770000,10.260000,10.760000,9.666608,1328100
2020-10-02,10.490000,11.260000,10.000000,11.230000,10.088848,1471500
2020-10-05,11.430000,11.450000,10.800000,11.220000,10.079865,664100
2020-10-06,11.380000,11.530000,11.160000,11.220000,10.079865,1401200
2020-10-07,11.320000,11.460000,10.930000,10.960000,9.846286,1146100
2020-10-08,11.080000,11.160000,10.880000,10.950000,9.837301,1728100
2020-10-09,11.030000,11.040000,10.810000,10.930000,9.819333,796600
2020-10-12,10.860000,10.950000,10.680000,10.880000,9.774413,780900
2020-10-13,10.800000,10.820000,10.390000,10.560000,9.486932,2100000
2020-10-14,10.570000,10.680000,10.430000,10.480000,9.415061,1339000
2020-10-15,10.400000,10.790000,10.390000,10.720000,9.630672,998700
2020-10-16,10.660000,10.690000,10.300000,10.470000,9.406075,719700
2020-10-19,10.510000,10.510000,10.240000,10.260000,9.217418,613600
2020-10-20,10.400000,10.560000,10.340000,10.370000,9.316238,577900
2020-10-21,10.360000,10.420000,10.210000,10.360000,9.307255,872000
2020-10-22,10.390000,10.760000,10.350000,10.740000,9.648640,463900
2020-10-23,10.810000,11.080000,10.790000,11.040000,9.918155,910500
2020-10-26,10.970000,10.970000,10.350000,10.730000,9.639657,667400
2020-10-27,10.880000,10.970000,10.240000,10.250000,9.208432,1117500
2020-10-28,10.000000,10.260000,9.860000,9.870000,8.867046,1387900
2020-10-29,9.870000,10.130000,9.760000,10.100000,9.073674,1611200
2020-10-30,10.070000,10.200000,9.690000,9.730000,8.741273,1595600
2020-11-02,9.820000,10.180000,9.760000,10.170000,9.136561,1205700
2020-11-03,10.360000,10.700000,10.300000,10.650000,9.567785,2013500
2020-11-04,10.520000,10.590000,10.130000,10.440000,9.379125,890300
2020-11-05,10.530000,10.670000,10.200000,10.210000,9.172498,1013100
2020-11-06,10.120000,10.470000,9.950000,9.960000,8.947901,1794000
2020-11-09,10.900000,13.320000,10.900000,12.770000,11.472360,3971600
2020-11-10,12.810000,13.260000,12.720000,13.120000,11.786794,2382900
2020-11-11,13.120000,13.120000,12.290000,12.470000,11.202845,1953300
2020-11-12,12.200000,12.440000,11.960000,12.220000,10.978251,1999900
2020-11-13,12.420000,13.020000,12.400000,13.010000,11.687974,1433000
2020-11-16,13.500000,13.900000,13.280000,13.610000,12.227001,2429200
2020-11-17,13.310000,13.690000,13.220000,13.530000,12.155131,1928200
2020-11-18,13.670000,13.840000,13.350000,13.350000,11.993422,2468500
2020-11-19,13.280000,13.540000,13.130000,13.430000,12.065293,762000
2020-11-20,13.290000,13.500000,13.250000,13.420000,12.056307,1472400
2020-11-23,13.640000,14.350000,13.630000,13.940000,12.523468,1990500
2020-11-24,14.310000,14.690000,14.100000,14.110000,12.676194,1877800
2020-11-25,13.920000,14.190000,13.770000,14.020000,12.595339,1762000
2020-11-27,14.020000,14.070000,13.530000,13.580000,12.200050,570800
2020-11-30,13.520000,13.750000,12.960000,12.980000,11.661020,996100
2020-12-01,13.180000,13.670000,13.100000,13.530000,12.155131,1395400
2020-12-02,13.470000,13.960000,13.210000,13.800000,12.397694,1036100
2020-12-03,13.890000,14.100000,13.780000,13.940000,12.523468,666000
2020-12-04,14.120000,14.370000,14.070000,14.350000,12.891807,599000
2020-12-07,14.270000,14.270000,13.780000,13.840000,12.433629,1102300
2020-12-08,13.710000,14.050000,13.660000,13.840000,12.433629,777800
2020-12-09,13.980000,14.100000,13.800000,13.920000,12.505500,900600
2020-12-10,13.070000,13.930000,13.070000,13.800000,12.397694,988200
2020-12-11,13.700000,13.800000,13.360000,13.520000,12.146148,779000
2020-12-14,13.410000,13.840000,13.390000,13.390000,12.029357,1118500
2020-12-15,13.500000,13.890000,13.390000,13.870000,12.460580,888100
2020-12-16,13.920000,13.990000,13.600000,13.660000,12.271921,1142800
2020-12-17,13.780000,13.820000,13.580000,13.730000,12.334808,638100
2020-12-18,13.740000,13.750000,13.180000,13.230000,11.885613,2650300
2020-12-21,12.890000,13.200000,12.810000,13.190000,11.849679,1223200
2020-12-22,13.270000,13.380000,13.070000,13.250000,11.903584,747200
2020-12-23,13.390000,13.560000,13.120000,13.310000,11.957486,582500
2020-12-24,13.430000,13.430000,13.200000,13.340000,11.984437,271200
2020-12-28,13.380000,13.610000,13.120000,13.370000,12.011391,744300
2020-12-29,13.390000,13.640000,13.050000,13.170000,11.831712,624800
2020-12-30,13.160000,13.470000,13.130000,13.220000,11.876633,652500
2020-12-31,13.160000,13.450000,12.980000,13.390000,12.029357,782800
2021-01-04,13.440000,13.640000,12.830000,12.890000,11.580166,864200
2021-01-05,12.870000,13.170000,12.790000,12.870000,11.562197,1265500
2021-01-06,13.130000,13.730000,13.040000,13.620000,12.235985,2034400
2021-01-07,13.630000,13.660000,13.380000,13.620000,12.235985,796400
2021-01-08,13.660000,13.940000,13.500000,13.900000,12.487533,1189400
2021-01-11,13.700000,13.770000,13.380000,13.500000,12.128178,886500
2021-01-12,13.520000,14.000000,13.340000,13.980000,12.559402,1071100
2021-01-13,14.010000,14.320000,13.840000,14.060000,12.631275,1657800
2021-01-14,14.260000,14.550000,14.130000,14.400000,12.936723,2019900
2021-01-15,14.240000,14.490000,14.020000,14.310000,12.855869,1310800
2021-01-19,14.830000,14.830000,14.160000,14.340000,12.882821,898900
2021-01-20,14.250000,14.860000,14.250000,14.600000,13.116403,1012200
2021-01-21,14.570000,14.570000,14.110000,14.210000,12.766032,721600
2021-01-22,13.980000,14.420000,13.910000,14.390000,12.927741,1222800
2021-01-25,14.310000,14.990000,14.190000,14.540000,13.062499,1041400
2021-01-26,14.760000,15.020000,14.550000,14.690000,13.197256,842300
2021-01-27,14.310000,15.040000,14.300000,14.750000,13.251159,953400
2021-01-28,15.010000,15.210000,14.570000,14.610000,13.125385,1123100
2021-01-29,14.610000,14.610000,14.010000,14.090000,12.658226,1351000
2021-02-01,14.170000,14.200000,13.730000,14.120000,12.685177,1191200
2021-02-02,14.240000,14.240000,13.920000,14.130000,12.694161,643400
2021-02-03,14.070000,14.480000,13.990000,14.420000,12.954694,672000
2021-02-04,14.510000,14.820000,14.450000,14.640000,13.152336,702500
2021-02-05,14.820000,14.860000,14.630000,14.770000,13.269127,636800
2021-02-08,14.820000,15.070000,14.730000,15.010000,13.484740,490800
2021-02-09,15.060000,15.310000,14.930000,15.150000,13.610513,620700
2021-02-10,15.240000,15.670000,15.150000,15.310000,13.754255,684500
2021-02-11,15.320000,15.690000,15.320000,15.580000,13.996819,1072200
2021-02-12,15.520000,15.970000,15.460000,15.700000,14.104623,1632300
2021-02-16,15.810000,16.020000,15.430000,15.570000,13.987833,895700
2021-02-17,15.510000,15.800000,15.380000,15.660000,14.068688,1130700
2021-02-18,15.540000,15.850000,15.480000,15.560000,13.978852,958200
2021-02-19,15.570000,15.940000,15.560000,15.770000,14.167512,675200
2021-02-22,15.770000,16.330000,15.570000,16.230000,14.580769,1254700
2021-02-23,16.230000,16.540001,16.059999,16.209999,14.562799,3182100
2021-02-24,16.379999,16.540001,15.850000,15.930000,14.311253,1746400
2021-02-25,16.049999,16.430000,15.710000,15.850000,14.239382,1472600
2021-02-26,15.850000,16.010000,15.500000,15.810000,14.203446,1452300
2021-03-01,16.270000,16.500000,15.950000,16.090000,14.454994,1178300
2021-03-02,15.980000,16.000000,15.610000,15.650000,14.059704,885800
2021-03-03,15.760000,16.219999,15.740000,16.080000,14.446009,1245400
2021-03-04,16.129999,16.299999,15.630000,16.090000,14.454994,1267700
2021-03-05,16.299999,16.330000,15.670000,16.270000,14.616700,736300
2021-03-08,16.330000,16.920000,16.100000,16.750000,15.047925,951700
2021-03-09,16.889999,16.889999,16.219999,16.400000,14.733492,922100
2021-03-10,16.610001,17.020000,16.450001,16.879999,15.164714,787300
2021-03-11,16.950001,17.059999,16.700001,16.740000,15.038944,1080000
2021-03-12,16.820000,17.049999,16.719999,16.950001,15.227606,967600
2021-03-15,17.010000,17.110001,16.719999,16.959999,15.236588,1218400
2021-03-16,16.969999,16.990000,16.389999,16.400000,14.733492,1302800
2021-03-17,16.490000,17.129999,16.430000,17.020000,15.290489,1645100
2021-03-18,16.980000,17.110001,16.639999,16.750000,15.047925,715300
2021-03-19,16.670000,16.809999,16.309999,16.340000,14.679591,2198700
2021-03-22,16.379999,16.430000,15.940000,16.180000,14.535851,696400
2021-03-23,15.990000,16.490000,15.780000,15.890000,14.275317,1086700
2021-03-24,15.880000,16.320000,15.880000,15.900000,14.284302,870800
2021-03-25,15.720000,16.240000,15.470000,16.139999,14.600924,879000
2021-03-26,16.350000,16.480000,16.150000,16.450001,14.881365,538600
2021-03-29,16.139999,16.440001,16.010000,16.010000,14.483323,945700
2021-03-30,16.180000,16.379999,16.150000,16.270000,14.718527,604400
2021-03-31,16.219999,16.240000,15.850000,15.870000,14.356670,1580500
2021-04-01,15.990000,16.309999,15.820000,16.299999,14.745667,1018300
2021-04-05,16.450001,16.480000,16.070000,16.230000,14.682344,760400
2021-04-06,16.219999,16.520000,16.180000,16.450001,14.881365,1504300
2021-04-07,16.389999,16.590000,16.190001,16.420000,14.854223,670000
2021-04-08,16.400000,16.500000,16.200001,16.309999,14.754714,757800
2021-04-09,16.370001,16.480000,16.240000,16.299999,14.745667,665100
2021-04-12,16.430000,16.450001,16.110001,16.410000,14.845178,517800
2021-04-13,16.270000,16.510000,16.219999,16.480000,14.908502,565500
2021-04-14,16.629999,16.760000,16.350000,16.389999,14.827086,425500
2021-04-15,16.600000,17.090000,16.570000,17.070000,15.442241,1683900
2021-04-16,17.150000,17.379999,16.940001,17.330000,15.677450,1434700
2021-04-19,17.299999,17.360001,16.900000,17.350000,15.695542,1152500
2021-04-20,17.260000,17.500000,17.110001,17.370001,15.713638,1067600
2021-04-21,17.260000,17.540001,17.160000,17.440001,15.776960,1030800
2021-04-22,17.580000,17.700001,16.799999,17.340000,15.686496,715000
2021-04-23,17.590000,17.670000,17.309999,17.580000,15.903611,874800
2021-04-26,17.750000,17.879999,17.600000,17.690001,16.003124,600500
2021-04-27,17.990000,18.100000,17.650000,17.780001,16.084539,1131100
2021-04-28,17.770000,17.889999,17.469999,17.520000,15.849332,1375400
2021-04-29,17.700001,17.990000,17.520000,17.719999,16.030258,901400
2021-04-30,17.600000,17.700001,17.440001,17.600000,15.921704,699100
2021-05-03,17.670000,17.820000,17.549999,17.639999,15.957888,1531000
2021-05-04,17.459999,17.790001,17.459999,17.690001,16.003124,867600
2021-05-05,17.799999,17.799999,17.200001,17.330000,15.677450,558200
2021-05-06,17.389999,17.700001,17.260000,17.690001,16.003124,667300
2021-05-07,17.590000,18.040001,17.500000,18.020000,16.301655,1020400
2021-05-10,18.020000,18.270000,17.709999,17.730000,16.039301,749900
2021-05-11,17.480000,17.590000,17.299999,17.540001,15.867426,781800
2021-05-12,17.459999,17.700001,16.930000,17.030001,15.406056,859800
2021-05-13,17.010000,17.459999,17.000000,17.379999,15.722680,1074300
2021-05-14,17.520000,17.629999,17.400000,17.570000,15.894566,806000
2021-05-17,17.490000,17.620001,16.969999,17.480000,15.813143,518800
2021-05-18,17.500000,17.520000,16.980000,17.320000,15.668403,647900
2021-05-19,17.200001,17.360001,16.830000,17.320000,15.668403,788800
2021-05-20,17.290001,17.570000,17.040001,17.540001,15.867426,963400
2021-05-21,17.680000,17.740000,17.469999,17.610001,15.930748,1052000
2021-05-24,17.809999,17.950001,17.650000,17.840000,16.138819,869000
2021-05-25,17.850000,18.020000,17.580000,17.600000,15.921704,1294700
2021-05-26,17.570000,17.879999,17.100000,17.770000,16.075493,1165700
2021-05-27,17.900000,17.940001,17.750000,17.799999,16.102631,953100
2021-05-28,17.910000,17.940001,17.680000,17.860001,16.156910,573100
2021-06-01,18.010000,18.230000,17.700001,18.150000,16.419258,1553900
2021-06-02,18.270000,18.430000,18.059999,18.370001,16.618275,1183800
2021-06-03,18.389999,18.430000,18.010000,18.100000,16.374023,1629500
2021-06-04,18.150000,18.170000,17.850000,17.889999,16.184048,1209500
2021-06-07,18.059999,18.450001,17.910000,18.370001,16.618275,1198600
2021-06-08,18.320000,18.730000,17.760000,18.629999,16.853487,1977400
2021-06-09,18.660000,18.770000,18.559999,18.740000,16.952997,1333500
2021-06-10,18.790001,18.860001,18.230000,18.610001,16.835390,741600
2021-06-11,18.650000,18.650000,18.430000,18.610001,16.835390,552200
2021-06-14,18.580000,18.730000,18.430000,18.600000,16.826347,602000
2021-06-15,18.540001,18.639999,18.389999,18.440001,16.681601,745500
2021-06-16,18.370001,18.549999,18.190001,18.309999,16.563999,843800
2021-06-17,18.139999,18.309999,17.639999,18.020000,16.400181,830500
2021-06-18,17.860001,17.870001,17.510000,17.530001,15.954226,1073600
2021-06-21,17.680000,18.080000,17.520000,17.990000,16.372877,687700
2021-06-22,17.930000,17.980000,17.709999,17.799999,16.199955,508700
2021-06-23,17.809999,18.020000,17.719999,17.900000,16.290964,1018300
2021-06-24,17.969999,18.030001,17.629999,17.830000,16.227257,1079400
2021-06-25,17.860001,18.000000,17.740000,17.900000,16.290964,2114900
2021-06-28,17.860001,17.860001,17.350000,17.650000,16.063442,1189100
2021-06-29,17.700001,17.900000,17.559999,17.620001,16.036133,720100
2021-06-30,17.530001,17.830000,17.530001,17.660000,16.072542,692300
2021-07-01,17.780001,18.129999,17.730000,17.930000,16.318272,2285900
2021-07-02,17.940001,18.090000,17.780001,17.799999,16.199955,566700
2021-07-06,17.780001,17.930000,17.299999,17.629999,16.045235,683200
2021-07-07,17.620001,17.639999,17.280001,17.459999,15.890518,902100
2021-07-08,17.190001,17.440001,16.959999,17.290001,15.735799,1162700
2021-07-09,17.469999,17.740000,17.420000,17.730000,16.136242,821200
2021-07-12,17.639999,17.959999,17.549999,17.920000,16.309172,1300800
2021-07-13,17.889999,17.900000,17.330000,17.400000,15.835910,1372500
2021-07-14,17.410000,17.680000,17.400000,17.570000,15.990632,882800
2021-07-15,17.490000,17.610001,17.340000,17.510000,15.936022,1067600
2021-07-16,17.639999,17.750000,17.389999,17.450001,15.881416,1540800
2021-07-19,17.150000,17.150000,16.469999,16.799999,15.289845,2468600
2021-07-20,16.830000,17.620001,16.780001,17.420000,15.854115,1298000
2021-07-21,17.549999,17.940001,17.299999,17.790001,16.190855,1199000
2021-07-22,17.700001,17.790001,17.250000,17.420000,15.854115,751600
2021-07-23,17.559999,17.740000,17.309999,17.520000,15.945125,498300
2021-07-26,17.530001,17.830000,17.420000,17.559999,15.981529,692200
2021-07-27,17.430000,17.719999,17.350000,17.660000,16.072542,429800
2021-07-28,17.709999,17.879999,17.340000,17.670000,16.081640,799000
2021-07-29,17.930000,18.160000,17.410000,17.790001,16.190855,468700
2021-07-30,17.760000,18.139999,17.650000,17.670000,16.081640,963300
2021-08-02,17.820000,18.170000,17.530001,17.580000,15.999732,773300
2021-08-03,17.680000,17.730000,17.320000,17.580000,15.999732,941700
2021-08-04,17.379999,17.590000,17.180000,17.230000,15.681192,636800
2021-08-05,17.360001,17.680000,17.350000,17.639999,16.054337,919800
2021-08-06,17.870001,18.020000,17.639999,17.670000,16.081640,623100
2021-08-09,17.559999,17.639999,17.340000,17.549999,15.972425,438600
2021-08-10,17.520000,17.650000,17.340000,17.650000,16.063442,592000
2021-08-11,17.700001,17.700001,17.450001,17.670000,16.081640,445000
2021-08-12,17.660000,17.799999,17.330000,17.450001,15.881416,485400
2021-08-13,17.480000,17.530001,17.379999,17.469999,15.899619,372500
2021-08-16,17.389999,17.610001,17.280001,17.350000,15.790406,526600
2021-08-17,17.260000,17.260000,16.930000,17.170000,15.626584,832200
2021-08-18,17.090000,17.360001,16.950001,17.160000,15.617487,792500
2021-08-19,17.059999,17.209999,16.840000,17.080000,15.544676,656400
2021-08-20,17.010000,17.250000,16.850000,17.190001,15.644789,426200
2021-08-23,17.490000,17.490000,17.110001,17.280001,15.726699,618300
2021-08-24,17.320000,17.610001,17.160000,17.570000,15.990632,1110000
2021-08-25,17.629999,17.830000,17.410000,17.660000,16.072542,743300
2021-08-26,17.700001,17.770000,17.490000,17.520000,15.945125,692700
2021-08-27,17.610001,18.170000,17.610001,18.090000,16.463888,1099600
2021-08-30,18.170000,18.180000,17.790001,18.030001,16.409283,773800
2021-08-31,17.959999,18.170000,17.920000,18.080000,16.454784,959400
2021-09-01,18.160000,18.270000,18.049999,18.160000,16.527594,755400
2021-09-02,18.270000,18.400000,18.030001,18.209999,16.573099,605700
2021-09-03,18.209999,18.250000,17.980000,18.230000,16.591303,542800
2021-09-07,18.250000,18.250000,17.860001,17.959999,16.345572,522100
2021-09-08,17.940001,18.139999,17.840000,17.959999,16.345572,361600
2021-09-09,17.889999,17.940001,17.680000,17.680000,16.090744,390400
2021-09-10,17.750000,17.879999,17.219999,17.260000,15.708496,920400
2021-09-13,17.490000,17.910000,17.430000,17.750000,16.154453,654600
2021-09-14,17.820000,17.820000,17.379999,17.510000,15.936022,796100
2021-09-15,18.080000,18.080000,17.450001,17.680000,16.090744,657900
2021-09-16,17.580000,17.770000,17.580000,17.610001,16.127375,476300
2021-09-17,17.690001,17.750000,17.180000,17.290001,15.834313,1943900
2021-09-20,17.020000,17.299999,16.900000,17.219999,15.770209,1246500
2021-09-21,17.290001,17.480000,17.200001,17.209999,15.761049,369000
2021-09-22,17.379999,17.700001,17.309999,17.590000,16.109056,830700
2021-09-23,17.629999,17.860001,17.629999,17.709999,16.218954,488000
2021-09-24,17.580000,17.719999,17.469999,17.510000,16.035795,783100
2021-09-27,17.610001,17.990000,17.570000,17.629999,16.145689,705700
2021-09-28,17.530001,17.860001,17.469999,17.520000,16.044954,3638700
2021-09-29,17.559999,17.799999,17.480000,17.790001,16.292219,909100
2021-09-30,17.830000,17.830000,17.350000,17.420000,15.953372,848400
2021-10-01,17.510000,18.049999,17.480000,17.990000,16.475382,1090100
2021-10-04,18.030001,18.230000,17.959999,18.100000,16.576122,691700
2021-10-05,18.100000,18.100000,17.850000,17.950001,16.438751,924700
2021-10-06,17.790001,17.910000,17.490000,17.879999,16.374641,846800
2021-10-07,18.030001,18.299999,17.959999,18.129999,16.603596,864300
2021-10-08,18.100000,18.370001,18.010000,18.020000,16.502855,624100
2021-10-11,18.090000,18.209999,17.950001,18.059999,16.539484,315900
2021-10-12,18.030001,18.290001,17.680000,18.270000,16.731806,620100
2021-10-13,18.240000,18.459999,18.090000,18.440001,16.887495,1381000
2021-10-14,18.500000,18.559999,18.330000,18.370001,16.823387,495500
2021-10-15,18.670000,18.670000,18.420000,18.520000,16.960760,821700
2021-10-18,18.520000,18.610001,18.379999,18.450001,16.896650,653600
2021-10-19,18.459999,18.469999,18.080000,18.100000,16.576122,768200
2021-10-20,18.049999,18.299999,17.980000,18.260000,16.722649,1402400
2021-10-21,18.250000,18.389999,18.040001,18.129999,16.603596,1219700
2021-10-22,18.129999,18.320000,18.090000,18.230000,16.695175,834400
2021-10-25,18.299999,18.440001,18.070000,18.410000,16.860020,957000
2021-10-26,18.440001,18.530001,18.209999,18.209999,16.676857,1294800
2021-10-27,18.430000,18.430000,17.580000,17.830000,16.328852,1202700
2021-10-28,17.870001,17.969999,17.750000,17.930000,16.420433,1058800
2021-10-29,17.860001,18.020000,17.660000,17.770000,16.273903,939500
2021-11-01,17.879999,18.219999,17.700001,18.139999,16.612753,1148000
2021-11-02,18.219999,18.389999,18.180000,18.190001,16.658543,730000
2021-11-03,18.120001,18.629999,18.120001,18.400000,16.850861,1331600
2021-11-04,18.580000,18.639999,18.070000,18.209999,16.676857,2245700
2021-11-05,18.930000,18.930000,18.360001,18.410000,16.860020,2001700
2021-11-08,18.490000,18.570000,17.920000,18.090000,16.566963,1124000
2021-11-09,18.100000,18.250000,18.030001,18.170000,16.640226,860200
2021-11-10,18.100000,18.469999,18.100000,18.340000,16.795916,705900
2021-11-11,18.330000,18.350000,17.959999,18.250000,16.713491,681700
2021-11-12,18.230000,18.280001,18.030001,18.200001,16.667700,941600
2021-11-15,18.320000,18.629999,18.200001,18.629999,17.061502,1696400
2021-11-16,18.680000,18.969999,18.200001,18.360001,16.814232,827600
2021-11-17,18.209999,18.740000,18.040001,18.670000,17.098133,1081800
2021-11-18,18.700001,18.780001,18.490000,18.709999,17.134762,1602100
2021-11-19,18.600000,18.840000,18.440001,18.650000,17.079811,1850800
2021-11-22,18.690001,18.920000,18.559999,18.629999,17.061502,638300
2021-11-23,18.580000,18.830000,18.490000,18.620001,17.052343,636200
2021-11-24,18.590000,18.799999,18.430000,18.680000,17.107288,464500
2021-11-26,18.160000,18.430000,17.650000,17.950001,16.438751,804600
2021-11-29,18.080000,18.309999,17.660000,17.780001,16.283062,830500
2021-11-30,17.680000,17.930000,17.490000,17.559999,16.081583,1518800
2021-12-01,17.900000,18.120001,17.160000,17.160000,15.715262,997700
2021-12-02,17.270000,18.059999,17.270000,17.900000,16.392958,1151100
2021-12-03,17.959999,18.100000,17.750000,17.870001,16.365484,1099200
2021-12-06,18.219999,18.770000,18.139999,18.660000,17.088974,980800
2021-12-07,18.750000,18.889999,18.280001,18.650000,17.079811,819000
2021-12-08,18.670000,18.950001,18.590000,18.860001,17.272137,874000
2021-12-09,18.690001,18.750000,18.459999,18.600000,17.034025,702200
2021-12-10,18.709999,18.709999,18.400000,18.680000,17.107288,1043000
2021-12-13,18.639999,18.719999,18.250000,18.660000,17.088974,1760600
2021-12-14,18.650000,18.870001,18.510000,18.580000,17.015711,1756700
2021-12-15,18.620001,19.000000,18.450001,18.990000,17.391186,1703100
2021-12-16,18.930000,19.000000,18.629999,18.690001,17.216171,1308500
2021-12-17,18.559999,18.930000,18.559999,18.580000,17.114847,3309400
2021-12-20,18.379999,18.480000,18.080000,18.450001,16.995094,1125100
2021-12-21,18.549999,19.030001,18.549999,18.969999,17.474091,961500
2021-12-22,18.940001,19.040001,18.840000,18.930000,17.501829,860500
2021-12-23,19.000000,19.049999,18.770000,18.870001,17.446354,527800
2021-12-27,18.850000,19.139999,18.740000,19.129999,17.686737,514200
2021-12-28,19.049999,19.240000,19.040001,19.170000,17.723722,524400
2021-12-29,19.209999,19.290001,19.030001,19.260000,17.806932,402500
2021-12-30,19.290001,19.740000,19.180000,19.570000,18.093544,1381800
2021-12-31,19.590000,19.799999,19.580000,19.600000,18.121279,720500
2022-01-03,19.629999,19.930000,19.520000,19.760000,18.269211,775900
2022-01-04,19.830000,20.090000,19.799999,19.860001,18.361668,1208500
2022-01-05,19.950001,20.080000,19.549999,19.570000,18.093544,1294300
2022-01-06,19.639999,19.770000,19.480000,19.570000,18.093544,1305500
2022-01-07,19.540001,19.690001,19.450001,19.549999,18.075052,802200
2022-01-10,19.459999,19.650000,19.370001,19.490000,18.019579,967100
2022-01-11,19.450001,19.549999,19.190001,19.490000,18.019579,1031500
2022-01-12,19.440001,19.549999,19.350000,19.379999,17.917877,888000
2022-01-13,19.440001,19.770000,19.440001,19.620001,18.139772,1093500
2022-01-14,19.469999,19.600000,19.190001,19.469999,18.001083,1083300
2022-01-18,19.379999,19.420000,19.129999,19.180000,17.732967,1035500
2022-01-19,19.170000,19.330000,18.760000,18.780001,17.363144,864500
2022-01-20,18.190001,18.920000,18.190001,18.450001,17.058043,1067900
2022-01-21,18.379999,18.590000,18.170000,18.209999,16.836147,1006700
2022-01-24,17.920000,18.139999,17.350000,18.100000,16.734447,1481900
2022-01-25,17.920000,18.250000,17.600000,18.100000,16.734447,948600
2022-01-26,18.250000,18.660000,17.920000,18.150000,16.780676,874100
2022-01-27,18.200001,18.559999,17.940001,18.080000,16.715956,998700
2022-01-28,18.110001,18.500000,17.870001,18.500000,17.104269,1123000
2022-01-31,18.320000,18.530001,18.139999,18.530001,17.132008,1096600
2022-02-01,18.270000,18.620001,18.209999,18.450001,17.058043,881100
2022-02-02,18.440001,18.650000,17.799999,18.559999,17.159744,760600
2022-02-03,18.500000,18.650000,18.219999,18.219999,16.845396,594600
2022-02-04,18.110001,18.650000,17.799999,18.150000,16.780676,835500
2022-02-07,18.230000,18.340000,18.049999,18.139999,16.771431,582200
2022-02-08,18.129999,18.480000,18.129999,18.219999,16.845396,460200
2022-02-09,18.309999,18.580000,18.309999,18.500000,17.104269,1128400
2022-02-10,18.299999,18.850000,18.230000,18.440001,17.048796,1031500
2022-02-11,18.490000,18.740000,18.170000,18.340000,16.956343,1798800
2022-02-14,18.420000,18.450001,17.719999,17.879999,16.531046,2220700
2022-02-15,18.000000,18.309999,17.910000,18.250000,16.873135,1098800
2022-02-16,18.260000,18.770000,18.180000,18.650000,17.242952,1720400
2022-02-17,18.809999,18.850000,18.160000,18.320000,16.937851,896400
2022-02-18,18.200001,18.280001,17.969999,17.969999,16.614254,2406900
2022-02-22,17.879999,18.000000,17.610001,17.760000,16.420099,1156800
2022-02-23,17.969999,18.180000,17.700001,17.719999,16.383116,1155400
2022-02-24,17.320000,17.950001,17.250000,17.870001,16.521803,1242100
2022-02-25,18.000000,18.360001,17.920000,18.309999,16.928604,1550000
2022-02-28,18.110001,18.400000,17.980000,18.160000,16.789923,1437700
2022-03-01,18.150000,18.219999,17.559999,17.959999,16.605009,1338000
2022-03-02,18.059999,18.450001,17.959999,18.290001,16.910116,1203300
2022-03-03,18.400000,18.610001,18.270000,18.570000,17.168989,865200
2022-03-04,18.430000,18.559999,18.020000,18.440001,17.048796,1265000
2022-03-07,18.320000,18.350000,18.040001,18.049999,16.688219,965500
2022-03-08,18.049999,18.420000,17.969999,18.100000,16.734447,1564700
2022-03-09,18.379999,18.680000,18.270000,18.400000,17.011814,1054800
2022-03-10,18.180000,18.780001,18.129999,18.750000,17.335407,1448400
2022-03-11,18.830000,19.040001,18.690001,18.700001,17.289183,1406600
2022-03-14,18.850000,18.889999,18.389999,18.469999,17.076532,1045900
2022-03-15,18.650000,18.780001,18.459999,18.709999,17.298424,1195700
2022-03-16,18.879999,19.000000,18.490000,18.900000,17.474092,1319400
2022-03-17,18.690001,18.980000,18.570000,18.950001,17.641666,796600
2022-03-18,18.920000,19.129999,18.760000,19.129999,17.809233,1290000
2022-03-21,19.139999,19.170000,18.790001,18.889999,17.585808,988500
2022-03-22,18.990000,19.219999,18.959999,19.090000,17.771997,961400
2022-03-23,19.090000,19.090000,18.700001,18.750000,17.455473,538300
2022-03-24,18.780001,18.860001,18.610001,18.740000,17.446163,844400
2022-03-25,18.750000,19.040001,18.750000,19.020000,17.706831,541900
2022-03-28,19.040001,19.209999,18.879999,19.059999,17.744070,544500
2022-03-29,19.209999,19.809999,19.209999,19.770000,18.405052,1696100
2022-03-30,19.770000,19.809999,19.430000,19.520000,18.172310,841900
2022-03-31,19.500000,19.709999,19.370001,19.389999,18.051289,1180000
2022-04-01,19.410000,19.700001,19.370001,19.590000,18.237476,879500
2022-04-04,19.559999,19.600000,19.200001,19.540001,18.190931,1109500
2022-04-05,19.420000,19.730000,19.160000,19.219999,17.893023,942100
2022-04-06,19.160000,19.370001,19.040001,19.240000,17.911642,1119200
2022-04-07,19.240000,19.240000,18.760000,18.990000,17.678904,1211900
2022-04-08,19.049999,19.290001,19.010000,19.150000,17.827856,1288700
2022-04-11,19.110001,19.370001,19.100000,19.129999,17.809233,982400
2022-04-12,19.290001,19.540001,19.120001,19.389999,18.051289,1178400
2022-04-13,19.469999,19.889999,19.320000,19.549999,18.200241,808300
2022-04-14,19.610001,19.830000,19.459999,19.459999,18.116455,635700
2022-04-18,19.410000,19.590000,19.240000,19.340000,18.004740,678800
2022-04-19,19.400000,19.700001,19.400000,19.520000,18.172310,752700
2022-04-20,19.660000,19.809999,19.629999,19.750000,18.386429,721500
2022-04-21,19.930000,20.000000,19.549999,19.590000,18.237476,898700
2022-04-22,19.459999,19.670000,19.330000,19.540001,18.190931,1399700
2022-04-25,19.430000,19.620001,19.100000,19.590000,18.237476,1123800
2022-04-26,19.809999,20.000000,19.469999,19.480000,18.135075,1257400
2022-04-27,19.330000,19.690001,19.230000,19.320000,17.986120,1599800
2022-04-28,19.379999,19.620001,19.170000,19.570000,18.218859,949500
2022-04-29,19.469999,19.629999,18.610001,18.629999,17.343758,2740800
2022-05-02,18.700001,18.930000,17.910000,18.260000,16.999306,2792100
2022-05-03,18.330000,18.709999,18.139999,18.570000,17.287899,1272600
2022-05-04,18.570000,18.930000,18.379999,18.879999,17.576496,1181100
2022-05-05,18.799999,19.510000,18.040001,18.280001,17.017921,1604400
2022-05-06,18.129999,18.490000,17.799999,18.049999,16.803801,1015900
2022-05-09,17.870001,17.889999,17.299999,17.360001,16.161440,1624600
2022-05-10,17.469999,17.760000,17.040001,17.129999,15.947321,1595800
2022-05-11,17.270000,17.540001,16.790001,16.840000,15.677341,1566400
2022-05-12,16.790001,17.350000,16.709999,17.340000,16.142820,2482700
2022-05-13,17.510000,17.930000,17.309999,17.860001,16.626919,2052500
2022-05-16,17.790001,18.000000,17.709999,17.889999,16.654848,1247000
2022-05-17,18.120001,18.469999,17.860001,18.400000,17.129637,1433600
2022-05-18,18.200001,18.370001,17.690001,17.809999,16.580372,1386900
2022-05-19,17.670000,17.850000,17.110001,17.170000,15.984558,1855500
2022-05-20,17.309999,17.400000,16.520000,16.870001,15.705272,1340500
2022-05-23,17.080000,17.160000,16.730000,17.010000,15.835606,1263700
2022-05-24,16.889999,17.480000,16.700001,17.459999,16.254536,1787900
2022-05-25,17.440001,17.650000,17.059999,17.520000,16.310392,1415400
2022-05-26,17.570000,17.930000,17.570000,17.820000,16.589684,875000
2022-05-27,17.920000,18.360001,17.820000,18.280001,17.017921,1014600
2022-05-31,18.139999,18.260000,17.930000,18.070000,16.822420,1142500
2022-06-01,18.190001,18.190001,17.450001,17.760000,16.533825,736300
2022-06-02,17.719999,18.180000,17.350000,18.040001,16.794495,1372600
2022-06-03,17.959999,18.010000,17.730000,17.790001,16.561754,985900
2022-06-06,17.950001,17.980000,17.520000,17.580000,16.366253,916100
2022-06-07,17.549999,17.870001,17.350000,17.850000,16.617609,656600
2022-06-08,17.639999,17.760000,17.469999,17.559999,16.347631,952100
2022-06-09,17.610001,17.610001,16.830000,16.850000,15.686652,874900
2022-06-10,16.600000,16.740000,16.450001,16.559999,15.416674,931500
2022-06-13,16.160000,16.200001,15.520000,15.590000,14.513644,843700
2022-06-14,15.570000,15.700000,15.260000,15.440000,14.374000,920100
2022-06-15,15.600000,16.010000,15.500000,15.710000,14.625360,1071700
2022-06-16,15.330000,15.390000,15.070000,15.210000,14.278028,1035000
2022-06-17,15.340000,15.730000,15.290000,15.380000,14.437613,1816200
2022-06-21,15.530000,16.240000,15.460000,15.580000,14.625359,1005500
2022-06-22,15.390000,15.900000,15.390000,15.710000,14.747394,1173600
2022-06-23,15.730000,15.970000,15.690000,15.940000,14.963302,1552900
2022-06-24,16.049999,16.469999,16.049999,16.400000,15.395114,1759000
2022-06-27,16.440001,16.610001,16.230000,16.420000,15.413888,1048500
2022-06-28,16.530001,16.799999,16.260000,16.280001,15.282467,894500
2022-06-29,16.209999,16.260000,16.000000,16.100000,15.113498,870200
2022-06-30,15.790000,16.080000,15.550000,15.780000,14.813104,1550300
2022-07-01,15.730000,16.190001,15.680000,16.150000,15.160433,1920200
2022-07-05,15.870000,16.030001,15.620000,16.030001,15.047788,1227600
2022-07-06,16.059999,16.209999,15.830000,15.930000,14.953913,1101800
2022-07-07,16.070000,16.150000,15.710000,15.880000,14.906977,956500
2022-07-08,15.890000,16.010000,15.660000,15.730000,14.766168,677600
2022-07-11,15.650000,15.820000,15.530000,15.620000,14.662908,565300
2022-07-12,15.520000,15.990000,15.520000,15.900000,14.925752,869400
2022-07-13,15.710000,15.850000,15.610000,15.650000,14.691068,729700
2022-07-14,15.320000,15.610000,15.320000,15.540000,14.587808,417900
2022-07-15,15.880000,15.880000,15.570000,15.810000,14.841266,591900
2022-07-18,15.950000,16.049999,15.830000,15.950000,14.972688,709400
2022-07-19,16.180000,16.459999,16.180000,16.410000,15.404503,692100
2022-07-20,16.320000,16.719999,16.250000,16.629999,15.611022,862900
2022-07-21,16.490000,16.490000,16.200001,16.459999,15.451437,571300
2022-07-22,16.570000,16.670000,16.370001,16.450001,15.442052,703300
2022-07-25,16.540001,16.600000,16.400000,16.570000,15.554699,601400
2022-07-26,16.540001,16.680000,16.350000,16.510000,15.498376,707000
2022-07-27,16.690001,17.020000,16.500000,16.940001,15.902028,1041800
2022-07-28,17.030001,17.350000,16.809999,17.270000,16.211809,765500
2022-07-29,17.230000,17.590000,17.190001,17.459999,16.390163,848800
2022-08-01,17.290001,17.459999,17.139999,17.309999,16.249355,691000
2022-08-02,17.240000,17.330000,17.020000,17.020000,15.977124,661100
2022-08-03,17.070000,17.450001,17.030001,17.150000,16.099157,741500
2022-08-04,17.090000,17.219999,17.040001,17.110001,16.061611,418700
2022-08-05,17.000000,17.209999,16.969999,17.180000,16.127321,463200
2022-08-08,17.299999,17.549999,17.070000,17.350000,16.286905,613500
2022-08-09,17.330000,17.379999,17.150000,17.370001,16.305679,796500
2022-08-10,17.639999,17.790001,17.580000,17.709999,16.624844,540300
2022-08-11,17.840000,18.020000,17.799999,17.959999,16.859526,828000
2022-08-12,18.090000,18.280001,18.020000,18.270000,17.150532,794200
2022-08-15,18.219999,18.360001,18.139999,18.340000,17.216242,547600
2022-08-16,18.350000,18.500000,18.280001,18.430000,17.300730,725100
2022-08-17,18.219999,18.290001,18.059999,18.150000,17.037888,541700
2022-08-18,18.250000,18.299999,18.090000,18.170000,17.056660,401400
2022-08-19,18.090000,18.780001,17.830000,17.900000,16.803204,553200
2022-08-22,17.750000,17.750000,17.360001,17.440001,16.371393,572500
2022-08-23,17.490000,17.600000,17.290001,17.340000,16.277517,725900
2022-08-24,17.309999,17.549999,17.190001,17.389999,16.324455,416800
2022-08-25,17.389999,17.690001,17.360001,17.690001,16.606071,400800
2022-08-26,17.730000,17.840000,17.250000,17.330000,16.268129,595900
2022-08-29,17.270000,17.299999,17.040001,17.170000,16.117933,474500
2022-08-30,17.180000,17.270000,17.040001,17.080000,16.033447,506000
2022-08-31,17.180000,17.450001,16.750000,16.750000,15.723669,757300
2022-09-01,16.620001,16.850000,16.530001,16.780001,15.751832,1100800
2022-09-02,16.930000,17.030001,16.580000,16.620001,15.601636,836100
2022-09-06,16.730000,16.799999,16.530001,16.770000,15.742442,529600
2022-09-07,16.780001,17.129999,16.780001,17.090000,16.042835,491100
2022-09-08,16.969999,17.180000,16.840000,17.000000,15.958352,464100
2022-09-09,17.120001,17.290001,17.020000,17.209999,16.155483,537100
2022-09-12,17.270000,17.500000,17.200001,17.270000,16.211809,867200
2022-09-13,16.969999,17.000000,16.040001,16.230000,15.235531,2415000
2022-09-14,16.190001,16.190001,15.690000,15.900000,14.925752,1574600
2022-09-15,15.750000,15.980000,15.630000,15.680000,14.859414,1230900
2022-09-16,15.560000,16.049999,15.410000,16.030001,15.191100,2699000
2022-09-19,15.770000,16.110001,15.770000,16.110001,15.266912,1303000
2022-09-20,15.910000,15.930000,15.480000,15.550000,14.736218,1816500
2022-09-21,15.610000,15.780000,15.250000,15.260000,14.461396,910600
2022-09-22,15.220000,15.220000,14.580000,14.660000,13.892795,1211700
2022-09-23,14.460000,14.510000,14.250000,14.470000,13.712738,1042700
2022-09-26,14.410000,14.410000,13.710000,13.890000,13.163091,1063300
2022-09-27,13.910000,14.020000,13.680000,13.760000,13.039895,1002500
2022-09-28,13.920000,14.170000,13.730000,14.090000,13.352625,904300
2022-09-29,13.910000,13.910000,13.350000,13.530000,12.821932,1230700
2022-09-30,13.630000,13.900000,13.520000,13.760000,13.039895,1264000
2022-10-03,13.970000,14.080000,13.690000,13.970000,13.238906,1025200
2022-10-04,14.100000,14.440000,14.080000,14.430000,13.674832,790300
2022-10-05,14.140000,14.210000,13.870000,14.090000,13.352625,1357600
2022-10-06,14.060000,14.090000,13.750000,13.770000,13.049372,1531400
2022-10-07,13.650000,13.760000,13.470000,13.580000,12.869315,2401500
2022-10-10,13.690000,13.750000,13.470000,13.600000,12.888268,1105700
2022-10-11,13.560000,13.830000,13.440000,13.750000,13.030417,1474600
2022-10-12,13.750000,13.850000,13.550000,13.770000,13.049372,778600
2022-10-13,13.630000,14.060000,13.350000,13.960000,13.229428,1183700
2022-10-14,14.110000,14.240000,13.600000,13.650000,12.935651,1079200
2022-10-17,13.990000,14.240000,13.800000,13.950000,13.219951,1876000
2022-10-18,14.140000,14.310000,13.920000,14.090000,13.352625,1377500
2022-10-19,13.900000,13.980000,13.510000,13.620000,12.907221,1556500
2022-10-20,13.580000,13.870000,13.580000,13.660000,12.945129,904400
2022-10-21,13.730000,13.960000,13.570000,13.910000,13.182044,1223700
2022-10-24,14.010000,14.260000,13.900000,14.100000,13.362103,787400
2022-10-25,14.210000,14.600000,14.160000,14.530000,13.769597,1490400
2022-10-26,14.520000,14.820000,13.970000,14.320000,13.570587,875600
2022-10-27,14.630000,14.690000,14.330000,14.330000,13.580064,1053600
2022-10-28,14.300000,14.470000,14.200000,14.430000,13.674832,1006000
2022-10-31,14.310000,14.510000,14.300000,14.480000,13.722215,1069000
2022-11-01,14.630000,14.690000,14.500000,14.600000,13.835936,769500
2022-11-02,14.510000,14.630000,13.830000,14.110000,13.371578,1747700
2022-11-03,13.980000,14.080000,13.640000,13.990000,13.257857,2065700
2022-11-04,14.080000,14.620000,14.080000,14.440000,13.684307,1139300
2022-11-07,14.500000,14.650000,14.120000,14.340000,13.589541,964400
2022-11-08,14.350000,14.450000,14.190000,14.280000,13.532681,1001400
2022-11-09,14.260000,14.510000,14.170000,14.330000,13.580064,1021500
2022-11-10,14.810000,15.480000,14.810000,15.420000,14.613022,1125400
2022-11-11,15.470000,15.570000,15.280000,15.360000,14.556162,691800
2022-11-14,15.250000,15.440000,14.920000,15.170000,14.376105,764000
2022-11-15,15.420000,15.430000,15.140000,15.270000,14.470871,695500
2022-11-16,15.190000,15.240000,14.930000,15.020000,14.233954,594900
2022-11-17,14.830000,15.010000,14.810000,14.990000,14.205525,690000
2022-11-18,15.310000,15.310000,15.000000,15.050000,14.262384,869700
2022-11-21,15.000000,15.170000,14.890000,14.970000,14.186571,1205100
2022-11-22,15.060000,15.200000,14.960000,15.090000,14.300292,620300
2022-11-23,15.080000,15.130000,14.840000,14.940000,14.158141,488400
2022-11-25,14.970000,15.040000,14.920000,14.920000,14.139189,295500
2022-11-28,14.810000,14.970000,14.480000,14.570000,13.807505,916900
2022-11-29,14.550000,15.160000,14.540000,15.140000,14.347674,731200
2022-11-30,15.060000,15.250000,14.870000,15.250000,14.451919,1060100
2022-12-01,15.380000,15.490000,15.010000,15.120000,14.328722,1038900
2022-12-02,14.980000,15.170000,14.890000,15.040000,14.252909,751700
2022-12-05,14.940000,14.980000,14.750000,14.810000,14.034945,616700
2022-12-06,14.830000,14.960000,14.750000,14.930000,14.148665,693400
2022-12-07,14.890000,15.260000,14.890000,15.200000,14.404535,1068300
2022-12-08,15.210000,15.470000,15.210000,15.440000,14.631974,983700
2022-12-09,15.330000,15.770000,15.330000,15.630000,14.812032,1723300
2022-12-12,15.620000,15.740000,15.540000,15.670000,14.849938,1246500
2022-12-13,16.110001,16.170000,15.700000,15.820000,14.992088,1837900
2022-12-14,15.530000,16.000000,15.500000,15.770000,15.087763,1569100
2022-12-15,15.660000,15.740000,15.350000,15.510000,14.839010,1627600
2022-12-16,15.120000,15.350000,14.800000,15.030000,14.379775,3927100
2022-12-19,15.010000,15.240000,14.740000,14.820000,14.178860,781400
2022-12-20,14.730000,14.960000,14.600000,14.860000,14.217131,925500
2022-12-21,15.030000,15.180000,14.850000,14.880000,14.236265,534000
2022-12-22,14.780000,14.890000,14.530000,14.850000,14.207563,703300
2022-12-23,14.850000,15.030000,14.760000,15.020000,14.370209,419000
2022-12-27,15.030000,15.180000,14.920000,15.110000,14.456314,635700
2022-12-28,15.200000,15.250000,14.820000,14.860000,14.217131,569400
2022-12-29,14.900000,15.170000,14.870000,15.120000,14.465882,677100
2022-12-30,14.980000,15.110000,14.910000,15.030000,14.379775,757600
2023-01-03,15.230000,15.360000,15.010000,15.140000,14.485017,793200
2023-01-04,14.710000,15.470000,14.680000,15.210000,14.551989,1190000
2023-01-05,15.160000,15.190000,14.930000,15.030000,14.379775,742600
2023-01-06,15.040000,15.360000,15.040000,15.280000,14.618960,575900
2023-01-09,15.140000,15.300000,14.890000,14.910000,14.264966,640500
2023-01-10,14.780000,14.800000,14.570000,14.630000,13.997081,806600
2023-01-11,14.410000,14.970000,14.410000,14.960000,14.312804,700600
2023-01-12,15.090000,15.360000,14.940000,15.300000,14.638095,786000
2023-01-13,15.180000,15.490000,15.100000,15.470000,14.800740,1081000
2023-01-17,15.490000,15.770000,15.410000,15.750000,15.068627,633100
2023-01-18,15.710000,15.860000,15.270000,15.290000,14.628528,1019400
2023-01-19,15.230000,15.310000,15.090000,15.100000,14.446749,724100
2023-01-20,15.140000,15.430000,14.940000,15.420000,14.752903,950000
2023-01-23,15.420000,15.710000,15.290000,15.590000,14.915549,826100
2023-01-24,15.590000,15.680000,15.240000,15.580000,14.905982,684100
2023-01-25,15.450000,15.680000,15.410000,15.630000,14.953819,565000
2023-01-26,15.720000,15.760000,15.560000,15.760000,15.078196,527100
2023-01-27,15.740000,15.810000,15.670000,15.750000,15.068627,1107700
2023-01-30,15.640000,15.780000,15.360000,15.370000,14.705068,644200
2023-01-31,15.400000,15.880000,15.390000,15.830000,15.145166,813900
2023-02-01,15.830000,16.090000,15.570000,15.930000,15.240841,662400
2023-02-02,16.080000,16.370001,16.000000,16.139999,15.441754,512900
2023-02-03,15.940000,16.010000,15.690000,15.820000,15.135599,592500
2023-02-06,15.660000,15.740000,15.340000,15.610000,14.934684,431800
2023-02-07,15.540000,15.710000,15.360000,15.580000,14.905982,538600
2023-02-08,15.530000,15.610000,15.260000,15.350000,14.685933,814300
2023-02-09,15.350000,15.430000,14.980000,15.040000,14.389344,810600
2023-02-10,14.990000,15.240000,14.930000,15.170000,14.513720,475800
2023-02-13,15.200000,15.440000,15.180000,15.400000,14.733768,605400
2023-02-14,15.350000,15.430000,15.140000,15.290000,14.628528,1489100
2023-02-15,15.170000,15.260000,15.120000,15.210000,14.551989,1202100
2023-02-16,14.620000,14.880000,14.170000,14.730000,14.092753,1867200
2023-02-17,14.920000,14.930000,14.460000,14.650000,14.016215,1129600
2023-02-21,14.500000,14.620000,14.230000,14.280000,13.662222,1100700
2023-02-22,14.270000,14.420000,14.160000,14.230000,13.614386,976800
2023-02-23,14.250000,14.370000,14.110000,14.290000,13.671789,566700
2023-02-24,14.120000,14.250000,14.040000,14.230000,13.614386,798200
2023-02-27,14.410000,14.500000,14.180000,14.280000,13.662222,754300
2023-02-28,14.250000,14.440000,14.230000,14.230000,13.614386,1535200
2023-03-01,14.180000,14.250000,13.960000,14.230000,13.614386,734000
2023-03-02,14.120000,14.240000,14.070000,14.230000,13.614386,513000
2023-03-03,14.340000,14.340000,14.160000,14.310000,13.690924,798700
2023-03-06,14.360000,14.520000,14.080000,14.160000,13.547414,799400
2023-03-07,14.170000,14.170000,13.710000,13.840000,13.241257,914500
2023-03-08,13.870000,14.010000,13.720000,13.990000,13.384768,676400
2023-03-09,14.020000,14.030000,13.730000,13.750000,13.155150,912100
2023-03-10,13.690000,13.690000,13.020000,13.090000,12.523703,1194200
2023-03-13,12.990000,13.250000,12.870000,13.110000,12.542837,1005800
2023-03-14,13.480000,13.580000,13.260000,13.450000,12.868129,1249200
2023-03-15,13.130000,13.280000,12.940000,13.160000,12.590675,1444200
2023-03-16,12.870000,13.050000,12.500000,12.870000,12.455188,1617500
2023-03-17,12.820000,12.900000,12.540000,12.630000,12.222924,3313200
2023-03-20,12.780000,12.990000,12.700000,12.890000,12.474544,1273300
2023-03-21,12.990000,13.170000,12.880000,13.020000,12.600354,2648800
2023-03-22,12.880000,13.030000,12.520000,12.520000,12.116469,1216700
2023-03-23,12.540000,12.790000,12.480000,12.580000,12.174534,1338900
2023-03-24,12.520000,13.110000,12.430000,13.110000,12.687451,1369400
2023-03-27,13.260000,13.370000,13.200000,13.240000,12.813262,1421900
2023-03-28,13.110000,13.380000,13.060000,13.370000,12.939073,1273700
2023-03-29,13.520000,13.610000,13.270000,13.420000,12.987460,1319000
2023-03-30,13.560000,13.670000,13.350000,13.450000,13.016494,1187200
2023-03-31,13.540000,14.010000,13.540000,13.960000,13.510056,1464600
2023-04-03,13.900000,14.090000,13.620000,13.710000,13.268114,1266200
2023-04-04,13.740000,13.840000,13.400000,13.550000,13.113271,902600
2023-04-05,13.480000,13.530000,13.320000,13.370000,12.939073,679500
2023-04-06,13.460000,13.510000,13.270000,13.490000,13.055204,840400
2023-04-10,13.440000,13.520000,13.180000,13.400000,12.968105,684200
2023-04-11,13.400000,13.670000,13.310000,13.450000,13.016494,1652600
2023-04-12,13.520000,13.550000,13.230000,13.260000,12.832618,1121700
2023-04-13,13.270000,13.320000,13.030000,13.100000,12.677775,1138000
2023-04-14,13.100000,13.300000,12.850000,12.980000,12.561642,706000
2023-04-17,12.990000,13.220000,12.990000,13.190000,12.764874,1217800
2023-04-18,13.190000,13.240000,13.020000,13.160000,12.735841,1331600
2023-04-19,13.070000,13.300000,12.940000,13.220000,12.793906,1156100
2023-04-20,13.160000,13.220000,13.040000,13.140000,12.716486,687000
2023-04-21,13.140000,13.160000,13.000000,13.150000,12.726163,526800
2023-04-24,13.180000,13.200000,12.920000,13.040000,12.619708,655400
2023-04-25,12.940000,13.070000,12.880000,13.010000,12.590676,1144300
2023-04-26,12.690000,12.910000,12.490000,12.620000,12.213245,1500100
2023-04-27,12.680000,12.820000,12.520000,12.770000,12.358411,1935700
2023-04-28,12.770000,13.050000,12.770000,13.030000,12.610030,1925700
2023-05-01,12.960000,13.070000,12.840000,12.850000,12.435833,1093000
2023-05-02,12.800000,12.810000,12.400000,12.570000,12.164857,1381300
2023-05-03,12.630000,13.020000,12.560000,12.730000,12.319699,1409600
2023-05-04,12.650000,12.880000,12.470000,12.860000,12.445509,1783200
2023-05-05,13.000000,13.160000,12.850000,13.010000,12.590676,906300
2023-05-08,12.990000,12.990000,12.710000,12.850000,12.435833,667900
2023-05-09,12.790000,12.790000,12.480000,12.660000,12.251956,1073700
2023-05-10,12.830000,12.870000,12.520000,12.640000,12.232600,928600
2023-05-11,12.550000,12.580000,12.430000,12.450000,12.048724,586400
2023-05-12,12.470000,12.540000,12.320000,12.400000,12.000336,1090400
2023-05-15,12.410000,12.590000,12.360000,12.510000,12.106791,1366600
2023-05-16,12.510000,12.510000,12.050000,12.060000,11.671295,1253400
2023-05-17,12.140000,12.420000,12.000000,12.400000,12.000336,1433300
2023-05-18,12.360000,12.540000,12.310000,12.440000,12.039047,947200
2023-05-19,12.580000,12.580000,12.280000,12.350000,11.951948,476500
2023-05-22,12.420000,12.550000,12.220000,12.510000,12.106791,1242400
2023-05-23,12.540000,12.750000,12.440000,12.490000,12.087436,1082100
2023-05-24,12.550000,12.550000,12.250000,12.320000,11.922915,800800
2023-05-25,12.230000,12.340000,11.970000,12.070000,11.680972,881900
2023-05-26,12.070000,12.210000,11.980000,12.210000,11.816461,537600
2023-05-30,12.220000,12.300000,12.090000,12.110000,11.719683,786900
2023-05-31,12.120000,12.320000,12.050000,12.200000,11.806782,1402800
2023-06-01,12.260000,12.320000,12.030000,12.160000,11.768072,1212500
2023-06-02,12.360000,12.690000,12.360000,12.660000,12.251956,738600
2023-06-05,12.690000,13.050000,12.670000,12.870000,12.455188,1856600
2023-06-06,12.870000,13.300000,12.830000,13.160000,12.735841,1457200
2023-06-07,13.280000,13.850000,13.280000,13.780000,13.335857,1694600
2023-06-08,13.800000,13.810000,13.370000,13.540000,13.103593,1100600
2023-06-09,13.490000,13.880000,13.410000,13.490000,13.055204,580800
2023-06-12,13.450000,13.560000,13.360000,13.420000,12.987460,692800
2023-06-13,13.410000,13.570000,13.310000,13.390000,12.958428,719900
2023-06-14,13.480000,13.590000,13.330000,13.450000,13.016494,746500
2023-06-15,13.240000,13.420000,13.130000,13.370000,13.085002,1083100
2023-06-16,13.490000,13.630000,13.320000,13.590000,13.300313,2726700
2023-06-20,13.570000,13.570000,13.260000,13.420000,13.133936,665800
2023-06-21,13.360000,13.380000,13.190000,13.280000,12.996921,1105900
2023-06-22,13.290000,13.310000,13.010000,13.160000,12.879478,930500
2023-06-23,13.060000,13.120000,12.770000,12.940000,12.664167,2015300
2023-06-26,12.910000,13.260000,12.900000,13.210000,12.928413,1051800
2023-06-27,13.250000,13.360000,13.130000,13.330000,13.045855,893500
2023-06-28,13.330000,13.340000,13.180000,13.230000,12.947986,525000
2023-06-29,13.200000,13.540000,13.150000,13.520000,13.231806,595400
2023-06-30,13.600000,13.690000,13.360000,13.510000,13.222018,1118300
2023-07-03,13.510000,13.730000,13.460000,13.650000,13.359034,357300
2023-07-05,13.570000,13.690000,13.470000,13.530000,13.241591,940500
2023-07-06,13.360000,13.510000,13.180000,13.480000,13.192657,606600
2023-07-07,13.480000,13.720000,13.450000,13.510000,13.222018,1250100
2023-07-10,13.470000,13.620000,13.440000,13.590000,13.300313,425400
2023-07-11,13.650000,13.870000,13.580000,13.810000,13.515623,2085400
2023-07-12,13.900000,14.080000,13.840000,13.910000,13.613492,1134000
2023-07-13,13.920000,14.030000,13.800000,13.880000,13.584131,818200
2023-07-14,13.830000,13.890000,13.750000,13.870000,13.574344,646900
2023-07-17,13.830000,14.070000,13.780000,14.010000,13.711360,947000
2023-07-18,14.050000,14.130000,13.920000,14.050000,13.750506,807700
2023-07-19,14.130000,14.320000,14.070000,14.320000,14.014751,550000
2023-07-20,14.330000,14.480000,14.220000,14.470000,14.161554,655500
2023-07-21,14.510000,14.590000,14.400000,14.430000,14.122408,871200
2023-07-24,14.430000,14.600000,14.400000,14.550000,14.239849,925000
2023-07-25,14.450000,14.590000,14.360000,14.400000,14.093046,1045200
2023-07-26,14.590000,14.720000,14.360000,14.680000,14.367079,1311600
2023-07-27,14.690000,14.940000,14.470000,14.510000,14.200702,1605800
2023-07-28,14.560000,14.750000,14.560000,14.670000,14.357291,1267300
2023-07-31,14.670000,14.890000,14.660000,14.730000,14.416012,1261400
2023-08-01,14.690000,14.780000,14.460000,14.740000,14.425799,965300
2023-08-02,14.670000,15.050000,14.610000,15.050000,14.729191,1071400
2023-08-03,14.990000,15.050000,14.840000,14.980000,14.660683,1028700
2023-08-04,14.990000,15.170000,14.780000,14.820000,14.504093,1101000
2023-08-07,14.890000,15.010000,14.800000,14.910000,14.592175,629800
2023-08-08,14.730000,14.810000,14.540000,14.580000,14.269209,930700
2023-08-09,14.590000,14.850000,14.490000,14.760000,14.445373,703100
2023-08-10,14.810000,14.900000,14.580000,14.640000,14.327930,667800
2023-08-11,14.640000,14.730000,14.560000,14.680000,14.367079,655400
2023-08-14,14.650000,14.650000,14.320000,14.380000,14.073473,698900
2023-08-15,14.280000,14.280000,14.060000,14.100000,13.799442,820800
2023-08-16,14.110000,14.180000,13.770000,13.770000,13.476477,951900
2023-08-17,13.780000,13.830000,13.450000,13.460000,13.173084,1191300
2023-08-18,13.380000,13.510000,13.340000,13.420000,13.133936,1431600
2023-08-21,13.360000,13.380000,13.070000,13.110000,12.830544,1246800
2023-08-22,13.130000,13.200000,12.990000,13.010000,12.732677,679600
2023-08-23,13.040000,13.190000,12.990000,13.190000,12.908838,685200
2023-08-24,13.170000,13.450000,13.160000,13.260000,12.977347,869800
2023-08-25,13.280000,13.410000,13.030000,13.070000,12.791397,1892200
2023-08-28,13.110000,13.370000,13.100000,13.170000,12.889265,1455800
2023-08-29,13.220000,13.310000,13.070000,13.300000,13.016495,1083900
2023-08-30,13.300000,13.480000,13.220000,13.470000,13.182871,916100
2023-08-31,13.460000,13.520000,13.320000,13.460000,13.173084,1370800
2023-09-01,13.510000,13.580000,13.360000,13.390000,13.104576,837000
2023-09-05,13.540000,14.390000,13.150000,13.350000,13.065429,1079100
2023-09-06,13.370000,13.520000,13.260000,13.510000,13.222018,820600
2023-09-07,13.500000,13.610000,13.390000,13.540000,13.251378,950700
2023-09-08,13.600000,13.660000,13.450000,13.460000,13.173084,943300
2023-09-11,13.530000,13.600000,13.320000,13.360000,13.075214,765300
2023-09-12,13.360000,13.820000,13.300000,13.800000,13.505836,1615100
2023-09-13,13.830000,13.880000,13.690000,13.850000,13.554771,1738300
2023-09-14,13.860000,14.350000,13.790000,14.230000,14.079152,1679700
2023-09-15,14.270000,14.270000,13.880000,13.900000,13.752650,3164400
2023-09-18,13.890000,13.920000,13.520000,13.520000,13.376679,1105800
2023-09-19,13.520000,13.650000,13.490000,13.580000,13.436043,849500
2023-09-20,13.560000,14.000000,13.350000,13.350000,13.208481,1079600
2023-09-21,13.290000,13.340000,13.030000,13.030000,12.891872,631300
2023-09-22,13.010000,13.130000,12.810000,12.820000,12.684099,942400
2023-09-25,12.750000,12.910000,12.670000,12.840000,12.703887,1196500
2023-09-26,12.760000,12.810000,12.410000,12.430000,12.298234,1184800
2023-09-27,12.510000,12.690000,12.280000,12.350000,12.219082,1072100
2023-09-28,12.390000,12.540000,12.360000,12.410000,12.278445,972500
2023-09-29,12.550000,12.640000,12.320000,12.380000,12.248764,1394100
2023-10-02,12.310000,12.370000,11.940000,12.000000,11.872791,1060400
2023-10-03,11.910000,11.950000,11.510000,11.640000,11.516608,1979100
2023-10-04,11.670000,11.770000,11.530000,11.700000,11.575972,1677500
2023-10-05,11.690000,11.780000,11.590000,11.640000,11.516608,1146100
2023-10-06,11.560000,11.620000,11.340000,11.570000,11.447350,1113100
2023-10-09,11.550000,11.850000,11.550000,11.680000,11.556184,1168900
2023-10-10,11.650000,11.980000,11.640000,11.870000,11.744170,701500
2023-10-11,11.910000,12.150000,11.910000,12.150000,12.021201,748100
2023-10-12,12.090000,12.120000,11.900000,11.930000,11.803535,1148000
2023-10-13,12.000000,12.090000,11.650000,11.750000,11.625442,1048500
2023-10-16,11.860000,12.130000,11.830000,12.010000,11.882686,1353200
2023-10-17,11.900000,12.290000,11.900000,12.240000,12.110248,1038900
2023-10-18,12.140000,12.150000,11.940000,12.030000,11.902473,897000
2023-10-19,11.950000,12.270000,11.870000,11.880000,11.754064,1598200
2023-10-20,11.930000,12.040000,11.780000,11.800000,11.674912,833700
2023-10-23,11.690000,11.860000,11.650000,11.700000,11.575972,760700
2023-10-24,11.800000,11.870000,11.600000,11.730000,11.605654,1226200
2023-10-25,11.500000,11.620000,11.220000,11.230000,11.110954,1814400
2023-10-26,11.250000,11.570000,11.250000,11.400000,11.279152,1928000
2023-10-27,11.500000,11.500000,10.990000,11.080000,10.962544,1406200
2023-10-30,11.200000,11.300000,11.060000,11.280000,11.160424,981900
2023-10-31,11.330000,11.750000,11.240000,11.740000,11.615548,1291000
2023-11-01,11.710000,11.870000,11.630000,11.870000,11.744170,1435500
2023-11-02,12.130000,12.370000,11.980000,12.360000,12.228975,1893300
2023-11-03,12.630000,12.910000,12.630000,12.810000,12.674206,1637200
2023-11-06,12.630000,12.710000,12.470000,12.570000,12.436749,2515900
2023-11-07,12.510000,12.520000,12.240000,12.290000,12.159718,848400
2023-11-08,12.310000,12.340000,12.170000,12.270000,12.139930,1073200
2023-11-09,12.370000,12.370000,11.900000,11.900000,11.773851,661200
2023-11-10,12.020000,12.070000,11.880000,12.020000,11.892580,1381300
2023-11-13,11.930000,12.030000,11.800000,11.810000,11.684806,993900
2023-11-14,12.330000,12.920000,12.290000,12.660000,12.525795,1175500
2023-11-15,12.600000,12.760000,12.430000,12.460000,12.327915,1112500
2023-11-16,12.430000,12.500000,12.080000,12.090000,11.961838,1258500
2023-11-17,12.320000,12.320000,12.120000,12.210000,12.080565,957400
2023-11-20,12.200000,12.240000,12.010000,12.230000,12.100353,755300
2023-11-21,12.120000,12.190000,11.920000,12.110000,11.981626,1069600
2023-11-22,12.290000,12.320000,12.150000,12.240000,12.110248,1018100
2023-11-24,12.190000,12.300000,12.080000,12.290000,12.159718,491600
2023-11-27,12.240000,12.290000,12.100000,12.250000,12.120142,1030600
2023-11-28,12.260000,12.500000,12.150000,12.470000,12.337810,1797100
2023-11-29,12.560000,12.870000,12.540000,12.780000,12.644523,2255900
2023-11-30,12.830000,12.940000,12.700000,12.870000,12.733569,1317100
2023-12-01,12.830000,13.240000,12.790000,13.150000,13.010601,1085300
2023-12-04,13.020000,13.640000,12.990000,13.620000,13.475618,1069600
2023-12-05,13.580000,13.660000,13.350000,13.460000,13.317315,1317500
2023-12-06,13.540000,13.750000,13.420000,13.450000,13.307421,1033100
2023-12-07,13.440000,13.620000,13.320000,13.520000,13.376679,1298000
2023-12-08,13.440000,13.550000,13.270000,13.420000,13.277739,658100
2023-12-11,13.420000,13.490000,13.260000,13.420000,13.277739,688600
2023-12-12,13.460000,13.520000,13.320000,13.400000,13.257951,606800
2023-12-13,13.410000,14.200000,13.360000,14.150000,14.000000,1123100
2023-12-14,14.400000,14.630000,14.240000,14.290000,14.290000,2227300
2023-12-15,14.240000,14.340000,13.990000,14.120000,14.120000,5712400